9 1 1 2015-07-14T18:27:47.793
9 2 2 2015-07-14T18:31:45.717
9 3 2 2015-07-14T18:31:45.717
7 4 3 2015-07-14T18:32:16.977
7 5 3 2015-07-14T18:32:16.977
7 6 3 2015-07-14T18:32:16.977
7 7 3 2015-07-14T18:32:16.977
10 8 4 2015-07-14T18:33:37.28
10 9 4 2015-07-14T18:33:37.28
10 10 4 2015-07-14T18:33:37.28
10 11 4 2015-07-14T18:33:37.28
9 2 5 2015-07-14T18:36:12.377
9 3 5 2015-07-14T18:36:12.377
9 12 5 2015-07-14T18:36:12.377
25 13 9 2015-07-14T19:00:41.05
25 14 9 2015-07-14T19:00:41.05
29 5 10 2015-07-14T19:01:22.993
29 8 10 2015-07-14T19:01:22.993
29 1 15 2015-07-14T19:36:17.873
29 4 15 2015-07-14T19:36:17.873
9 15 19 2015-07-14T20:13:25.14
52 5 21 2015-07-14T20:30:51.243
52 16 21 2015-07-14T20:30:51.243
52 17 21 2015-07-14T20:30:51.243
66 15 23 2015-07-14T21:40:45.613
66 18 23 2015-07-14T21:40:45.613
66 19 23 2015-07-14T21:40:45.613
63 20 29 2015-07-14T22:30:54.837
63 21 33 2015-07-14T23:12:02.523
67 22 34 2015-07-14T23:17:36.077
63 23 37 2015-07-14T23:32:09.773
63 9 39 2015-07-14T23:54:42.707
92 24 43 2015-07-15T01:13:10.99
92 25 43 2015-07-15T01:13:10.99
92 26 43 2015-07-15T01:13:10.99
36 2 47 2015-07-15T05:02:43.587
36 27 47 2015-07-15T05:02:43.587
36 28 47 2015-07-15T05:02:43.587
112 23 53 2015-07-15T07:18:23.887
112 29 53 2015-07-15T07:18:23.887
112 30 53 2015-07-15T07:18:23.887
63 9 56 2015-07-15T08:12:11.51
63 31 74 2015-07-15T11:52:09.377
18 5 79 2015-07-15T13:06:15.797
18 32 79 2015-07-15T13:06:15.797
113 1 82 2015-07-15T14:12:56.85
113 33 82 2015-07-15T14:12:56.85
63 34 85 2015-07-15T15:35:53.333
63 21 86 2015-07-15T15:45:25.38
20 5 90 2015-07-15T16:55:26.377
20 1 90 2015-07-15T16:55:26.377
118 5 92 2015-07-15T19:27:13.83
118 35 92 2015-07-15T19:27:13.83
118 5 94 2015-07-15T19:43:36.2
118 35 94 2015-07-15T19:43:36.2
63 5 97 2015-07-15T21:25:27.797
29 8 98 2015-07-15T21:26:58.633
63 15 100 2015-07-15T22:01:24.42
63 20 102 2015-07-15T23:56:26.57
95 30 103 2015-07-16T01:23:27.657
95 32 104 2015-07-16T01:25:39.517
95 29 105 2015-07-16T01:30:11.97
95 30 107 2015-07-16T01:35:26.25
95 28 110 2015-07-16T01:42:05.107
95 36 110 2015-07-16T01:42:05.107
95 37 111 2015-07-16T01:43:55.263
95 38 111 2015-07-16T01:43:55.263
95 39 112 2015-07-16T01:47:16.297
95 30 112 2015-07-16T01:47:16.297
29 5 120 2015-07-16T08:30:25.21
28 40 127 2015-07-16T12:02:12.977
28 41 127 2015-07-16T12:02:12.977
28 12 127 2015-07-16T12:02:12.977
28 42 127 2015-07-16T12:02:12.977
29 39 128 2015-07-16T12:51:01.143
70 1 136 2015-07-17T07:28:41.3
70 43 136 2015-07-17T07:28:41.3
125 5 138 2015-07-17T11:07:17.26
125 8 138 2015-07-17T11:07:17.26
53 5 140 2015-07-17T13:35:44.23
53 1 140 2015-07-17T13:35:44.23
125 5 141 2015-07-17T15:38:03.683
125 8 141 2015-07-17T15:38:03.683
53 12 143 2015-07-17T17:44:00.927
179 22 146 2015-07-17T18:51:40.617
22 5 148 2015-07-17T21:24:30.563
92 5 150 2015-07-18T00:10:33.527
92 44 150 2015-07-18T00:10:33.527
92 45 150 2015-07-18T00:10:33.527
92 46 150 2015-07-18T00:10:33.527
92 47 150 2015-07-18T00:10:33.527
29 1 154 2015-07-18T12:14:55.153
29 8 154 2015-07-18T12:14:55.153
95 5 156 2015-07-18T16:11:14.207
95 44 156 2015-07-18T16:11:14.207
95 48 156 2015-07-18T16:11:14.207
95 48 157 2015-07-18T16:22:29.703
205 5 167 2015-07-20T04:12:18.52
205 49 167 2015-07-20T04:12:18.52
205 50 167 2015-07-20T04:12:18.52
205 51 167 2015-07-20T04:12:18.52
29 39 171 2015-07-20T11:28:00.243
207 5 174 2015-07-20T18:34:40.383
210 52 176 2015-07-20T19:01:14.253
68 43 179 2015-07-21T00:04:03.27
118 8 182 2015-07-21T08:59:01.047
118 37 182 2015-07-21T08:59:01.047
22 43 185 2015-07-21T11:03:56.513
20 5 190 2015-07-21T17:13:53.017
20 8 190 2015-07-21T17:13:53.017
29 22 194 2015-07-22T22:26:37.5
29 53 194 2015-07-22T22:26:37.5
29 5 196 2015-07-22T22:39:06.093
29 39 196 2015-07-22T22:39:06.093
29 54 196 2015-07-22T22:39:06.093
29 8 199 2015-07-25T16:52:09.757
29 10 199 2015-07-25T16:52:09.757
68 39 203 2015-07-27T08:24:47.103
68 16 203 2015-07-27T08:24:47.103
22 30 204 2015-07-27T09:48:29.83
22 29 204 2015-07-27T09:48:29.83
43 12 207 2015-07-27T22:42:54.267
249 52 210 2015-07-28T04:42:12.527
257 9 214 2015-07-28T11:16:38.523
264 9 216 2015-07-28T13:35:04.413
20 10 220 2015-07-28T14:39:47.28
20 37 220 2015-07-28T14:39:47.28
284 30 224 2015-07-28T18:38:02.61
284 22 224 2015-07-28T18:38:02.61
95 8 228 2015-07-29T20:53:07.077
95 55 228 2015-07-29T20:53:07.077
95 29 229 2015-07-29T21:09:19.787
95 56 229 2015-07-29T21:09:19.787
95 57 231 2015-07-29T21:24:15.32
95 57 233 2015-07-29T21:43:53.327
118 22 243 2015-08-02T11:48:33.363
118 20 243 2015-08-02T11:48:33.363
163 5 249 2015-08-03T07:45:44.403
163 39 249 2015-08-03T07:45:44.403
68 43 251 2015-08-03T13:35:03.253
68 6 251 2015-08-03T13:35:03.253
30 48 253 2015-08-03T23:30:24.25
93 37 255 2015-08-04T10:03:20.867
93 58 255 2015-08-04T10:03:20.867
340 5 259 2015-08-07T09:47:58.677
68 5 262 2015-08-07T12:22:44.437
68 12 262 2015-08-07T12:22:44.437
68 10 262 2015-08-07T12:22:44.437
68 16 262 2015-08-07T12:22:44.437
275 43 264 2015-08-07T17:39:25.077
275 59 264 2015-08-07T17:39:25.077
275 60 264 2015-08-07T17:39:25.077
210 12 267 2015-08-08T08:51:34.417
210 61 267 2015-08-08T08:51:34.417
351 8 269 2015-08-10T16:51:59.287
351 1 269 2015-08-10T16:51:59.287
351 30 269 2015-08-10T16:51:59.287
319 5 271 2015-08-11T05:35:43.277
319 8 271 2015-08-11T05:35:43.277
319 30 271 2015-08-11T05:35:43.277
60 21 273 2015-08-11T17:45:58.12
60 17 278 2015-08-13T16:20:47.893
60 19 278 2015-08-13T16:20:47.893
29 62 279 2015-08-13T18:43:43.02
29 63 279 2015-08-13T18:43:43.02
29 64 279 2015-08-13T18:43:43.02
377 8 285 2015-08-16T14:24:53.13
377 1 285 2015-08-16T14:24:53.13
386 48 288 2015-08-19T00:39:45.07
202 5 290 2015-08-20T21:23:37.987
202 30 290 2015-08-20T21:23:37.987
202 6 290 2015-08-20T21:23:37.987
400 22 292 2015-08-22T16:10:58.603
400 48 292 2015-08-22T16:10:58.603
400 21 292 2015-08-22T16:10:58.603
405 1 293 2015-08-23T12:25:40.277
407 22 296 2015-08-24T00:15:04.267
407 52 296 2015-08-24T00:15:04.267
407 65 296 2015-08-24T00:15:04.267
409 22 299 2015-08-24T07:20:41.637
22 30 302 2015-08-24T12:16:37.663
412 37 304 2015-08-24T21:10:42.14
397 30 308 2015-08-27T07:05:58.683
397 15 308 2015-08-27T07:05:58.683
397 66 308 2015-08-27T07:05:58.683
397 30 310 2015-08-27T08:50:13.337
397 15 310 2015-08-27T08:50:13.337
63 30 314 2015-08-30T20:20:15.193
63 15 314 2015-08-30T20:20:15.193
377 8 316 2015-09-01T14:53:40.743
377 30 316 2015-09-01T14:53:40.743
377 12 316 2015-09-01T14:53:40.743
439 67 319 2015-09-01T15:03:28.19
439 68 319 2015-09-01T15:03:28.19
42 4 321 2015-09-02T08:50:52.27
42 69 321 2015-09-02T08:50:52.27
42 6 322 2015-09-02T09:03:19.68
42 2 323 2015-09-02T09:10:28.947
42 5 324 2015-09-02T09:28:11.8
42 69 324 2015-09-02T09:28:11.8
42 6 325 2015-09-02T09:39:23.36
42 70 332 2015-09-02T23:13:32.797
42 70 334 2015-09-02T23:28:18.513
42 22 335 2015-09-02T23:55:49.557
42 70 335 2015-09-02T23:55:49.557
397 5 341 2015-09-05T07:13:00.993
397 15 341 2015-09-05T07:13:00.993
397 48 341 2015-09-05T07:13:00.993
397 23 341 2015-09-05T07:13:00.993
129 30 349 2015-09-07T06:25:35.097
397 5 355 2015-09-07T18:27:40.253
397 6 355 2015-09-07T18:27:40.253
397 5 360 2015-09-09T03:49:09.907
397 8 360 2015-09-09T03:49:09.907
397 6 360 2015-09-09T03:49:09.907
476 22 364 2015-09-09T14:26:16.56
377 22 365 2015-09-09T18:56:30.943
32 37 368 2015-09-10T00:02:28.37
484 10 370 2015-09-10T19:32:37.503
494 22 373 2015-09-13T02:40:44.75
493 5 374 2015-09-13T23:10:02.583
