17 1 1 2017-08-02T19:22:36.567
27 2 2 2017-08-02T19:33:36.36
27 3 3 2017-08-02T19:34:40.673
27 4 5 2017-08-02T19:37:18.247
27 5 6 2017-08-02T19:38:21.613
27 6 7 2017-08-02T19:39:41.83
27 7 8 2017-08-02T19:43:50.62
27 8 13 2017-08-02T20:04:41.56
35 9 19 2017-08-02T20:51:25.293
27 4 21 2017-08-02T21:15:49.093
27 10 22 2017-08-02T21:16:59.597
27 6 25 2017-08-02T22:04:49
27 11 27 2017-08-02T23:43:17.5
57 12 28 2017-08-03T04:37:43.317
57 13 29 2017-08-03T04:45:50.05
57 6 31 2017-08-03T04:57:04.533
57 2 31 2017-08-03T04:57:04.533
66 1 37 2017-08-03T08:29:03.907
66 14 37 2017-08-03T08:29:03.907
66 14 38 2017-08-03T08:38:21.667
66 15 38 2017-08-03T08:38:21.667
66 7 39 2017-08-03T08:53:13.493
66 8 39 2017-08-03T08:53:13.493
66 16 39 2017-08-03T08:53:13.493
66 17 39 2017-08-03T08:53:13.493
69 1 42 2017-08-03T09:12:30.1
69 18 42 2017-08-03T09:12:30.1
69 19 42 2017-08-03T09:12:30.1
69 20 42 2017-08-03T09:12:30.1
69 21 45 2017-08-03T09:29:59.677
27 22 46 2017-08-03T10:38:05.54
27 2 47 2017-08-03T10:57:31.09
27 23 47 2017-08-03T10:57:31.09
27 22 47 2017-08-03T10:57:31.09
27 24 47 2017-08-03T10:57:31.09
27 2 48 2017-08-03T11:02:48.003
27 24 48 2017-08-03T11:02:48.003
27 25 48 2017-08-03T11:02:48.003
27 23 48 2017-08-03T11:02:48.003
83 7 51 2017-08-03T15:12:02.21
83 26 51 2017-08-03T15:12:02.21
83 27 51 2017-08-03T15:12:02.21
83 28 54 2017-08-03T15:44:49.473
83 29 54 2017-08-03T15:44:49.473
83 2 55 2017-08-03T15:51:16.187
86 2 56 2017-08-03T16:07:31.477
86 30 56 2017-08-03T16:07:31.477
91 7 62 2017-08-03T16:46:40.787
91 31 62 2017-08-03T16:46:40.787
93 29 69 2017-08-03T18:13:30.91
93 32 69 2017-08-03T18:13:30.91
93 33 69 2017-08-03T18:13:30.91
93 29 71 2017-08-03T18:30:58.94
93 30 71 2017-08-03T18:30:58.94
93 34 71 2017-08-03T18:30:58.94
69 2 75 2017-08-03T19:27:00.717
69 35 75 2017-08-03T19:27:00.717
69 5 77 2017-08-03T19:40:30.333
83 7 80 2017-08-03T20:12:30.203
100 32 81 2017-08-03T20:33:43.227
100 7 82 2017-08-03T20:38:52.157
100 36 83 2017-08-03T20:41:42.417
100 5 84 2017-08-03T20:51:32.9
100 7 85 2017-08-03T21:04:39.757
100 13 85 2017-08-03T21:04:39.757
100 37 85 2017-08-03T21:04:39.757
102 7 89 2017-08-03T22:15:40.143
102 31 89 2017-08-03T22:15:40.143
102 38 89 2017-08-03T22:15:40.143
103 36 93 2017-08-03T22:49:59.147
114 1 96 2017-08-04T13:30:43.507
114 19 96 2017-08-04T13:30:43.507
117 7 97 2017-08-04T14:26:51.147
117 39 97 2017-08-04T14:26:51.147
121 7 100 2017-08-04T16:47:21.26
121 30 100 2017-08-04T16:47:21.26
121 26 100 2017-08-04T16:47:21.26
121 27 100 2017-08-04T16:47:21.26
126 40 103 2017-08-04T20:41:32.66
126 28 104 2017-08-04T20:59:38.737
126 41 104 2017-08-04T20:59:38.737
126 42 104 2017-08-04T20:59:38.737
120 10 108 2017-08-04T22:10:57.25
129 43 111 2017-08-04T22:57:38.063
129 43 113 2017-08-05T00:06:25.86
129 44 113 2017-08-05T00:06:25.86
129 35 113 2017-08-05T00:06:25.86
131 28 115 2017-08-05T02:38:24.803
132 18 116 2017-08-05T02:48:30.503
131 7 119 2017-08-05T03:04:54.07
131 25 119 2017-08-05T03:04:54.07
149 26 123 2017-08-05T19:35:30.907
149 27 123 2017-08-05T19:35:30.907
153 1 125 2017-08-06T00:00:47.423
154 2 127 2017-08-06T00:17:47.543
154 23 127 2017-08-06T00:17:47.543
153 13 129 2017-08-06T00:27:47.197
158 17 131 2017-08-06T01:51:19.6
157 7 133 2017-08-06T02:07:08.94
157 31 133 2017-08-06T02:07:08.94
157 37 133 2017-08-06T02:07:08.94
153 1 135 2017-08-06T02:59:39.293
153 13 135 2017-08-06T02:59:39.293
132 18 137 2017-08-06T06:54:08.99
170 2 138 2017-08-06T10:06:22.97
24 31 141 2017-08-06T18:38:36.64
24 2 141 2017-08-06T18:38:36.64
186 45 142 2017-08-07T04:22:39.027
186 31 143 2017-08-07T04:23:39.24
123 46 145 2017-08-07T04:48:30.983
188 47 152 2017-08-07T06:28:50.893
191 48 153 2017-08-07T07:08:05.733
152 7 155 2017-08-07T13:30:17.543
152 48 155 2017-08-07T13:30:17.543
152 49 155 2017-08-07T13:30:17.543
152 50 155 2017-08-07T13:30:17.543
152 51 155 2017-08-07T13:30:17.543
152 42 156 2017-08-07T13:35:51.59
152 48 157 2017-08-07T13:49:37.403
152 33 157 2017-08-07T13:49:37.403
152 7 158 2017-08-07T14:04:12.69
152 52 158 2017-08-07T14:04:12.69
212 6 160 2017-08-07T14:55:09.09
212 53 160 2017-08-07T14:55:09.09
212 19 161 2017-08-07T15:00:48.387
212 54 161 2017-08-07T15:00:48.387
219 2 163 2017-08-07T15:43:17.327
219 23 163 2017-08-07T15:43:17.327
219 55 163 2017-08-07T15:43:17.327
219 1 164 2017-08-07T15:44:51.093
219 56 164 2017-08-07T15:44:51.093
219 57 164 2017-08-07T15:44:51.093
219 45 165 2017-08-07T15:49:39.863
219 58 165 2017-08-07T15:49:39.863
153 1 176 2017-08-08T00:14:05.053
153 13 176 2017-08-08T00:14:05.053
57 6 179 2017-08-08T00:25:51.977
57 53 179 2017-08-08T00:25:51.977
40 1 181 2017-08-08T03:14:25.727
40 31 181 2017-08-08T03:14:25.727
40 18 181 2017-08-08T03:14:25.727
83 38 195 2017-08-08T05:56:45.567
83 51 195 2017-08-08T05:56:45.567
248 43 196 2017-08-08T08:00:38.033
248 49 196 2017-08-08T08:00:38.033
248 50 196 2017-08-08T08:00:38.033
248 37 196 2017-08-08T08:00:38.033
248 59 196 2017-08-08T08:00:38.033
260 28 199 2017-08-08T15:35:32.197
260 58 199 2017-08-08T15:35:32.197
27 17 203 2017-08-08T18:40:47.143
248 60 205 2017-08-09T05:41:12.75
153 13 207 2017-08-09T07:05:06.703
27 18 208 2017-08-09T10:12:56.25
27 19 208 2017-08-09T10:12:56.25
27 58 208 2017-08-09T10:12:56.25
27 21 208 2017-08-09T10:12:56.25
27 20 208 2017-08-09T10:12:56.25
27 31 209 2017-08-09T10:23:57.317
27 18 209 2017-08-09T10:23:57.317
27 45 209 2017-08-09T10:23:57.317
27 58 209 2017-08-09T10:23:57.317
27 20 209 2017-08-09T10:23:57.317
27 2 210 2017-08-09T10:58:28.367
27 58 210 2017-08-09T10:58:28.367
27 2 211 2017-08-09T11:03:57.057
27 31 211 2017-08-09T11:03:57.057
27 7 212 2017-08-09T11:08:50.137
284 59 222 2017-08-09T17:08:43.67
284 61 222 2017-08-09T17:08:43.67
284 52 224 2017-08-09T17:36:58.747
284 59 224 2017-08-09T17:36:58.747
285 2 226 2017-08-10T17:06:20.74
285 28 226 2017-08-10T17:06:20.74
285 62 226 2017-08-10T17:06:20.74
285 33 226 2017-08-10T17:06:20.74
285 63 226 2017-08-10T17:06:20.74
304 2 228 2017-08-11T16:06:07.42
304 51 228 2017-08-11T16:06:07.42
304 64 228 2017-08-11T16:06:07.42
305 59 231 2017-08-11T16:46:34.867
305 40 231 2017-08-11T16:46:34.867
308 2 232 2017-08-11T19:02:34.26
308 27 232 2017-08-11T19:02:34.26
308 43 232 2017-08-11T19:02:34.26
308 2 234 2017-08-11T19:22:21.767
308 51 234 2017-08-11T19:22:21.767
311 1 243 2017-08-13T13:19:03.13
276 6 245 2017-08-13T13:42:26.107
276 64 245 2017-08-13T13:42:26.107
17 17 246 2017-08-14T14:54:21.94
102 31 247 2017-08-14T16:01:16.05
102 19 247 2017-08-14T16:01:16.05
227 7 249 2017-08-14T18:11:36.243
195 65 250 2017-08-14T20:04:42.643
195 66 250 2017-08-14T20:04:42.643
195 47 250 2017-08-14T20:04:42.643
195 11 251 2017-08-14T20:14:57.957
195 66 252 2017-08-14T20:20:58.123
323 1 254 2017-08-14T21:04:07.63
323 65 254 2017-08-14T21:04:07.63
323 67 254 2017-08-14T21:04:07.63
323 52 255 2017-08-14T21:10:23.063
113 17 259 2017-08-15T13:10:58.31
113 68 259 2017-08-15T13:10:58.31
113 68 260 2017-08-15T13:16:12.203
113 68 261 2017-08-15T13:20:12.67
113 66 261 2017-08-15T13:20:12.67
113 69 261 2017-08-15T13:20:12.67
193 52 264 2017-08-15T14:10:58.143
193 30 264 2017-08-15T14:10:58.143
193 44 264 2017-08-15T14:10:58.143
193 66 264 2017-08-15T14:10:58.143
193 70 264 2017-08-15T14:10:58.143
233 59 278 2017-08-15T19:39:25.833
233 23 278 2017-08-15T19:39:25.833
233 1 279 2017-08-15T19:53:10.29
251 28 282 2017-08-16T21:01:20.397
104 23 286 2017-08-17T15:12:33.943
104 54 286 2017-08-17T15:12:33.943
91 23 289 2017-08-18T00:07:18.23
91 59 289 2017-08-18T00:07:18.23
91 71 289 2017-08-18T00:07:18.23
91 23 290 2017-08-18T00:17:11.07
91 54 290 2017-08-18T00:17:11.07
91 19 291 2017-08-18T00:33:06.323
91 54 291 2017-08-18T00:33:06.323
312 51 292 2017-08-18T03:57:23.93
312 8 292 2017-08-18T03:57:23.93
312 72 292 2017-08-18T03:57:23.93
324 48 298 2017-08-18T17:55:28.697
83 7 299 2017-08-19T01:53:43.99
83 27 299 2017-08-19T01:53:43.99
233 7 300 2017-08-20T00:38:25.603
233 27 300 2017-08-20T00:38:25.603
131 23 307 2017-08-20T06:20:20.303
131 73 309 2017-08-20T06:44:12.773
134 48 313 2017-08-20T16:01:11.083
134 64 313 2017-08-20T16:01:11.083
122 28 315 2017-08-20T16:56:45.63
122 59 316 2017-08-20T18:52:31.537
122 61 316 2017-08-20T18:52:31.537
194 7 317 2017-08-20T20:21:59.35
194 31 317 2017-08-20T20:21:59.35
194 19 317 2017-08-20T20:21:59.35
284 23 321 2017-08-21T03:09:48.597
284 65 321 2017-08-21T03:09:48.597
284 71 321 2017-08-21T03:09:48.597
284 23 323 2017-08-21T03:26:16.24
284 65 323 2017-08-21T03:26:16.24
131 68 326 2017-08-22T01:52:49.383
131 69 326 2017-08-22T01:52:49.383
96 62 329 2017-08-22T17:35:31.197
96 33 329 2017-08-22T17:35:31.197
96 63 329 2017-08-22T17:35:31.197
113 23 340 2017-08-22T18:51:19.74
113 72 340 2017-08-22T18:51:19.74
113 23 341 2017-08-22T18:59:19.31
113 59 341 2017-08-22T18:59:19.31
194 1 348 2017-08-23T05:07:16.017
194 67 348 2017-08-23T05:07:16.017
152 7 349 2017-08-23T05:26:45.877
152 65 351 2017-08-23T20:42:07.497
152 23 352 2017-08-23T21:17:53.67
152 28 352 2017-08-23T21:17:53.67
63 2 356 2017-08-24T07:19:32.837
63 62 356 2017-08-24T07:19:32.837
63 63 356 2017-08-24T07:19:32.837
63 51 357 2017-08-24T08:15:05.033
63 12 357 2017-08-24T08:15:05.033
285 2 359 2017-08-24T14:33:57.443
285 62 359 2017-08-24T14:33:57.443
285 63 359 2017-08-24T14:33:57.443
158 46 365 2017-08-25T03:30:58.673
158 60 365 2017-08-25T03:30:58.673
159 47 367 2017-08-25T05:44:39.817
385 31 371 2017-08-25T21:30:35.673
385 2 371 2017-08-25T21:30:35.673
385 45 371 2017-08-25T21:30:35.673
19 1 375 2017-08-27T08:35:55.057
19 33 375 2017-08-27T08:35:55.057
203 55 376 2017-08-27T09:37:23.15
396 2 387 2017-08-28T12:54:10.21
396 18 387 2017-08-28T12:54:10.21
396 63 387 2017-08-28T12:54:10.21
13 7 389 2017-08-28T17:09:09.99
13 28 389 2017-08-28T17:09:09.99
13 2 389 2017-08-28T17:09:09.99
13 62 389 2017-08-28T17:09:09.99
13 63 389 2017-08-28T17:09:09.99
385 45 392 2017-08-29T16:03:54.693
385 62 392 2017-08-29T16:03:54.693
385 14 393 2017-08-29T17:24:45.903
385 62 393 2017-08-29T17:24:45.903
17 2 395 2017-08-31T03:28:10.917
406 28 397 2017-08-31T11:25:14.98
24 31 399 2017-08-31T13:06:23.89
24 28 399 2017-08-31T13:06:23.89
24 2 399 2017-08-31T13:06:23.89
411 27 401 2017-08-30T21:14:40.483
411 26 401 2017-08-30T21:14:40.483
83 65 403 2017-09-03T19:49:04.323
83 38 403 2017-09-03T19:49:04.323
91 6 405 2017-09-05T03:31:37.783
91 43 405 2017-09-05T03:31:37.783
91 44 405 2017-09-05T03:31:37.783
134 34 406 2017-09-05T12:42:07.643
202 1 407 2017-09-06T13:44:28.207
143 7 409 2017-09-07T00:39:27.583
143 66 409 2017-09-07T00:39:27.583
122 31 425 2017-09-09T23:46:47.58
122 58 425 2017-09-09T23:46:47.58
122 1 427 2017-09-11T00:07:56.823
122 31 427 2017-09-11T00:07:56.823
17 1 429 2017-09-11T16:33:12.74
17 59 430 2017-09-11T18:10:20.177
428 1 433 2017-09-13T00:26:11.22
428 15 433 2017-09-13T00:26:11.22
17 11 436 2017-09-13T14:34:27.293
123 1 439 2017-09-13T19:25:31.193
123 74 439 2017-09-13T19:25:31.193
123 74 441 2017-09-14T02:31:10.147
17 11 444 2017-09-15T02:52:47.653
17 11 445 2017-09-15T13:25:10.883
123 28 446 2017-09-15T14:05:19.53
123 34 446 2017-09-15T14:05:19.53
153 1 449 2017-09-16T15:13:37.057
153 28 449 2017-09-16T15:13:37.057
17 59 450 2017-09-16T20:08:55.857
131 74 454 2017-09-18T17:15:40.693
131 75 454 2017-09-18T17:15:40.693
131 74 455 2017-09-18T17:17:49.407
442 1 457 2017-09-18T19:33:38.683
442 57 457 2017-09-18T19:33:38.683
442 13 459 2017-09-19T00:37:51.963
442 37 459 2017-09-19T00:37:51.963
442 33 474 2017-09-19T21:34:00.347
234 43 475 2017-09-23T08:45:19.313
234 44 475 2017-09-23T08:45:19.313
289 62 479 2017-09-25T15:59:22.76
289 62 481 2017-09-25T16:40:10.01
289 21 481 2017-09-25T16:40:10.01
190 7 485 2017-10-02T15:46:38.653
190 22 485 2017-10-02T15:46:38.653
407 1 488 2017-10-03T19:03:50.807
407 17 488 2017-10-03T19:03:50.807
17 59 490 2017-10-04T00:46:00.783
193 7 491 2017-10-04T22:49:30.25
193 2 491 2017-10-04T22:49:30.25
193 30 491 2017-10-04T22:49:30.25
193 24 491 2017-10-04T22:49:30.25
273 2 494 2017-10-05T12:28:11.48
273 27 494 2017-10-05T12:28:11.48
273 30 494 2017-10-05T12:28:11.48
273 64 494 2017-10-05T12:28:11.48
462 2 496 2017-10-09T20:25:36.093
462 31 496 2017-10-09T20:25:36.093
462 58 496 2017-10-09T20:25:36.093
462 74 496 2017-10-09T20:25:36.093
212 1 497 2017-10-09T22:19:47.64
212 31 497 2017-10-09T22:19:47.64
83 59 500 2017-10-15T07:49:40.07
83 27 500 2017-10-15T07:49:40.07
478 62 502 2017-10-16T16:12:37.89
488 27 504 2017-10-23T14:22:45.167
488 13 504 2017-10-23T14:22:45.167
488 21 504 2017-10-23T14:22:45.167
498 2 508 2017-10-29T11:31:24.567
498 44 508 2017-10-29T11:31:24.567
122 23 510 2017-11-02T13:01:45.483
122 7 511 2017-11-02T13:16:50.21
122 27 511 2017-11-02T13:16:50.21
529 2 521 2017-11-19T03:47:57.543
529 62 521 2017-11-19T03:47:57.543
529 14 521 2017-11-19T03:47:57.543
536 31 522 2017-11-21T17:52:51.953
538 13 525 2017-11-22T19:51:11.34
536 31 527 2017-11-25T12:59:59.42
428 13 530 2017-11-30T04:16:16.09
13 31 531 2017-11-30T19:54:40.767
13 63 531 2017-11-30T19:54:40.767
536 1 534 2017-12-03T16:36:35.83
132 21 536 2017-12-04T10:27:48.52
132 41 536 2017-12-04T10:27:48.52
536 31 539 2017-12-05T12:06:08.747
536 58 539 2017-12-05T12:06:08.747
645 2 540 2017-12-05T16:13:36.927
645 23 540 2017-12-05T16:13:36.927
656 2 544 2017-12-06T14:32:29.99
47 48 546 2017-12-08T17:28:30.687
671 43 549 2017-12-11T23:29:46.02
671 44 549 2017-12-11T23:29:46.02
671 2 551 2017-12-12T00:46:02.05
671 7 553 2017-12-12T01:58:23.797
671 62 553 2017-12-12T01:58:23.797
671 37 553 2017-12-12T01:58:23.797
671 76 553 2017-12-12T01:58:23.797
106 2 555 2017-12-12T17:40:22.5
106 62 555 2017-12-12T17:40:22.5
106 63 555 2017-12-12T17:40:22.5
678 31 557 2017-12-12T21:43:35.047
679 28 559 2017-12-13T06:59:12.187
679 2 559 2017-12-13T06:59:12.187
671 47 562 2017-12-13T21:22:28.497
671 43 563 2017-12-14T00:06:52.537
17 44 566 2017-12-15T00:02:17.42
17 43 572 2017-12-19T16:40:16.637
17 59 573 2017-12-19T19:48:29.853
742 21 575 2017-12-20T02:06:25.08
757 2 583 2017-12-20T16:23:03.333
72 7 586 2017-12-21T12:19:20.303
72 47 586 2017-12-21T12:19:20.303
72 16 586 2017-12-21T12:19:20.303
385 51 589 2017-12-21T21:39:21.227
385 48 589 2017-12-21T21:39:21.227
791 20 592 2017-12-26T19:29:54.637
671 28 594 2017-12-27T14:37:25.957
671 34 594 2017-12-27T14:37:25.957
803 2 596 2017-12-28T16:57:34.767
803 44 596 2017-12-28T16:57:34.767
728 2 599 2017-12-28T18:27:56.033
807 2 601 2017-12-29T20:40:38.447
827 3 603 2018-01-01T10:47:54.03
807 2 605 2018-01-01T17:10:54.317
836 2 608 2018-01-02T18:01:08.587
206 2 612 2018-01-04T00:23:41.013
206 7 612 2018-01-04T00:23:41.013
206 51 612 2018-01-04T00:23:41.013
861 2 617 2018-01-05T00:09:01.767
861 51 617 2018-01-05T00:09:01.767
791 7 620 2018-01-07T19:40:52.38
791 31 620 2018-01-07T19:40:52.38
791 38 620 2018-01-07T19:40:52.38
100 2 623 2018-01-09T01:11:36.627
100 26 623 2018-01-09T01:11:36.627
100 8 623 2018-01-09T01:11:36.627
100 58 624 2018-01-09T01:47:22.637
100 75 624 2018-01-09T01:47:22.637
907 1 627 2018-01-11T05:02:07.91
928 8 632 2018-01-14T14:00:42.943
938 55 633 2018-01-15T19:30:32.78
385 48 634 2018-01-15T22:31:57.097
19 28 649 2018-01-17T21:31:52.67
19 48 649 2018-01-17T21:31:52.67
536 31 653 2018-01-20T09:44:56.44
536 36 653 2018-01-20T09:44:56.44
536 7 655 2018-01-20T11:28:53.8
536 62 655 2018-01-20T11:28:53.8
536 76 655 2018-01-20T11:28:53.8
385 43 660 2018-01-23T00:08:20.727
385 44 660 2018-01-23T00:08:20.727
385 48 661 2018-01-23T22:03:34.697
385 64 661 2018-01-23T22:03:34.697
994 2 663 2018-01-24T04:45:17.153
994 13 663 2018-01-24T04:45:17.153
994 44 663 2018-01-24T04:45:17.153
994 52 663 2018-01-24T04:45:17.153
994 70 663 2018-01-24T04:45:17.153
385 48 665 2018-01-24T17:45:03.87
131 31 667 2018-01-25T08:04:23.303
131 74 667 2018-01-25T08:04:23.303
131 75 667 2018-01-25T08:04:23.303
131 31 668 2018-01-25T08:10:05.65
131 77 668 2018-01-25T08:10:05.65
131 31 669 2018-01-25T08:14:05.877
131 78 669 2018-01-25T08:14:05.877
103 36 670 2018-01-25T08:39:14.74
103 32 670 2018-01-25T08:39:14.74
17 19 678 2018-01-31T03:15:16.72
17 19 679 2018-01-31T04:11:35.673
332 63 682 2018-02-01T04:49:29.64
332 77 682 2018-02-01T04:49:29.64
332 78 682 2018-02-01T04:49:29.64
385 2 688 2018-02-02T21:43:07.78
1054 1 694 2018-02-11T07:31:08.153
1054 58 694 2018-02-11T07:31:08.153
1114 1 699 2018-02-14T18:04:58.887
1151 1 700 2018-03-02T20:49:22.423
1151 73 700 2018-03-02T20:49:22.423
1157 65 703 2018-03-05T07:48:47.32
1168 31 705 2018-03-06T19:29:14.26
1168 62 705 2018-03-06T19:29:14.26
1168 58 705 2018-03-06T19:29:14.26
1168 63 705 2018-03-06T19:29:14.26
1168 19 705 2018-03-06T19:29:14.26
1195 1 708 2018-03-20T18:16:02.387
1195 18 708 2018-03-20T18:16:02.387
1217 78 713 2018-03-27T11:38:47.117
83 7 716 2018-04-10T14:20:29.73
83 79 716 2018-04-10T14:20:29.73
1245 6 717 2018-04-12T15:19:05.483
1248 47 718 2018-04-16T16:46:15.737
1248 42 718 2018-04-16T16:46:15.737
202 1 720 2018-04-22T04:56:42.4
91 64 723 2018-05-09T14:43:33.737
91 4 723 2018-05-09T14:43:33.737
91 7 724 2018-05-09T14:54:46.393
91 79 724 2018-05-09T14:54:46.393
1279 64 726 2018-05-12T16:59:43.707
1279 61 726 2018-05-12T16:59:43.707
1282 23 727 2018-05-17T07:01:12.487
1282 8 727 2018-05-17T07:01:12.487
1282 4 727 2018-05-17T07:01:12.487
190 2 728 2018-05-17T10:29:44.967
190 17 728 2018-05-17T10:29:44.967
1288 59 730 2018-05-21T12:11:37.013
1288 80 730 2018-05-21T12:11:37.013
1289 11 732 2018-05-23T21:04:38.397
1299 63 734 2018-05-28T08:17:29.107
1304 7 739 2018-05-30T22:20:48.3
1304 28 739 2018-05-30T22:20:48.3
1304 62 739 2018-05-30T22:20:48.3
1304 11 739 2018-05-30T22:20:48.3
1304 66 739 2018-05-30T22:20:48.3
1323 2 742 2018-06-13T01:36:31.297
1323 31 742 2018-06-13T01:36:31.297
1334 6 745 2018-06-21T17:47:26.773
474 59 746 2018-06-22T09:20:16.77
474 58 746 2018-06-22T09:20:16.77
474 66 746 2018-06-22T09:20:16.77
132 59 747 2018-06-24T18:42:26.433
132 81 747 2018-06-24T18:42:26.433
1351 59 753 2018-07-01T04:28:06.85
1351 51 753 2018-07-01T04:28:06.85
1351 81 753 2018-07-01T04:28:06.85
1351 82 753 2018-07-01T04:28:06.85
136 2 754 2018-07-10T02:17:26.003
136 83 754 2018-07-10T02:17:26.003
136 2 755 2018-07-10T02:59:15.083
136 83 755 2018-07-10T02:59:15.083
83 22 756 2018-07-10T18:35:29.853
83 84 756 2018-07-10T18:35:29.853
83 85 757 2018-07-10T18:53:58.43
83 21 758 2018-07-10T19:20:32.133
83 72 758 2018-07-10T19:20:32.133
1363 22 759 2018-07-10T20:09:46.93
495 81 762 2018-07-11T02:14:40.303
1364 1 763 2018-07-11T04:34:48.407
1365 75 764 2018-07-11T05:47:54.617
1366 31 765 2018-07-11T06:52:48.663
1366 2 766 2018-07-11T13:09:53.147
1289 22 767 2018-07-11T23:42:14.863
195 7 769 2018-07-12T22:36:02.29
195 22 769 2018-07-12T22:36:02.29
195 86 769 2018-07-12T22:36:02.29
1373 75 771 2018-07-13T02:20:28.893
1373 78 771 2018-07-13T02:20:28.893
1315 2 773 2018-07-16T19:24:47.51
1315 30 773 2018-07-16T19:24:47.51
1315 83 773 2018-07-16T19:24:47.51
6 15 777 2018-07-18T02:01:03.033
131 66 779 2018-07-20T02:03:06.543
131 17 779 2018-07-20T02:03:06.543
131 37 779 2018-07-20T02:03:06.543
1386 2 781 2018-07-20T06:23:22.07
195 7 782 2018-07-21T04:53:50.84
195 22 782 2018-07-21T04:53:50.84
195 87 782 2018-07-21T04:53:50.84
195 7 783 2018-07-21T05:04:01.537
195 22 783 2018-07-21T05:04:01.537
195 88 783 2018-07-21T05:04:01.537
1392 22 784 2018-07-21T19:39:47.027
1392 85 784 2018-07-21T19:39:47.027
1378 1 790 2018-07-25T14:10:12.137
1378 63 791 2018-07-25T15:48:39.913
1378 33 791 2018-07-25T15:48:39.913
1378 4 791 2018-07-25T15:48:39.913
1409 23 795 2018-07-26T20:09:26.797
1409 22 795 2018-07-26T20:09:26.797
1409 81 795 2018-07-26T20:09:26.797
1242 1 796 2018-07-27T21:10:12.19
1242 56 796 2018-07-27T21:10:12.19
1242 39 796 2018-07-27T21:10:12.19
122 7 797 2018-07-28T05:00:43.81
122 66 797 2018-07-28T05:00:43.81
122 1 798 2018-07-28T05:08:42.293
122 22 798 2018-07-28T05:08:42.293
122 89 798 2018-07-28T05:08:42.293
1379 1 801 2018-07-29T06:26:39.92
1392 22 803 2018-07-29T13:13:05.103
1392 89 803 2018-07-29T13:13:05.103
1416 1 805 2018-07-31T03:24:03.067
1416 22 805 2018-07-31T03:24:03.067
1416 39 805 2018-07-31T03:24:03.067
1423 1 806 2018-08-03T04:17:59.56
1428 82 807 2018-08-06T01:55:38.24
1437 1 810 2018-08-09T19:16:52.373
1437 31 810 2018-08-09T19:16:52.373
1437 21 810 2018-08-09T19:16:52.373
1437 21 815 2018-08-26T14:25:33.597
1437 8 815 2018-08-26T14:25:33.597
1437 75 815 2018-08-26T14:25:33.597
1437 78 815 2018-08-26T14:25:33.597
1469 31 816 2018-08-27T03:21:26.887
1472 47 817 2018-08-28T03:02:42.28
1476 1 818 2018-08-29T14:16:39.307
1477 59 820 2018-08-29T21:04:51.403
