7 1 1 2014-01-21T20:26:05.383
7 2 2 2014-01-21T20:27:29.797
7 3 3 2014-01-21T20:30:17.437
7 4 5 2014-01-21T20:31:44.693
7 5 5 2014-01-21T20:31:44.693
10 6 6 2014-01-21T20:33:12.797
10 7 6 2014-01-21T20:33:12.797
7 8 7 2014-01-21T20:34:59.053
7 3 8 2014-01-21T20:37:12.143
7 9 8 2014-01-21T20:37:12.143
7 10 8 2014-01-21T20:37:12.143
7 11 10 2014-01-21T20:39:03.323
20 12 11 2014-01-21T20:41:10.95
20 13 11 2014-01-21T20:41:10.95
25 3 12 2014-01-21T20:41:41.857
26 3 14 2014-01-21T20:44:37.83
26 14 14 2014-01-21T20:44:37.83
25 3 15 2014-01-21T20:45:28.747
25 15 15 2014-01-21T20:45:28.747
25 16 15 2014-01-21T20:45:28.747
12 17 16 2014-01-21T20:45:55.743
12 13 21 2014-01-21T20:48:46.88
12 17 21 2014-01-21T20:48:46.88
12 6 21 2014-01-21T20:48:46.88
29 18 22 2014-01-21T20:50:01.62
29 19 22 2014-01-21T20:50:01.62
29 20 22 2014-01-21T20:50:01.62
39 21 25 2014-01-21T20:54:05.14
2 22 28 2014-01-21T20:58:13.43
2 12 28 2014-01-21T20:58:13.43
38 23 29 2014-01-21T20:58:46.433
25 24 31 2014-01-21T20:59:16.81
25 25 31 2014-01-21T20:59:16.81
25 26 31 2014-01-21T20:59:16.81
36 27 33 2014-01-21T21:00:23.103
36 28 33 2014-01-21T21:00:23.103
36 29 33 2014-01-21T21:00:23.103
7 3 35 2014-01-21T21:02:59.24
7 30 35 2014-01-21T21:02:59.24
42 18 36 2014-01-21T21:03:10.783
42 31 36 2014-01-21T21:03:10.783
43 7 37 2014-01-21T21:03:35.85
43 32 37 2014-01-21T21:03:35.85
7 8 38 2014-01-21T21:04:44.983
26 2 40 2014-01-21T21:05:17.293
26 23 40 2014-01-21T21:05:17.293
26 29 40 2014-01-21T21:05:17.293
26 33 40 2014-01-21T21:05:17.293
25 34 47 2014-01-21T21:12:49.763
25 35 47 2014-01-21T21:12:49.763
5 7 50 2014-01-21T21:13:53.097
53 27 53 2014-01-21T21:14:30.29
53 30 53 2014-01-21T21:14:30.29
21 16 54 2014-01-21T21:16:21.083
21 36 54 2014-01-21T21:16:21.083
38 23 55 2014-01-21T21:16:34.62
52 3 57 2014-01-21T21:17:49.747
52 19 57 2014-01-21T21:17:49.747
52 37 57 2014-01-21T21:17:49.747
21 16 58 2014-01-21T21:17:52.263
21 19 58 2014-01-21T21:17:52.263
7 23 59 2014-01-21T21:20:42.22
7 10 59 2014-01-21T21:20:42.22
21 36 60 2014-01-21T21:21:39.01
21 38 60 2014-01-21T21:21:39.01
57 9 61 2014-01-21T21:22:12.657
56 16 63 2014-01-21T21:22:24.927
56 27 63 2014-01-21T21:22:24.927
56 15 63 2014-01-21T21:22:24.927
56 39 63 2014-01-21T21:22:24.927
53 16 64 2014-01-21T21:22:35.577
53 7 64 2014-01-21T21:22:35.577
63 27 69 2014-01-21T21:28:53.19
7 23 70 2014-01-21T21:29:01.69
7 40 70 2014-01-21T21:29:01.69
21 19 73 2014-01-21T21:32:12.413
20 35 74 2014-01-21T21:32:39.867
20 41 74 2014-01-21T21:32:39.867
36 27 76 2014-01-21T21:33:38.903
36 4 76 2014-01-21T21:33:38.903
21 36 81 2014-01-21T21:40:26.38
7 3 82 2014-01-21T21:41:30.36
43 7 83 2014-01-21T21:42:09.103
4 42 85 2014-01-21T21:42:51.163
52 2 86 2014-01-21T21:44:22.07
52 43 86 2014-01-21T21:44:22.07
21 44 92 2014-01-21T21:55:27.83
21 45 92 2014-01-21T21:55:27.83
21 46 92 2014-01-21T21:55:27.83
21 47 92 2014-01-21T21:55:27.83
66 34 99 2014-01-21T22:05:29.813
66 48 99 2014-01-21T22:05:29.813
66 49 99 2014-01-21T22:05:29.813
66 26 99 2014-01-21T22:05:29.813
73 19 105 2014-01-21T22:26:32.303
73 5 105 2014-01-21T22:26:32.303
21 19 109 2014-01-21T22:30:47.123
21 3 110 2014-01-21T22:35:06.623
83 7 115 2014-01-21T22:44:47.4
83 32 115 2014-01-21T22:44:47.4
83 22 115 2014-01-21T22:44:47.4
86 15 118 2014-01-21T22:51:05.71
77 3 119 2014-01-21T22:53:29.41
86 22 121 2014-01-21T22:55:10.623
81 19 122 2014-01-21T22:57:01.9
81 17 122 2014-01-21T22:57:01.9
84 19 123 2014-01-21T22:57:28.603
84 4 123 2014-01-21T22:57:28.603
84 50 123 2014-01-21T22:57:28.603
68 1 127 2014-01-21T23:08:01.373
86 43 129 2014-01-21T23:16:30.853
101 43 138 2014-01-22T00:27:29.303
101 22 138 2014-01-22T00:27:29.303
101 1 138 2014-01-22T00:27:29.303
87 51 141 2014-01-22T02:29:44.433
87 42 147 2014-01-22T04:33:24.757
87 20 149 2014-01-22T04:39:25.41
87 42 151 2014-01-22T04:46:09.197
87 42 152 2014-01-22T04:48:35.41
116 20 153 2014-01-22T04:52:15.65
116 19 153 2014-01-22T04:52:15.65
87 52 154 2014-01-22T04:53:23.933
87 8 155 2014-01-22T04:56:25.183
87 42 158 2014-01-22T05:01:57.667
127 23 169 2014-01-22T08:35:32.137
130 5 171 2014-01-22T09:05:49.673
130 11 171 2014-01-22T09:05:49.673
130 53 171 2014-01-22T09:05:49.673
130 28 172 2014-01-22T09:17:57.77
130 54 172 2014-01-22T09:17:57.77
117 19 173 2014-01-22T09:30:18.01
117 2 173 2014-01-22T09:30:18.01
117 55 173 2014-01-22T09:30:18.01
87 30 178 2014-01-22T10:23:09.18
138 23 181 2014-01-22T13:12:29.223
138 56 181 2014-01-22T13:12:29.223
138 57 183 2014-01-22T13:17:42.147
116 3 185 2014-01-22T13:23:22.357
116 19 185 2014-01-22T13:23:22.357
116 17 186 2014-01-22T13:27:35.717
138 56 187 2014-01-22T13:28:35.357
138 7 190 2014-01-22T13:43:27.817
138 24 190 2014-01-22T13:43:27.817
85 7 192 2014-01-22T13:43:40.9
85 16 192 2014-01-22T13:43:40.9
138 24 195 2014-01-22T13:56:11.5
143 3 198 2014-01-22T14:16:16.853
143 19 198 2014-01-22T14:16:16.853
143 58 198 2014-01-22T14:16:16.853
138 39 200 2014-01-22T14:31:11.98
116 39 203 2014-01-22T15:11:10.153
116 53 203 2014-01-22T15:11:10.153
116 7 204 2014-01-22T15:18:09.323
116 48 204 2014-01-22T15:18:09.323
116 49 204 2014-01-22T15:18:09.323
43 16 210 2014-01-22T17:34:23.803
43 3 212 2014-01-22T17:46:39.437
43 22 212 2014-01-22T17:46:39.437
53 7 215 2014-01-22T18:14:32.44
53 5 215 2014-01-22T18:14:32.44
36 59 220 2014-01-22T19:39:33.82
36 60 220 2014-01-22T19:39:33.82
138 61 229 2014-01-22T21:05:56.283
130 62 231 2014-01-22T21:25:31.543
130 4 233 2014-01-22T21:31:58.85
130 50 233 2014-01-22T21:31:58.85
8 4 234 2014-01-22T21:32:04.38
8 63 234 2014-01-22T21:32:04.38
8 64 234 2014-01-22T21:32:04.38
162 3 235 2014-01-22T21:42:38.283
162 12 235 2014-01-22T21:42:38.283
165 7 243 2014-01-23T02:10:21.91
165 15 243 2014-01-23T02:10:21.91
165 64 243 2014-01-23T02:10:21.91
165 19 245 2014-01-23T02:44:18.31
165 15 245 2014-01-23T02:44:18.31
165 65 245 2014-01-23T02:44:18.31
8 19 246 2014-01-23T02:52:10.307
8 66 246 2014-01-23T02:52:10.307
138 3 250 2014-01-23T06:15:05.22
121 4 254 2014-01-23T08:26:49.693
121 5 254 2014-01-23T08:26:49.693
130 1 255 2014-01-23T08:31:01.367
130 2 255 2014-01-23T08:31:01.367
127 3 256 2014-01-23T08:31:31.993
127 52 256 2014-01-23T08:31:31.993
121 4 257 2014-01-23T08:31:42.643
121 5 257 2014-01-23T08:31:42.643
121 2 257 2014-01-23T08:31:42.643
121 3 259 2014-01-23T08:43:22.773
121 43 259 2014-01-23T08:43:22.773
121 67 259 2014-01-23T08:43:22.773
36 2 268 2014-01-23T16:49:11.707
36 36 268 2014-01-23T16:49:11.707
116 3 269 2014-01-23T17:21:16.297
116 19 269 2014-01-23T17:21:16.297
116 68 269 2014-01-23T17:21:16.297
181 3 272 2014-01-23T18:47:57.217
181 10 272 2014-01-23T18:47:57.217
181 69 272 2014-01-23T18:47:57.217
182 3 273 2014-01-23T19:28:38.253
32 19 277 2014-01-23T21:26:09
36 36 278 2014-01-23T21:59:56.217
80 5 293 2014-01-24T06:44:00.18
80 17 293 2014-01-24T06:44:00.18
130 3 297 2014-01-24T10:45:39.4
22 18 300 2014-01-24T16:29:23.663
130 2 312 2014-01-24T20:52:06.363
130 70 312 2014-01-24T20:52:06.363
130 71 313 2014-01-25T00:58:19.447
121 43 315 2014-01-25T03:26:55.27
121 30 315 2014-01-25T03:26:55.27
121 33 315 2014-01-25T03:26:55.27
117 2 319 2014-01-25T05:19:54.127
200 71 324 2014-01-25T08:41:45.277
80 19 329 2014-01-25T21:01:31.223
85 72 330 2014-01-26T00:52:37.73
117 73 333 2014-01-26T01:52:05.843
112 19 337 2014-01-26T19:20:22.63
112 63 337 2014-01-26T19:20:22.63
8 22 338 2014-01-26T20:39:28.193
8 31 338 2014-01-26T20:39:28.193
215 19 340 2014-01-26T21:44:11.193
215 22 340 2014-01-26T21:44:11.193
215 74 340 2014-01-26T21:44:11.193
80 19 347 2014-01-27T05:16:18.61
80 18 347 2014-01-27T05:16:18.61
121 34 348 2014-01-27T06:13:47.42
85 18 351 2014-01-27T12:04:07.693
165 26 353 2014-01-27T13:24:36.643
165 50 353 2014-01-27T13:24:36.643
39 25 354 2014-01-27T13:30:22.547
39 70 354 2014-01-27T13:30:22.547
36 4 361 2014-01-27T18:25:04.527
80 75 369 2014-01-28T02:25:22.91
212 22 371 2014-01-28T05:08:42.85
212 39 371 2014-01-28T05:08:42.85
212 27 372 2014-01-28T05:31:30.897
229 7 379 2014-01-28T11:05:35.027
229 36 380 2014-01-28T11:43:50.33
73 60 381 2014-01-28T15:39:56.967
73 75 381 2014-01-28T15:39:56.967
165 19 382 2014-01-28T18:04:27.527
165 15 382 2014-01-28T18:04:27.527
165 76 382 2014-01-28T18:04:27.527
27 60 383 2014-01-28T18:38:59.933
27 25 383 2014-01-28T18:38:59.933
165 77 385 2014-01-28T18:45:44.17
165 78 385 2014-01-28T18:45:44.17
80 4 399 2014-01-29T06:54:31.877
80 2 401 2014-01-29T07:48:41.17
80 38 401 2014-01-29T07:48:41.17
189 36 404 2014-01-29T10:28:20.093
52 3 405 2014-01-29T10:33:57.453
52 67 405 2014-01-29T10:33:57.453
189 36 413 2014-01-29T14:56:01.43
29 3 415 2014-01-29T16:07:56.303
29 5 415 2014-01-29T16:07:56.303
29 19 415 2014-01-29T16:07:56.303
269 36 418 2014-01-29T17:16:22.697
7 79 426 2014-01-29T19:30:45.563
80 3 430 2014-01-29T20:49:01.653
80 60 430 2014-01-29T20:49:01.653
80 80 430 2014-01-29T20:49:01.653
286 14 435 2014-01-29T21:58:40.043
80 42 440 2014-01-30T06:37:49.347
80 12 440 2014-01-30T06:37:49.347
27 2 444 2014-01-30T15:48:17.273
80 12 446 2014-01-30T17:30:49.767
80 34 446 2014-01-30T17:30:49.767
233 60 448 2014-01-30T17:52:46.343
233 81 448 2014-01-30T17:52:46.343
192 43 453 2014-01-30T21:06:32.44
192 29 453 2014-01-30T21:06:32.44
80 82 458 2014-01-31T04:14:24.583
85 9 463 2014-01-31T15:26:58.17
80 35 467 2014-01-31T17:13:39.71
192 40 470 2014-01-31T18:59:21.883
192 82 470 2014-01-31T18:59:21.883
36 2 472 2014-01-31T19:49:17.75
36 60 472 2014-01-31T19:49:17.75
36 42 475 2014-01-31T20:34:37.143
36 70 475 2014-01-31T20:34:37.143
80 17 479 2014-01-31T21:55:39.973
80 37 479 2014-01-31T21:55:39.973
39 4 480 2014-01-31T23:14:27.907
39 78 480 2014-01-31T23:14:27.907
112 4 485 2014-02-01T09:08:20.187
112 83 485 2014-02-01T09:08:20.187
53 7 488 2014-02-01T19:06:17.957
53 30 488 2014-02-01T19:06:17.957
53 39 488 2014-02-01T19:06:17.957
53 83 488 2014-02-01T19:06:17.957
80 34 501 2014-02-02T06:36:38.503
352 19 506 2014-02-03T18:24:49.433
352 22 506 2014-02-03T18:24:49.433
359 9 511 2014-02-03T22:49:13.797
359 35 511 2014-02-03T22:49:13.797
27 30 513 2014-02-04T04:51:53.947
368 4 515 2014-02-04T14:18:43.197
368 19 515 2014-02-04T14:18:43.197
368 68 515 2014-02-04T14:18:43.197
36 7 518 2014-02-04T15:26:44.127
36 84 518 2014-02-04T15:26:44.127
83 7 521 2014-02-04T18:23:03.58
83 34 521 2014-02-04T18:23:03.58
83 82 521 2014-02-04T18:23:03.58
192 19 522 2014-02-04T18:56:02.367
380 43 526 2014-02-04T19:30:03.69
380 55 526 2014-02-04T19:30:03.69
63 60 532 2014-02-04T22:56:54.107
87 85 536 2014-02-05T01:26:01.023
403 84 539 2014-02-05T05:35:18.073
48 19 543 2014-02-05T09:03:16.807
48 34 543 2014-02-05T09:03:16.807
48 48 543 2014-02-05T09:03:16.807
36 60 546 2014-02-05T16:24:39.5
36 25 546 2014-02-05T16:24:39.5
80 39 550 2014-02-05T21:31:49.317
80 48 550 2014-02-05T21:31:49.317
418 82 554 2014-02-05T23:30:12.823
418 84 554 2014-02-05T23:30:12.823
303 3 556 2014-02-06T00:34:37.937
303 19 556 2014-02-06T00:34:37.937
303 7 556 2014-02-06T00:34:37.937
303 4 556 2014-02-06T00:34:37.937
303 86 557 2014-02-06T00:38:02.59
63 42 560 2014-02-06T06:35:52.913
63 70 560 2014-02-06T06:35:52.913
52 43 564 2014-02-06T18:51:24.557
39 76 568 2014-02-07T01:32:31.617
121 26 571 2014-02-07T23:37:01.317
121 38 571 2014-02-07T23:37:01.317
121 87 571 2014-02-07T23:37:01.317
53 3 574 2014-02-09T17:14:51.48
53 30 574 2014-02-09T17:14:51.48
73 43 579 2014-02-10T04:53:33.973
73 88 579 2014-02-10T04:53:33.973
73 43 580 2014-02-10T10:56:17.747
73 59 580 2014-02-10T10:56:17.747
112 89 583 2014-02-10T15:38:04.13
170 2 589 2014-02-11T03:05:31.123
170 18 589 2014-02-11T03:05:31.123
170 90 589 2014-02-11T03:05:31.123
457 28 590 2014-02-11T03:15:05.57
215 19 596 2014-02-13T02:26:43.41
215 22 596 2014-02-13T02:26:43.41
215 91 596 2014-02-13T02:26:43.41
31 19 597 2014-02-13T03:32:24.363
31 22 597 2014-02-13T03:32:24.363
31 5 597 2014-02-13T03:32:24.363
215 22 602 2014-02-13T17:18:30.753
215 28 602 2014-02-13T17:18:30.753
215 74 602 2014-02-13T17:18:30.753
215 91 602 2014-02-13T17:18:30.753
479 5 605 2014-02-15T00:09:29.893
479 12 605 2014-02-15T00:09:29.893
479 12 606 2014-02-15T00:32:23.547
479 35 606 2014-02-15T00:32:23.547
479 81 606 2014-02-15T00:32:23.547
127 19 607 2014-02-15T03:18:09.793
127 65 607 2014-02-15T03:18:09.793
127 22 620 2014-02-16T06:41:56.59
127 23 621 2014-02-16T07:10:43.11
127 15 621 2014-02-16T07:10:43.11
127 59 621 2014-02-16T07:10:43.11
500 81 625 2014-02-19T04:21:35.967
187 43 626 2014-02-19T13:29:58.683
170 22 629 2014-02-21T07:07:06.04
170 66 629 2014-02-21T07:07:06.04
98 2 632 2014-02-24T19:47:51.087
98 35 632 2014-02-24T19:47:51.087
121 2 633 2014-02-24T19:49:24.95
121 18 633 2014-02-24T19:49:24.95
541 3 637 2014-02-25T12:15:47.883
541 27 637 2014-02-25T12:15:47.883
554 34 639 2014-02-26T15:41:45.833
566 19 643 2014-02-27T21:03:21.777
595 12 647 2014-03-02T23:41:38.69
75 57 649 2014-03-07T20:13:34.293
8 4 654 2014-03-08T18:42:21.577
8 26 654 2014-03-08T18:42:21.577
8 82 654 2014-03-08T18:42:21.577
8 14 654 2014-03-08T18:42:21.577
8 26 655 2014-03-08T18:47:58.113
8 82 655 2014-03-08T18:47:58.113
8 14 655 2014-03-08T18:47:58.113
443 22 658 2014-03-10T01:18:59.313
443 23 658 2014-03-10T01:18:59.313
443 10 658 2014-03-10T01:18:59.313
85 55 661 2014-03-10T03:28:10.593
8 60 665 2014-03-15T03:07:13.767
8 25 665 2014-03-15T03:07:13.767
75 43 666 2014-03-16T16:26:34.573
49 3 668 2014-03-17T21:26:22.267
49 38 668 2014-03-17T21:26:22.267
85 3 672 2014-03-18T15:06:14.583
85 38 672 2014-03-18T15:06:14.583
75 39 675 2014-03-19T15:30:22.927
75 38 675 2014-03-19T15:30:22.927
75 92 675 2014-03-19T15:30:22.927
669 3 680 2014-03-21T10:27:52.43
669 19 680 2014-03-21T10:27:52.43
669 2 680 2014-03-21T10:27:52.43
669 58 680 2014-03-21T10:27:52.43
141 70 684 2014-03-21T12:21:51.35
85 3 685 2014-03-21T12:22:27.213
85 56 685 2014-03-21T12:22:27.213
31 2 694 2014-03-26T03:03:24.633
31 79 694 2014-03-26T03:03:24.633
412 30 697 2014-03-29T14:57:04.52
412 92 697 2014-03-29T14:57:04.52
718 55 698 2014-03-30T23:59:03.78
723 2 702 2014-04-01T09:51:29.51
723 52 702 2014-04-01T09:51:29.51
723 23 702 2014-04-01T09:51:29.51
723 85 702 2014-04-01T09:51:29.51
17 18 705 2014-04-03T21:49:40.017
17 21 705 2014-04-03T21:49:40.017
740 43 708 2014-04-04T15:58:04.643
123 2 715 2014-04-09T05:44:53.95
123 56 715 2014-04-09T05:44:53.95
123 80 716 2014-04-09T05:50:48.093
608 9 718 2014-04-09T13:07:27.133
608 65 718 2014-04-09T13:07:27.133
765 76 728 2014-04-12T11:37:50.58
765 83 728 2014-04-12T11:37:50.58
87 77 731 2014-04-15T03:43:14.867
778 22 734 2014-04-15T17:56:54.03
778 42 734 2014-04-15T17:56:54.03
778 42 737 2014-04-16T20:39:37.07
778 55 737 2014-04-16T20:39:37.07
793 7 740 2014-04-19T16:56:02.88
793 82 740 2014-04-19T16:56:02.88
793 40 740 2014-04-19T16:56:02.88
800 36 742 2014-04-22T02:10:26.793
800 30 742 2014-04-22T02:10:26.793
801 83 744 2014-04-22T04:33:55.403
801 50 744 2014-04-22T04:33:55.403
401 4 745 2014-04-23T04:11:46.83
401 14 745 2014-04-23T04:11:46.83
401 83 745 2014-04-23T04:11:46.83
401 76 745 2014-04-23T04:11:46.83
87 1 757 2014-04-30T01:08:37.72
87 52 757 2014-04-30T01:08:37.72
87 52 758 2014-04-30T01:16:26.433
73 12 768 2014-05-05T19:32:49.003
73 28 768 2014-05-05T19:32:49.003
847 12 769 2014-05-05T19:34:34.94
847 59 769 2014-05-05T19:34:34.94
847 45 769 2014-05-05T19:34:34.94
85 2 771 2014-05-06T02:23:36.477
842 3 777 2014-05-10T17:06:45.27
842 52 777 2014-05-10T17:06:45.27
842 31 777 2014-05-10T17:06:45.27
529 19 784 2014-05-15T00:16:55.693
43 18 788 2014-05-18T04:34:12.567
43 10 788 2014-05-18T04:34:12.567
896 55 791 2014-05-18T22:59:55.433
902 2 796 2014-05-20T13:54:05.953
902 23 796 2014-05-20T13:54:05.953
123 56 803 2014-05-23T06:23:29.783
123 80 806 2014-05-24T09:58:14.19
123 43 807 2014-05-24T10:06:29.983
123 59 807 2014-05-24T10:06:29.983
920 93 809 2014-05-27T13:25:12.083
923 59 811 2014-05-27T16:31:59.87
923 80 811 2014-05-27T16:31:59.87
928 19 814 2014-05-29T08:35:34.43
928 22 814 2014-05-29T08:35:34.43
928 55 814 2014-05-29T08:35:34.43
928 52 814 2014-05-29T08:35:34.43
928 81 814 2014-05-29T08:35:34.43
929 88 816 2014-05-29T09:16:06.683
123 43 835 2014-05-31T15:08:58.247
123 59 835 2014-05-31T15:08:58.247
953 19 839 2014-06-03T02:57:10.127
955 44 840 2014-06-03T04:07:15.007
961 5 845 2014-06-04T00:25:40.84
961 34 845 2014-06-04T00:25:40.84
961 32 845 2014-06-04T00:25:40.84
803 60 854 2014-06-05T21:22:58.623
803 27 854 2014-06-05T21:22:58.623
803 35 854 2014-06-05T21:22:58.623
803 7 862 2014-06-07T02:57:33.137
123 43 865 2014-06-09T20:48:56.873
123 59 865 2014-06-09T20:48:56.873
352 1 866 2014-06-10T04:02:17.41
985 2 868 2014-06-10T13:37:59.283
985 77 868 2014-06-10T13:37:59.283
985 87 868 2014-06-10T13:37:59.283
995 19 877 2014-06-12T18:26:47.26
995 55 877 2014-06-12T18:26:47.26
995 52 877 2014-06-12T18:26:47.26
1000 22 880 2014-06-14T22:56:20.27
1000 4 880 2014-06-14T22:56:20.27
1025 22 887 2014-06-25T06:14:58.51
1025 58 887 2014-06-25T06:14:58.51
1031 19 889 2014-06-27T03:18:40.39
1031 23 889 2014-06-27T03:18:40.39
1031 80 889 2014-06-27T03:18:40.39
1047 23 898 2014-07-01T03:09:04.45
1043 23 899 2014-07-01T11:08:55.62
123 43 904 2014-07-02T17:51:59.133
123 59 904 2014-07-02T17:51:59.133
73 14 907 2014-07-06T05:07:27.067
1062 22 912 2014-07-07T22:38:06.673
1062 56 912 2014-07-07T22:38:06.673
43 60 921 2014-07-13T16:21:23.767
43 81 921 2014-07-13T16:21:23.767
43 44 921 2014-07-13T16:21:23.767
43 94 921 2014-07-13T16:21:23.767
1098 27 924 2014-07-14T16:42:58.703
1098 29 924 2014-07-14T16:42:58.703
1098 71 924 2014-07-14T16:42:58.703
798 3 927 2014-07-15T12:40:01.413
798 43 927 2014-07-15T12:40:01.413
798 81 927 2014-07-15T12:40:01.413
798 60 930 2014-07-16T13:42:46.053
798 25 930 2014-07-16T13:42:46.053
798 94 930 2014-07-16T13:42:46.053
1104 43 934 2014-07-16T19:18:37.623
1104 12 934 2014-07-16T19:18:37.623
1108 59 935 2014-07-17T11:33:58.517
1108 45 935 2014-07-17T11:33:58.517
1108 84 935 2014-07-17T11:33:58.517
1114 28 939 2014-07-20T10:09:07.997
1114 86 939 2014-07-20T10:09:07.997
1114 88 939 2014-07-20T10:09:07.997
1120 44 942 2014-07-21T22:00:29.673
1120 94 942 2014-07-21T22:00:29.673
1126 19 945 2014-07-22T15:13:54.77
1126 33 945 2014-07-22T15:13:54.77
960 95 954 2014-07-24T20:04:07.747
1120 51 960 2014-07-31T14:40:48.293
1167 19 962 2014-08-01T01:40:07.46
1160 43 968 2014-08-05T14:41:30.66
1104 19 969 2014-08-05T16:24:41.48
1104 52 969 2014-08-05T16:24:41.48
1195 22 975 2014-08-09T10:27:48.793
1195 30 975 2014-08-09T10:27:48.793
1197 19 976 2014-08-10T17:04:34.34
1209 9 983 2014-08-13T10:40:56.017
1209 10 983 2014-08-13T10:40:56.017
1209 13 983 2014-08-13T10:40:56.017
1219 60 986 2014-08-15T21:20:31.147
1219 41 986 2014-08-15T21:20:31.147
1222 88 991 2014-08-17T16:27:52.56
1222 44 991 2014-08-17T16:27:52.56
1226 4 992 2014-08-18T13:51:37.577
1226 2 993 2014-08-18T14:01:32.5
1228 19 995 2014-08-19T03:53:45.563
1228 1 995 2014-08-19T03:53:45.563
1228 17 995 2014-08-19T03:53:45.563
66 15 999 2014-08-24T17:21:26.65
798 3 1009 2014-09-03T01:33:38.873
798 52 1009 2014-09-03T01:33:38.873
798 94 1009 2014-09-03T01:33:38.873
798 46 1009 2014-09-03T01:33:38.873
123 80 1014 2014-09-11T07:45:21.847
123 92 1014 2014-09-11T07:45:21.847
1309 80 1019 2014-09-15T20:49:10.687
1309 92 1019 2014-09-15T20:49:10.687
1317 4 1024 2014-09-18T11:42:48.517
1317 52 1024 2014-09-18T11:42:48.517
1317 18 1024 2014-09-18T11:42:48.517
1328 36 1028 2014-09-24T09:50:00.59
1328 42 1028 2014-09-24T09:50:00.59
1328 17 1028 2014-09-24T09:50:00.59
1338 5 1033 2014-09-27T01:18:49.873
1338 18 1033 2014-09-27T01:18:49.873
662 55 1038 2014-10-02T07:06:00.69
123 43 1040 2014-10-02T23:33:26.663
123 59 1040 2014-10-02T23:33:26.663
1355 59 1042 2014-10-03T09:25:48.747
1398 52 1051 2014-10-17T09:19:30.727
1398 19 1051 2014-10-17T09:19:30.727
1398 9 1051 2014-10-17T09:19:30.727
1404 45 1053 2014-10-19T18:34:00.357
1426 60 1061 2014-10-26T09:45:56.91
1445 58 1064 2014-11-01T00:54:53.033
1452 55 1067 2014-11-04T20:06:45.063
1457 43 1070 2014-11-05T22:01:16.937
1493 36 1082 2014-11-17T08:17:32.42
1493 36 1084 2014-11-17T22:08:46.607
1501 9 1085 2014-11-19T00:29:39.327
1519 88 1093 2014-11-23T18:07:19.77
352 55 1095 2014-11-26T06:21:42.833
352 27 1095 2014-11-26T06:21:42.833
303 2 1098 2014-11-28T00:11:06.243
303 42 1098 2014-11-28T00:11:06.243
840 3 1124 2014-12-09T16:34:54.077
2603 60 2127 2014-12-11T08:41:37.863
2603 17 2127 2014-12-11T08:41:37.863
1160 43 2133 2014-12-17T10:05:46.727
1160 55 2133 2014-12-17T10:05:46.727
43 45 2139 2014-12-18T04:18:37.103
43 86 2139 2014-12-18T04:18:37.103
43 88 2139 2014-12-18T04:18:37.103
2585 2 2153 2014-12-24T14:21:48.403
2632 19 2158 2014-12-24T00:00:38.473
2632 5 2158 2014-12-24T00:00:38.473
2633 83 2160 2014-12-31T00:17:05.77
1547 27 2161 2014-12-31T19:19:57.697
224 50 2164 2014-12-31T23:17:53.783
224 96 2164 2014-12-31T23:17:53.783
2644 44 2167 2015-01-01T16:03:50.843
1104 3 2172 2015-01-03T21:24:09.577
2648 25 2177 2015-01-06T15:06:53.32
3678 66 3187 2015-01-12T13:30:34.12
3676 22 3195 2015-01-15T05:45:02.543
3676 10 3195 2015-01-15T05:45:02.543
3676 28 3195 2015-01-15T05:45:02.543
2648 97 3197 2015-01-15T20:10:14.827
123 43 3200 2015-01-18T16:08:04.677
123 59 3200 2015-01-18T16:08:04.677
123 29 3200 2015-01-18T16:08:04.677
123 43 3201 2015-01-18T16:12:41.027
123 55 3201 2015-01-18T16:12:41.027
123 59 3201 2015-01-18T16:12:41.027
123 56 3202 2015-01-18T16:23:59.89
3703 22 3207 2015-01-19T23:12:56.16
3703 88 3207 2015-01-19T23:12:56.16
3703 98 3207 2015-01-19T23:12:56.16
1374 43 3212 2015-01-21T14:46:56.533
3713 3 3216 2015-01-23T06:54:47.337
3713 43 3216 2015-01-23T06:54:47.337
3713 80 3216 2015-01-23T06:54:47.337
3717 58 3220 2015-01-25T19:47:22.85
2647 3 3226 2015-01-27T14:06:57.713
2647 30 3226 2015-01-27T14:06:57.713
2647 67 3226 2015-01-27T14:06:57.713
3726 2 3228 2015-01-28T04:22:03.467
3722 42 3232 2015-01-28T10:06:02.247
765 19 3257 2015-02-16T18:27:29.34
3803 19 3261 2015-02-19T05:58:56.523
3803 7 3261 2015-02-19T05:58:56.523
3803 96 3261 2015-02-19T05:58:56.523
3872 43 3285 2015-03-10T19:30:43.253
3872 55 3285 2015-03-10T19:30:43.253
3874 19 3287 2015-03-10T20:54:25.763
3874 22 3287 2015-03-10T20:54:25.763
3874 88 3287 2015-03-10T20:54:25.763
3876 55 3289 2015-03-11T22:02:02.137
3876 99 3289 2015-03-11T22:02:02.137
1005 75 3292 2015-03-16T07:46:28.85
73 19 3307 2015-03-22T05:30:43.927
3920 19 3309 2015-03-23T20:48:19.587
3920 52 3309 2015-03-23T20:48:19.587
3920 30 3309 2015-03-23T20:48:19.587
3921 24 3311 2015-03-24T09:53:31.363
3972 3 3322 2015-04-03T17:03:17.223
3972 48 3322 2015-04-03T17:03:17.223
4034 9 3341 2015-04-22T14:20:15.437
4041 2 3344 2015-04-23T14:30:37.777
4045 2 3347 2015-04-24T00:55:35.417
4045 10 3347 2015-04-24T00:55:35.417
4024 3 3350 2015-04-24T08:49:22.35
4024 5 3350 2015-04-24T08:49:22.35
4024 10 3350 2015-04-24T08:49:22.35
4070 3 3356 2015-05-01T18:20:43.05
4071 22 3357 2015-05-02T03:29:09.723
4071 81 3357 2015-05-02T03:29:09.723
4087 19 3364 2015-05-06T09:28:43.677
4087 27 3364 2015-05-06T09:28:43.677
4087 70 3364 2015-05-06T09:28:43.677
4070 14 3367 2015-05-06T18:29:21.537
4070 3 3369 2015-05-08T18:22:31.777
4070 16 3369 2015-05-08T18:22:31.777
4101 19 3370 2015-05-08T21:07:27.047
4101 7 3370 2015-05-08T21:07:27.047
4101 4 3370 2015-05-08T21:07:27.047
4101 5 3370 2015-05-08T21:07:27.047
4101 52 3370 2015-05-08T21:07:27.047
938 43 3372 2015-05-09T11:48:17.607
938 22 3372 2015-05-09T11:48:17.607
4136 25 3385 2015-05-19T20:52:00.167
3917 43 3386 2015-05-23T15:34:51.95
938 56 3387 2015-05-25T15:19:31.61
938 56 3388 2015-05-27T20:25:58.56
1104 19 3391 2015-05-29T12:44:10.36
1104 7 3391 2015-05-29T12:44:10.36
1104 16 3391 2015-05-29T12:44:10.36
2647 2 3393 2015-06-03T10:25:20.41
2647 55 3393 2015-06-03T10:25:20.41
2647 60 3393 2015-06-03T10:25:20.41
2647 59 3393 2015-06-03T10:25:20.41
2647 88 3393 2015-06-03T10:25:20.41
4167 55 3395 2015-06-03T18:58:38.353
4167 56 3395 2015-06-03T18:58:38.353
4167 96 3395 2015-06-03T18:58:38.353
938 100 3402 2015-06-06T03:30:57.737
938 22 3403 2015-06-08T02:08:00.35
4238 76 3414 2015-06-22T19:28:25.223
4240 44 3416 2015-06-23T16:13:24.883
4240 93 3416 2015-06-23T16:13:24.883
4241 15 3417 2015-06-23T19:00:38.22
4241 82 3417 2015-06-23T19:00:38.22
4238 52 3420 2015-06-23T21:32:53.403
4245 2 3421 2015-06-23T23:16:58.21
4238 19 3424 2015-06-25T19:07:17.137
4238 52 3424 2015-06-25T19:07:17.137
4238 1 3424 2015-06-25T19:07:17.137
4238 101 3424 2015-06-25T19:07:17.137
4238 18 3427 2015-06-25T21:22:14.537
4238 7 3429 2015-06-26T17:39:08.147
4270 12 3436 2015-06-29T13:58:19.923
4270 80 3436 2015-06-29T13:58:19.923
4272 55 3437 2015-06-29T22:33:29.277
4277 22 3441 2015-06-30T10:57:56.4
4277 9 3441 2015-06-30T10:57:56.4
4277 88 3441 2015-06-30T10:57:56.4
4277 97 3441 2015-06-30T10:57:56.4
4281 43 3446 2015-07-01T11:39:05.32
4281 59 3446 2015-07-01T11:39:05.32
4281 12 3446 2015-07-01T11:39:05.32
4281 9 3446 2015-07-01T11:39:05.32
4175 23 3451 2015-07-06T12:27:20.387
4175 102 3451 2015-07-06T12:27:20.387
4303 43 3453 2015-07-09T11:40:14.433
4303 59 3453 2015-07-09T11:40:14.433
4303 9 3453 2015-07-09T11:40:14.433
4309 27 3457 2015-07-10T19:47:09.97
4309 27 3458 2015-07-10T19:58:21.227
4322 50 3463 2015-07-14T15:24:56.103
123 12 3464 2015-07-15T00:34:56.987
123 66 3464 2015-07-15T00:34:56.987
123 19 3465 2015-07-15T01:16:35.247
123 2 3465 2015-07-15T01:16:35.247
123 1 3466 2015-07-15T01:26:00.167
123 2 3467 2015-07-15T01:36:56.97
123 100 3467 2015-07-15T01:36:56.97
123 18 3468 2015-07-15T01:40:55.953
123 28 3468 2015-07-15T01:40:55.953
4337 52 3478 2015-07-19T06:57:32.817
4337 6 3478 2015-07-19T06:57:32.817
4348 97 3490 2015-07-21T23:50:53.283
4219 3 3491 2015-07-22T02:24:23.947
4219 30 3491 2015-07-22T02:24:23.947
4219 88 3491 2015-07-22T02:24:23.947
4219 73 3491 2015-07-22T02:24:23.947
4353 19 3499 2015-07-24T07:10:26.99
4353 18 3499 2015-07-24T07:10:26.99
4353 82 3499 2015-07-24T07:10:26.99
4353 84 3499 2015-07-24T07:10:26.99
4338 34 3503 2015-07-26T15:52:29.847
4374 48 3505 2015-07-31T18:53:40.323
4374 4 3507 2015-07-31T20:12:21.117
4374 5 3507 2015-07-31T20:12:21.117
4374 18 3507 2015-07-31T20:12:21.117
123 43 3510 2015-08-04T21:05:17.837
123 80 3510 2015-08-04T21:05:17.837
123 102 3510 2015-08-04T21:05:17.837
123 43 3511 2015-08-04T21:09:02.077
123 102 3511 2015-08-04T21:09:02.077
123 43 3512 2015-08-04T21:11:12.573
123 102 3512 2015-08-04T21:11:12.573
123 6 3512 2015-08-04T21:11:12.573
123 43 3513 2015-08-04T21:16:54.98
123 102 3513 2015-08-04T21:16:54.98
123 103 3513 2015-08-04T21:16:54.98
4337 2 4531 2015-08-16T09:52:35.397
4423 19 4533 2015-08-18T10:36:25.073
4423 3 4533 2015-08-18T10:36:25.073
4423 1 4533 2015-08-18T10:36:25.073
4434 55 4534 2015-08-18T13:07:43.523
4434 44 4534 2015-08-18T13:07:43.523
4439 19 4537 2015-08-19T03:26:09.04
4439 22 4537 2015-08-19T03:26:09.04
4439 27 4537 2015-08-19T03:26:09.04
4439 10 4537 2015-08-19T03:26:09.04
4439 88 4537 2015-08-19T03:26:09.04
4238 7 4559 2015-09-01T02:20:49.307
4488 5 4562 2015-09-03T17:20:41.57
4488 33 4562 2015-09-03T17:20:41.57
17 12 4571 2015-09-10T17:48:02.347
4514 55 4574 2015-09-11T19:31:37.337
4514 88 4574 2015-09-11T19:31:37.337
4526 59 4578 2015-09-14T19:41:37.847
4526 67 4580 2015-09-15T04:10:41.767
4538 3 4588 2015-09-17T10:31:49.69
4327 50 4590 2015-09-18T04:24:44.807
920 72 4594 2015-09-20T23:38:29.353
4545 17 4595 2015-09-21T05:32:16.793
4545 58 4595 2015-09-21T05:32:16.793
4545 75 4595 2015-09-21T05:32:16.793
4545 53 4595 2015-09-21T05:32:16.793
4545 104 4595 2015-09-21T05:32:16.793
4514 19 4600 2015-09-23T07:54:58.77
4514 30 4600 2015-09-23T07:54:58.77
4337 23 4606 2015-09-26T10:48:52.117
4337 19 4606 2015-09-26T10:48:52.117
4514 19 4620 2015-10-04T21:00:07.003
4514 18 4620 2015-10-04T21:00:07.003
4526 2 4624 2015-10-09T01:11:24.017
4605 36 4625 2015-10-09T13:08:37.617
4605 1 4625 2015-10-09T13:08:37.617
4526 43 4628 2015-10-13T05:32:13.6
127 19 4630 2015-10-14T04:16:05.27
127 2 4630 2015-10-14T04:16:05.27
4626 23 4635 2015-10-15T17:40:05.437
4631 36 4636 2015-10-15T23:02:34.79
73 43 4645 2015-10-21T05:24:25.083
73 93 4645 2015-10-21T05:24:25.083
4650 14 4648 2015-10-22T12:38:18.25
4631 36 4650 2015-10-24T02:09:01.287
4101 4 4654 2015-10-24T17:14:12.13
1469 55 4658 2015-10-26T13:04:15.107
1469 52 4658 2015-10-26T13:04:15.107
4669 36 4662 2015-10-28T03:04:50.74
1321 36 4667 2015-10-30T05:02:12.56
1321 58 4667 2015-10-30T05:02:12.56
1321 36 4673 2015-11-05T04:31:53.783
1321 105 4675 2015-11-05T11:10:18.55
1321 78 4675 2015-11-05T11:10:18.55
1321 62 4680 2015-11-08T05:49:43.97
1321 62 4682 2015-11-09T04:10:51.977
4144 102 4700 2015-11-25T15:04:10.897
4785 4 4706 2015-11-30T23:58:22.357
1482 5 4713 2015-12-05T18:39:15.88
73 22 4716 2015-12-07T06:36:10.13
127 52 4726 2015-12-15T06:20:32.85
4784 36 4729 2015-12-21T00:43:35.477
127 58 4734 2015-12-25T09:17:08.417
1077 2 4745 2015-12-30T20:40:03.113
1077 1 4745 2015-12-30T20:40:03.113
4910 30 4749 2016-01-04T02:20:12.28
4917 19 4755 2016-01-05T16:40:35.02
4917 22 4755 2016-01-05T16:40:35.02
4917 4 4755 2016-01-05T16:40:35.02
4917 18 4755 2016-01-05T16:40:35.02
4917 42 4755 2016-01-05T16:40:35.02
4935 44 4764 2016-01-10T22:48:52.94
1077 72 4770 2016-01-13T03:01:53.417
4947 3 4771 2016-01-13T09:24:31.3
4947 43 4771 2016-01-13T09:24:31.3
4947 80 4771 2016-01-13T09:24:31.3
73 19 4778 2016-01-16T05:10:11.163
73 12 4778 2016-01-16T05:10:11.163
4962 56 4780 2016-01-16T22:21:06.777
4962 77 4780 2016-01-16T22:21:06.777
4962 74 4780 2016-01-16T22:21:06.777
4962 91 4780 2016-01-16T22:21:06.777
4976 19 4785 2016-01-20T12:38:55.783
4976 2 4785 2016-01-20T12:38:55.783
4938 52 4791 2016-01-25T21:20:07.65
4938 58 4797 2016-02-01T21:36:16.32
4938 106 4799 2016-02-02T16:10:39.36
5046 2 4803 2016-02-04T11:03:31.113
5046 56 4803 2016-02-04T11:03:31.113
5046 2 4807 2016-02-05T08:10:26.867
5046 43 4807 2016-02-05T08:10:26.867
5046 56 4807 2016-02-05T08:10:26.867
5064 30 4811 2016-02-08T05:12:49.88
5064 61 4813 2016-02-08T16:09:36.07
5050 55 4816 2016-02-09T15:44:20.307
5083 82 4824 2016-02-12T18:19:14.713
5083 26 4825 2016-02-12T18:24:57.593
5064 72 4829 2016-02-16T01:31:00.063
5107 21 4837 2016-02-18T23:34:32.527
938 3 4839 2016-02-19T01:37:52.54
938 2 4839 2016-02-19T01:37:52.54
938 22 4839 2016-02-19T01:37:52.54
5107 56 4844 2016-02-19T22:46:44.867
5113 19 4850 2016-02-21T17:03:34.817
5121 78 4852 2016-02-22T21:35:02.357
5122 17 4854 2016-02-23T08:39:42.907
4637 88 4858 2016-02-24T04:29:27.803
4637 95 4858 2016-02-24T04:29:27.803
5138 12 4863 2016-02-25T10:56:09.437
5144 12 4867 2016-02-25T19:51:48.93
5107 22 4869 2016-02-25T22:15:33.67
5107 12 4869 2016-02-25T22:15:33.67
5107 107 4869 2016-02-25T22:15:33.67
5147 88 4871 2016-02-26T12:52:31.85
5078 19 4894 2016-03-03T15:02:42.197
5078 42 4894 2016-03-03T15:02:42.197
5268 59 4906 2016-03-31T17:50:51.583
5272 12 4907 2016-04-02T02:51:41.993
5272 107 4907 2016-04-02T02:51:41.993
5278 7 4911 2016-04-03T00:11:00.517
5278 5 4911 2016-04-03T00:11:00.517
5278 27 4911 2016-04-03T00:11:00.517
5294 3 4922 2016-04-06T20:27:29.817
5144 7 4923 2016-04-06T21:32:35.107
37 34 4929 2016-04-07T01:48:01.74
37 108 4929 2016-04-07T01:48:01.74
37 34 4930 2016-04-07T02:24:12.177
37 109 4930 2016-04-07T02:24:12.177
43 32 4931 2016-04-07T02:30:29.733
5144 19 4936 2016-04-07T14:26:19.973
5144 110 4936 2016-04-07T14:26:19.973
73 7 4937 2016-04-07T16:55:10.323
73 26 4937 2016-04-07T16:55:10.323
73 111 4937 2016-04-07T16:55:10.323
5306 1 4947 2016-04-09T15:50:01.817
5306 38 4947 2016-04-09T15:50:01.817
5306 101 4947 2016-04-09T15:50:01.817
5078 70 4952 2016-04-14T15:27:04.803
5078 111 4952 2016-04-14T15:27:04.803
5328 19 4956 2016-04-16T01:47:05.063
5296 109 4958 2016-04-19T10:56:17.947
5296 109 4959 2016-04-19T11:10:37.977
5350 52 4965 2016-04-21T03:15:07.353
5328 111 4970 2016-04-22T00:53:24.277
5328 11 4970 2016-04-22T00:53:24.277
43 5 4972 2016-04-22T02:02:55.063
43 108 4972 2016-04-22T02:02:55.063
5144 111 4979 2016-04-27T17:19:11.42
938 112 4983 2016-04-28T19:16:52.277
5064 78 4990 2016-05-04T02:32:41.997
5064 113 4990 2016-05-04T02:32:41.997
5078 108 5001 2016-05-11T09:42:44.923
5431 109 5005 2016-05-15T22:25:38.643
5328 66 5006 2016-05-15T23:20:48.243
5078 4 5013 2016-05-19T08:38:33.79
5078 53 5013 2016-05-19T08:38:33.79
5078 109 5015 2016-05-23T10:39:19.523
5078 114 5015 2016-05-23T10:39:19.523
5468 58 5022 2016-05-24T04:17:54.167
5078 35 5026 2016-05-24T14:50:59.177
5078 2 5031 2016-05-26T08:01:01.33
5078 4 5031 2016-05-26T08:01:01.33
5078 3 5034 2016-05-26T13:39:10.3
5078 10 5038 2016-05-27T10:06:05.547
5486 85 5042 2016-05-27T15:00:04.323
5486 100 5042 2016-05-27T15:00:04.323
5502 100 5056 2016-06-01T19:01:10.793
5503 100 5057 2016-06-02T06:31:22.863
5064 115 5066 2016-06-04T05:00:28.6
5529 88 5072 2016-06-07T15:25:47.507
5529 53 5072 2016-06-07T15:25:47.507
5529 116 5072 2016-06-07T15:25:47.507
5530 36 5073 2016-06-08T06:52:39.293
5530 80 5073 2016-06-08T06:52:39.293
5530 105 5073 2016-06-08T06:52:39.293
5538 7 5078 2016-06-10T12:44:59.32
5538 109 5078 2016-06-10T12:44:59.32
5064 45 5084 2016-06-12T14:08:49.817
5064 111 5084 2016-06-12T14:08:49.817
5545 16 5087 2016-06-14T02:29:16.623
5545 111 5087 2016-06-14T02:29:16.623
5545 97 5087 2016-06-14T02:29:16.623
187 109 5088 2016-06-14T07:26:10.547
5078 4 5089 2016-06-14T07:32:14.68
5078 9 5089 2016-06-14T07:32:14.68
5548 109 5092 2016-06-14T12:46:24.817
5548 32 5092 2016-06-14T12:46:24.817
5571 109 5134 2016-06-17T20:42:33.413
5576 2 5154 2016-06-20T00:26:09.393
5576 58 5154 2016-06-20T00:26:09.393
5576 105 5154 2016-06-20T00:26:09.393
5078 55 5158 2016-06-21T12:16:33.427
5582 44 5161 2016-06-21T17:24:14.94
5064 88 5162 2016-06-22T01:23:59.253
5064 108 5162 2016-06-22T01:23:59.253
938 56 5164 2016-06-22T13:57:19.46
5587 7 5165 2016-06-22T14:27:08.767
5064 117 5168 2016-06-24T12:45:59.093
5064 36 5171 2016-06-25T16:31:52.407
5064 42 5171 2016-06-25T16:31:52.407
5457 18 5176 2016-06-28T14:06:17.837
5457 76 5176 2016-06-28T14:06:17.837
5328 95 5178 2016-06-29T17:11:15.05
5612 22 5179 2016-06-30T14:26:05.277
5616 30 5181 2016-06-30T22:15:29.207
5575 44 5182 2016-07-01T00:31:27.757
5623 111 5186 2016-07-02T19:35:09.65
5623 108 5186 2016-07-02T19:35:09.65
5623 97 5186 2016-07-02T19:35:09.65
5643 49 5194 2016-07-08T10:44:21.007
4637 118 5198 2016-07-13T04:19:18.157
43 34 5200 2016-07-14T02:18:05.76
43 119 5200 2016-07-14T02:18:05.76
5460 52 5202 2016-07-14T14:47:49.063
5460 30 5202 2016-07-14T14:47:49.063
5460 115 5202 2016-07-14T14:47:49.063
5691 19 5213 2016-07-23T01:46:52.637
5691 3 5213 2016-07-23T01:46:52.637
5691 88 5213 2016-07-23T01:46:52.637
5691 80 5213 2016-07-23T01:46:52.637
5691 83 5213 2016-07-23T01:46:52.637
5718 75 5222 2016-08-01T00:58:55.7
4903 30 6232 2016-08-12T23:12:32.503
43 32 6235 2016-08-17T00:03:38.637
43 118 6235 2016-08-17T00:03:38.637
5778 55 6239 2016-08-17T18:42:53.993
5788 38 6241 2016-08-19T01:00:56.953
5788 119 6241 2016-08-19T01:00:56.953
5807 17 6245 2016-08-22T17:20:43.493
5836 88 6259 2016-08-27T14:31:12
5836 111 6259 2016-08-27T14:31:12
5836 47 6259 2016-08-27T14:31:12
5847 2 6261 2016-08-29T21:43:50.123
5847 36 6261 2016-08-29T21:43:50.123
5847 118 6261 2016-08-29T21:43:50.123
5847 13 6262 2016-08-29T23:04:16.307
43 80 6265 2016-08-30T16:52:23.85
43 47 6265 2016-08-30T16:52:23.85
5817 100 6266 2016-08-30T17:52:55.023
5817 118 6266 2016-08-30T17:52:55.023
5860 88 6268 2016-08-31T12:02:53.563
5860 78 6268 2016-08-31T12:02:53.563
5860 105 6268 2016-08-31T12:02:53.563
5889 111 6277 2016-09-10T12:55:43.26
5905 36 6283 2016-09-14T07:45:51.607
5905 17 6283 2016-09-14T07:45:51.607
4109 3 6288 2016-09-16T14:29:42.56
5931 13 6297 2016-09-20T09:59:17.337
5948 19 6306 2016-09-23T23:21:11.977
5948 3 6306 2016-09-23T23:21:11.977
5948 73 6306 2016-09-23T23:21:11.977
5942 118 6313 2016-10-01T03:27:28.747
5064 43 6314 2016-10-01T14:35:51.783
5064 120 6314 2016-10-01T14:35:51.783
5889 19 6315 2016-10-01T14:44:05.923
5889 88 6315 2016-10-01T14:44:05.923
5889 17 6315 2016-10-01T14:44:05.923
5889 19 6321 2016-10-03T16:26:24.387
4935 80 6326 2016-10-06T02:17:18.66
5889 19 6327 2016-10-06T16:59:19.7
5889 111 6327 2016-10-06T16:59:19.7
5064 43 6329 2016-10-07T11:21:19.933
5064 120 6329 2016-10-07T11:21:19.933
5889 19 6330 2016-10-09T12:51:18.033
5889 55 6330 2016-10-09T12:51:18.033
5973 111 6333 2016-10-09T18:26:30.933
5973 97 6333 2016-10-09T18:26:30.933
5998 115 6336 2016-10-11T11:26:43.997
4935 98 6342 2016-10-14T01:30:58.523
5889 19 6345 2016-10-15T06:02:20.493
5889 88 6345 2016-10-15T06:02:20.493
5064 19 6356 2016-10-20T12:55:59.173
5064 88 6356 2016-10-20T12:55:59.173
5064 17 6356 2016-10-20T12:55:59.173
938 119 6357 2016-10-20T16:10:32.247
6039 50 6364 2016-10-24T01:33:26.547
6052 93 6375 2016-10-29T06:21:38.787
6092 30 6380 2016-11-09T23:54:21.367
6092 111 6380 2016-11-09T23:54:21.367
6023 88 6382 2016-11-14T07:23:16.507
6023 109 6382 2016-11-14T07:23:16.507
6023 78 6382 2016-11-14T07:23:16.507
6105 36 6383 2016-11-15T10:21:46.68
6105 5 6383 2016-11-15T10:21:46.68
5328 34 6395 2016-11-20T23:17:59.967
5328 98 6395 2016-11-20T23:17:59.967
6132 38 6400 2016-11-24T14:55:03.99
6142 3 6402 2016-11-27T12:05:41.41
6142 30 6402 2016-11-27T12:05:41.41
6142 77 6402 2016-11-27T12:05:41.41
6142 121 6402 2016-11-27T12:05:41.41
6146 1 6403 2016-11-28T18:34:31.36
6146 10 6403 2016-11-28T18:34:31.36
6162 111 6411 2016-12-03T13:55:24.903
6168 55 6414 2016-12-05T09:36:45.883
6171 88 6416 2016-12-06T08:13:45.217
6171 42 6416 2016-12-06T08:13:45.217
6171 115 6416 2016-12-06T08:13:45.217
6180 30 6418 2016-12-08T04:07:34.553
6180 118 6418 2016-12-08T04:07:34.553
5064 2 6432 2016-12-21T13:24:18.277
5064 59 6432 2016-12-21T13:24:18.277
5064 17 6432 2016-12-21T13:24:18.277
5064 111 6432 2016-12-21T13:24:18.277
5064 122 6432 2016-12-21T13:24:18.277
938 109 6434 2016-12-21T20:59:42.727
6217 111 6438 2016-12-23T00:04:50.09
5064 17 6440 2016-12-23T13:28:40.947
5064 123 6440 2016-12-23T13:28:40.947
6220 109 6443 2016-12-23T22:26:23.09
6220 117 6443 2016-12-23T22:26:23.09
5064 109 6449 2016-12-25T04:33:24.027
5889 122 6451 2016-12-26T15:40:14.523
6238 46 6457 2016-12-28T21:29:11.703
6243 17 6458 2016-12-29T15:07:36.527
6245 55 6462 2016-12-30T20:50:44.963
5847 2 6464 2017-01-01T21:44:12.293
5847 17 6464 2017-01-01T21:44:12.293
5847 121 6464 2017-01-01T21:44:12.293
5847 17 6468 2017-01-02T18:17:58.58
5847 122 6468 2017-01-02T18:17:58.58
5847 2 6475 2017-01-07T01:51:56.563
5847 17 6475 2017-01-07T01:51:56.563
5847 124 6475 2017-01-07T01:51:56.563
6275 3 6477 2017-01-08T21:45:08.253
6275 3 6478 2017-01-09T01:04:53.513
6275 16 6478 2017-01-09T01:04:53.513
6280 2 6480 2017-01-10T00:46:33.273
6280 30 6480 2017-01-10T00:46:33.273
6280 59 6480 2017-01-10T00:46:33.273
6303 111 6486 2017-01-17T11:42:54.19
6303 108 6486 2017-01-17T11:42:54.19
6303 24 6486 2017-01-17T11:42:54.19
6304 111 6488 2017-01-17T21:50:18.82
938 109 6490 2017-01-19T19:29:10.14
5847 27 6497 2017-01-28T07:19:14.363
5847 29 6497 2017-01-28T07:19:14.363
5847 69 6497 2017-01-28T07:19:14.363
29 7 6501 2017-01-30T19:23:24.07
29 4 6501 2017-01-30T19:23:24.07
29 17 6501 2017-01-30T19:23:24.07
5064 2 6504 2017-01-30T21:54:17.047
6346 115 6507 2017-02-02T12:20:41.8
6366 111 6514 2017-02-07T17:55:01.813
6366 105 6514 2017-02-07T17:55:01.813
6366 116 6514 2017-02-07T17:55:01.813
6386 109 6517 2017-02-11T21:26:51.873
1077 112 6518 2017-02-12T00:45:20.75
6366 42 6520 2017-02-12T12:37:04.47
1077 10 6522 2017-02-12T21:51:18.967
6366 52 6524 2017-02-13T05:33:52.64
6366 19 6524 2017-02-13T05:33:52.64
6366 116 6524 2017-02-13T05:33:52.64
1077 111 6528 2017-02-13T22:55:37.323
6366 111 6530 2017-02-14T06:00:40.053
6366 19 6530 2017-02-14T06:00:40.053
6402 84 6535 2017-02-15T13:47:51.53
6403 88 6537 2017-02-15T14:57:32.787
6403 30 6537 2017-02-15T14:57:32.787
6402 19 6538 2017-02-15T15:45:01.317
6402 55 6538 2017-02-15T15:45:01.317
6402 15 6538 2017-02-15T15:45:01.317
6402 3 6540 2017-02-15T17:09:44.893
6402 2 6540 2017-02-15T17:09:44.893
6366 125 6541 2017-02-16T13:09:15.063
6415 105 6543 2017-02-17T20:17:18.317
1077 97 6546 2017-02-18T03:31:36.587
6422 88 6551 2017-02-19T13:27:22.677
6422 58 6551 2017-02-19T13:27:22.677
6422 70 6551 2017-02-19T13:27:22.677
6422 108 6551 2017-02-19T13:27:22.677
6366 111 6552 2017-02-19T13:45:23.183
6366 95 6552 2017-02-19T13:45:23.183
5064 17 6553 2017-02-19T15:17:23.597
5064 126 6553 2017-02-19T15:17:23.597
43 43 6560 2017-02-21T03:04:39.227
43 55 6560 2017-02-21T03:04:39.227
6366 58 6561 2017-02-21T14:18:32.453
6366 118 6561 2017-02-21T14:18:32.453
6366 118 6576 2017-02-23T07:25:13.36
6366 127 6576 2017-02-23T07:25:13.36
6472 30 6582 2017-02-23T20:26:30.157
6472 115 6582 2017-02-23T20:26:30.157
6366 42 6587 2017-02-24T06:23:37.64
6366 128 6587 2017-02-24T06:23:37.64
6366 129 6588 2017-02-24T07:59:40.547
6366 104 6588 2017-02-24T07:59:40.547
6366 130 6594 2017-02-25T06:00:29.467
6366 118 6596 2017-02-25T17:19:33.84
6366 110 6596 2017-02-25T17:19:33.84
6472 7 6601 2017-02-26T15:50:16.59
6472 100 6601 2017-02-26T15:50:16.59
6366 42 6602 2017-02-26T17:09:37.927
6366 122 6602 2017-02-26T17:09:37.927
6366 115 6604 2017-02-27T13:55:29.58
6366 104 6604 2017-02-27T13:55:29.58
6453 109 6607 2017-02-27T16:47:55.047
5064 88 6608 2017-02-27T16:54:39.453
5064 111 6608 2017-02-27T16:54:39.453
5064 126 6608 2017-02-27T16:54:39.453
6366 109 6611 2017-02-28T04:15:04.53
6366 70 6611 2017-02-28T04:15:04.53
6366 131 6611 2017-02-28T04:15:04.53
6366 111 6615 2017-03-01T05:44:53.46
6366 132 6615 2017-03-01T05:44:53.46
6453 115 6618 2017-03-01T09:34:16.61
6366 111 6623 2017-03-02T07:00:35.75
6366 42 6623 2017-03-02T07:00:35.75
6366 70 6623 2017-03-02T07:00:35.75
6453 116 6625 2017-03-02T13:46:25.113
6366 19 6628 2017-03-02T15:14:28.067
6366 109 6628 2017-03-02T15:14:28.067
6366 118 6628 2017-03-02T15:14:28.067
2647 58 6630 2017-03-02T19:20:43.977
2647 53 6630 2017-03-02T19:20:43.977
2647 104 6630 2017-03-02T19:20:43.977
2647 130 6630 2017-03-02T19:20:43.977
2647 36 6632 2017-03-03T06:45:38.15
2647 58 6632 2017-03-03T06:45:38.15
5064 72 6634 2017-03-03T12:59:14.183
6366 19 6641 2017-03-05T05:52:47.12
6366 36 6641 2017-03-05T05:52:47.12
6366 13 6641 2017-03-05T05:52:47.12
5486 111 6643 2017-03-07T12:27:31.6
5486 64 6643 2017-03-07T12:27:31.6
6366 88 6647 2017-03-08T06:25:08.11
6366 42 6647 2017-03-08T06:25:08.11
6366 105 6647 2017-03-08T06:25:08.11
938 111 6649 2017-03-08T21:36:00.103
938 133 6649 2017-03-08T21:36:00.103
6366 19 6651 2017-03-09T07:30:30.577
6366 2 6651 2017-03-09T07:30:30.577
6366 111 6651 2017-03-09T07:30:30.577
6548 123 6656 2017-03-12T00:40:21.463
6549 114 6657 2017-03-12T03:07:03.3
5328 111 6662 2017-03-13T18:51:31.697
6366 42 6666 2017-03-15T05:56:56.883
6366 109 6666 2017-03-15T05:56:56.883
6366 126 6666 2017-03-15T05:56:56.883
6557 14 6668 2017-03-15T16:28:43.573
5064 111 6675 2017-03-16T11:53:36.59
6366 42 6676 2017-03-16T13:40:12.617
938 111 6681 2017-03-17T15:21:57.487
938 133 6681 2017-03-17T15:21:57.487
6564 7 6683 2017-03-17T17:54:58.957
6564 34 6683 2017-03-17T17:54:58.957
6564 38 6683 2017-03-17T17:54:58.957
6559 36 6684 2017-03-18T12:46:17.8
6559 130 6684 2017-03-18T12:46:17.8
5064 2 6686 2017-03-18T15:15:26.603
5064 130 6686 2017-03-18T15:15:26.603
6366 115 6691 2017-03-20T13:34:42.027
6366 97 6694 2017-03-21T15:59:06.507
6303 111 6696 2017-03-22T23:10:16.87
6303 4 6696 2017-03-22T23:10:16.87
6303 108 6696 2017-03-22T23:10:16.87
6422 88 6701 2017-03-26T10:58:01.66
6422 119 6701 2017-03-26T10:58:01.66
4638 1 6702 2017-03-26T13:35:47.847
6366 111 6703 2017-03-26T15:35:05.207
6605 109 6708 2017-03-27T20:13:21.047
2647 55 6710 2017-03-28T06:46:20.53
2647 129 6710 2017-03-28T06:46:20.53
6610 55 6712 2017-03-28T19:15:20.477
5064 111 6714 2017-03-30T12:47:22.283
6366 18 6715 2017-03-30T14:18:11.927
6366 118 6715 2017-03-30T14:18:11.927
6366 127 6715 2017-03-30T14:18:11.927
6448 55 6718 2017-03-31T05:36:10.197
6448 45 6718 2017-03-31T05:36:10.197
6448 134 6718 2017-03-31T05:36:10.197
5064 88 6727 2017-04-02T10:49:28.33
5064 42 6727 2017-04-02T10:49:28.33
5064 130 6727 2017-04-02T10:49:28.33
6366 111 6728 2017-04-02T12:39:12.97
6366 16 6728 2017-04-02T12:39:12.97
6366 129 6728 2017-04-02T12:39:12.97
6366 133 6728 2017-04-02T12:39:12.97
43 112 6735 2017-04-03T02:05:44.41
43 120 6735 2017-04-03T02:05:44.41
6366 111 6737 2017-04-04T12:14:28.977
6366 133 6737 2017-04-04T12:14:28.977
5064 111 6738 2017-04-04T12:14:28.64
5064 88 6738 2017-04-04T12:14:28.64
5064 30 6738 2017-04-04T12:14:28.64
5064 115 6738 2017-04-04T12:14:28.64
5064 30 6741 2017-04-05T12:27:42.31
5064 128 6741 2017-04-05T12:27:42.31
938 109 6742 2017-04-06T00:37:25.73
6639 7 6745 2017-04-07T01:36:54.59
6642 114 6746 2017-04-07T15:31:34.047
5064 111 6749 2017-04-08T15:21:44.06
5064 88 6749 2017-04-08T15:21:44.06
5064 42 6749 2017-04-08T15:21:44.06
5064 55 6752 2017-04-09T10:44:35.333
6647 52 6758 2017-04-10T09:13:29.723
5064 124 6759 2017-04-10T13:14:41.967
6366 42 6763 2017-04-12T12:39:10.103
6366 130 6763 2017-04-12T12:39:10.103
938 109 6767 2017-04-13T17:59:16.327
938 99 6767 2017-04-13T17:59:16.327
5064 2 6769 2017-04-13T21:54:28.81
5064 104 6769 2017-04-13T21:54:28.81
5064 135 6769 2017-04-13T21:54:28.81
6659 88 6770 2017-04-14T00:55:22.263
6659 55 6770 2017-04-14T00:55:22.263
5064 55 6771 2017-04-14T13:37:45.583
5064 122 6771 2017-04-14T13:37:45.583
5847 4 6774 2017-04-15T00:04:39.71
5847 39 6774 2017-04-15T00:04:39.71
5064 111 6779 2017-04-17T16:40:57.933
5064 42 6779 2017-04-17T16:40:57.933
6672 111 6782 2017-04-18T13:23:05.443
6672 88 6782 2017-04-18T13:23:05.443
6672 7 6782 2017-04-18T13:23:05.443
6366 52 6785 2017-04-19T08:41:36.503
6366 105 6785 2017-04-19T08:41:36.503
938 75 6788 2017-04-22T00:17:36.81
5607 93 6792 2017-04-23T05:52:08.193
6682 93 6794 2017-04-23T21:42:34.51
6682 71 6794 2017-04-23T21:42:34.51
6696 115 6802 2017-04-27T18:50:54.907
6699 93 6804 2017-04-28T07:46:29.693
6699 125 6804 2017-04-28T07:46:29.693
6371 119 6808 2017-04-28T14:16:41.54
6371 125 6808 2017-04-28T14:16:41.54
6366 52 6811 2017-04-30T13:58:57.12
6366 105 6811 2017-04-30T13:58:57.12
6366 13 6811 2017-04-30T13:58:57.12
6709 111 6812 2017-05-01T14:27:43.887
6693 111 6819 2017-05-02T22:46:44.247
6693 108 6819 2017-05-02T22:46:44.247
5064 2 6827 2017-05-05T19:29:54.227
5064 130 6827 2017-05-05T19:29:54.227
5064 135 6827 2017-05-05T19:29:54.227
5064 42 6834 2017-05-13T13:43:19.537
5064 130 6834 2017-05-13T13:43:19.537
5064 122 6834 2017-05-13T13:43:19.537
5064 111 6836 2017-05-13T14:39:57.907
5064 42 6836 2017-05-13T14:39:57.907
6743 7 6838 2017-05-14T19:24:05.453
6743 110 6838 2017-05-14T19:24:05.453
938 8 6841 2017-05-15T15:39:39.8
6745 115 6842 2017-05-15T15:44:51.857
6745 118 6842 2017-05-15T15:44:51.857
4742 55 6846 2017-05-18T18:14:12.113
4742 59 6846 2017-05-18T18:14:12.113
5064 2 6849 2017-05-22T14:09:24.52
5064 42 6849 2017-05-22T14:09:24.52
5064 17 6849 2017-05-22T14:09:24.52
5064 2 6850 2017-05-22T14:44:27.96
5064 130 6850 2017-05-22T14:44:27.96
5064 104 6860 2017-05-28T14:39:23.75
6778 111 6864 2017-05-29T10:31:16.11
6778 60 6864 2017-05-29T10:31:16.11
6784 109 6868 2017-05-31T05:08:29.293
6784 118 6868 2017-05-31T05:08:29.293
6784 112 6868 2017-05-31T05:08:29.293
6788 5 6873 2017-05-31T23:33:53.45
6740 111 6876 2017-06-01T06:33:47.633
5064 19 6880 2017-06-03T11:58:38.607
5064 88 6880 2017-06-03T11:58:38.607
5064 130 6880 2017-06-03T11:58:38.607
5064 111 6884 2017-06-04T13:00:04.593
5064 88 6884 2017-06-04T13:00:04.593
6808 98 6892 2017-06-07T13:32:05.53
938 100 6895 2017-06-09T20:18:42.613
938 136 6895 2017-06-09T20:18:42.613
5064 130 6899 2017-06-12T11:54:03.833
5064 61 6899 2017-06-12T11:54:03.833
6824 128 6902 2017-06-15T04:46:05.897
6825 111 6903 2017-06-15T06:50:18.887
6825 52 6903 2017-06-15T06:50:18.887
6825 17 6903 2017-06-15T06:50:18.887
6830 109 6907 2017-06-16T07:01:48.797
6853 7 6922 2017-06-21T01:23:32.313
6853 108 6922 2017-06-21T01:23:32.313
6857 119 6924 2017-06-22T12:56:44.713
6857 125 6924 2017-06-22T12:56:44.713
6861 128 6926 2017-06-23T22:51:00.577
6861 87 6926 2017-06-23T22:51:00.577
6778 7 6928 2017-06-25T11:32:54.677
6778 34 6928 2017-06-25T11:32:54.677
6867 109 6930 2017-06-25T22:11:23.403
6867 120 6930 2017-06-25T22:11:23.403
6873 21 6933 2017-06-28T08:32:23.453
6873 129 6933 2017-06-28T08:32:23.453
6886 108 6940 2017-07-01T22:24:36.03
6900 55 6948 2017-07-05T15:08:29.58
6900 93 6948 2017-07-05T15:08:29.58
5064 88 6962 2017-07-23T14:24:35.357
5064 42 6962 2017-07-23T14:24:35.357
5064 128 6962 2017-07-23T14:24:35.357
5486 111 6966 2017-07-25T20:10:14.87
5486 67 6966 2017-07-25T20:10:14.87
5486 117 6966 2017-07-25T20:10:14.87
5064 2 6970 2017-08-03T11:44:34.827
5064 100 6970 2017-08-03T11:44:34.827
6989 116 6972 2017-08-03T20:58:03.927
6989 132 6972 2017-08-03T20:58:03.927
6993 2 6975 2017-08-04T13:36:20.567
6993 115 6975 2017-08-04T13:36:20.567
6996 60 6976 2017-08-04T16:51:57.173
6996 81 6976 2017-08-04T16:51:57.173
7000 111 6980 2017-08-05T17:16:21.363
7030 19 6985 2017-08-17T13:18:19.24
7030 52 6985 2017-08-17T13:18:19.24
7030 9 6985 2017-08-17T13:18:19.24
7030 28 6985 2017-08-17T13:18:19.24
5064 2 6987 2017-08-20T11:26:24.447
5064 130 6987 2017-08-20T11:26:24.447
5393 36 6991 2017-08-21T06:19:47.037
5393 58 6991 2017-08-21T06:19:47.037
5393 118 6991 2017-08-21T06:19:47.037
7053 18 6996 2017-08-27T20:23:34.08
7053 23 6996 2017-08-27T20:23:34.08
7053 131 6996 2017-08-27T20:23:34.08
7059 36 6998 2017-08-29T09:47:18.817
4095 55 7000 2017-08-29T12:56:05.543
4095 28 7000 2017-08-29T12:56:05.543
7080 24 7003 2017-09-06T08:04:50.257
7080 98 7003 2017-09-06T08:04:50.257
7108 111 7013 2017-09-19T05:52:51.52
7119 118 7015 2017-09-22T01:12:07.01
7119 100 7015 2017-09-22T01:12:07.01
7119 134 7015 2017-09-22T01:12:07.01
7137 108 7028 2017-09-29T23:37:25.547
5064 100 7030 2017-10-01T13:42:49.433
5064 128 7030 2017-10-01T13:42:49.433
7160 111 7032 2017-10-04T01:53:36.607
7187 100 7036 2017-10-13T15:31:08.043
7187 134 7036 2017-10-13T15:31:08.043
7189 118 7038 2017-10-14T13:58:11.283
7189 117 7038 2017-10-14T13:58:11.283
7198 30 7043 2017-10-19T05:38:50.763
7198 97 7043 2017-10-19T05:38:50.763
7208 111 7047 2017-10-22T23:48:55.867
7209 50 7048 2017-10-23T15:41:49.603
6366 19 7053 2017-11-01T15:05:10.857
6366 115 7053 2017-11-01T15:05:10.857
5021 22 7055 2017-11-02T10:39:05.377
5021 10 7055 2017-11-02T10:39:05.377
5021 75 7055 2017-11-02T10:39:05.377
7238 60 7058 2017-11-03T19:23:40.507
7238 118 7058 2017-11-03T19:23:40.507
7238 35 7058 2017-11-03T19:23:40.507
7244 130 7059 2017-11-05T06:56:51.027
7244 104 7059 2017-11-05T06:56:51.027
7251 2 7064 2017-11-08T14:44:46.483
7251 136 7064 2017-11-08T14:44:46.483
5482 105 7065 2017-11-09T21:22:56.79
5482 109 7065 2017-11-09T21:22:56.79
5482 112 7065 2017-11-09T21:22:56.79
7261 60 7066 2017-11-11T20:36:16.73
7261 81 7066 2017-11-11T20:36:16.73
7261 93 7066 2017-11-11T20:36:16.73
7264 111 7070 2017-11-13T20:32:58.55
7266 3 7071 2017-11-14T06:43:42.96
7266 111 7071 2017-11-14T06:43:42.96
7266 38 7071 2017-11-14T06:43:42.96
7266 97 7071 2017-11-14T06:43:42.96
7273 30 7076 2017-11-15T17:31:02.113
7279 43 7079 2017-11-19T20:41:33.71
7281 18 7081 2017-11-21T07:46:07.463
7286 7 7087 2017-11-23T11:47:17.913
7295 88 7091 2017-11-27T15:05:29.93
7295 63 7091 2017-11-27T15:05:29.93
7311 18 7093 2017-11-28T23:36:48.073
7320 36 7094 2017-11-29T17:18:18.903
938 7 7096 2017-11-30T19:37:36.56
938 109 7096 2017-11-30T19:37:36.56
7189 118 7097 2017-12-01T09:15:46.9
7189 109 7097 2017-12-01T09:15:46.9
7189 112 7097 2017-12-01T09:15:46.9
7408 55 7102 2017-12-06T14:20:42.727
7408 15 7102 2017-12-06T14:20:42.727
7415 3 7111 2017-12-09T18:42:12.927
7415 38 7111 2017-12-09T18:42:12.927
7415 93 7111 2017-12-09T18:42:12.927
7417 88 7113 2017-12-10T22:48:51.017
7417 110 7113 2017-12-10T22:48:51.017
938 34 7114 2017-12-12T17:47:39.597
938 112 7114 2017-12-12T17:47:39.597
7420 52 7116 2017-12-13T23:33:40.93
7420 58 7116 2017-12-13T23:33:40.93
7429 113 7119 2017-12-14T21:35:12.95
7449 27 7129 2017-12-21T19:11:28.787
7449 98 7129 2017-12-21T19:11:28.787
5064 2 7132 2017-12-23T14:18:59.797
5064 17 7132 2017-12-23T14:18:59.797
5064 18 7132 2017-12-23T14:18:59.797
5064 126 7132 2017-12-23T14:18:59.797
7454 55 7134 2017-12-24T22:20:23.713
219 3 7136 2017-12-26T16:09:50.19
219 14 7136 2017-12-26T16:09:50.19
219 95 7136 2017-12-26T16:09:50.19
938 112 7140 2017-12-29T19:12:23.067
7464 111 7141 2017-12-29T19:56:48.883
7477 111 7143 2018-01-07T14:27:54.44
7486 36 7146 2018-01-09T16:32:56.48
7486 34 7146 2018-01-09T16:32:56.48
7486 113 7146 2018-01-09T16:32:56.48
43 2 7148 2018-01-15T16:21:37.307
43 111 7148 2018-01-15T16:21:37.307
43 67 7148 2018-01-15T16:21:37.307
6366 118 7151 2018-01-17T16:14:15.97
6366 13 7155 2018-01-19T15:42:52.693
6366 62 7155 2018-01-19T15:42:52.693
7512 115 7158 2018-01-22T03:46:47.533
7521 111 7162 2018-01-24T09:50:57.303
7521 49 7162 2018-01-24T09:50:57.303
174 82 7168 2018-01-28T21:09:52.497
174 24 7168 2018-01-28T21:09:52.497
73 19 7180 2018-02-01T19:44:37.167
73 52 7180 2018-02-01T19:44:37.167
73 10 7180 2018-02-01T19:44:37.167
73 93 7180 2018-02-01T19:44:37.167
7562 115 7182 2018-02-05T11:41:04.797
938 3 7183 2018-02-07T23:43:32.277
7581 55 7191 2018-02-12T16:34:03.417
7582 108 7192 2018-02-12T20:26:03.86
7608 111 7196 2018-02-26T12:28:56.043
7608 38 7196 2018-02-26T12:28:56.043
7608 111 7198 2018-02-26T14:50:46.96
7608 38 7198 2018-02-26T14:50:46.96
938 112 7200 2018-02-27T20:41:25.037
7617 109 7202 2018-03-03T00:13:33.757
7617 32 7202 2018-03-03T00:13:33.757
7667 111 7217 2018-03-22T23:44:06.403
7673 97 7220 2018-03-26T22:37:50.323
7681 2 7222 2018-03-29T02:29:35.483
7681 111 7222 2018-03-29T02:29:35.483
7688 7 7225 2018-04-01T08:11:43.63
7688 125 7225 2018-04-01T08:11:43.63
7705 137 7230 2018-04-07T12:11:16.647
7707 88 7232 2018-04-07T20:59:52.86
7707 75 7232 2018-04-07T20:59:52.86
7707 131 7232 2018-04-07T20:59:52.86
7710 84 7233 2018-04-09T16:49:17.977
7702 93 7237 2018-04-10T10:26:21.057
4309 118 7241 2018-04-13T19:13:38.65
4309 115 7241 2018-04-13T19:13:38.65
4309 128 7241 2018-04-13T19:13:38.65
4309 127 7241 2018-04-13T19:13:38.65
7727 111 7245 2018-04-15T19:25:32.583
7727 58 7245 2018-04-15T19:25:32.583
7727 35 7245 2018-04-15T19:25:32.583
7702 115 7251 2018-04-17T19:47:54.583
7702 130 7251 2018-04-17T19:47:54.583
4309 123 7255 2018-04-27T19:03:23.517
7753 113 7260 2018-04-30T17:42:21.057
7702 118 7262 2018-05-02T08:53:51.877
7702 130 7262 2018-05-02T08:53:51.877
7702 110 7262 2018-05-02T08:53:51.877
7702 111 7263 2018-05-03T09:35:11.83
7702 118 7263 2018-05-03T09:35:11.83
7702 120 7263 2018-05-03T09:35:11.83
7702 138 7263 2018-05-03T09:35:11.83
7702 30 7265 2018-05-04T20:48:19.647
7702 118 7265 2018-05-04T20:48:19.647
7702 115 7265 2018-05-04T20:48:19.647
7737 118 7267 2018-05-05T10:55:04.027
7702 111 7271 2018-05-08T20:31:56.44
7702 108 7271 2018-05-08T20:31:56.44
7702 118 7275 2018-05-10T10:59:42.91
7702 44 7275 2018-05-10T10:59:42.91
7702 120 7275 2018-05-10T10:59:42.91
7702 117 7275 2018-05-10T10:59:42.91
7702 52 7280 2018-05-14T10:43:46.003
7702 118 7280 2018-05-14T10:43:46.003
7702 117 7280 2018-05-14T10:43:46.003
7785 50 7282 2018-05-14T20:23:36.22
7786 7 7283 2018-05-14T22:47:43.093
7786 7 7291 2018-05-15T23:24:12.46
2647 111 7301 2018-05-18T08:41:35.203
2647 7 7301 2018-05-18T08:41:35.203
2647 24 7301 2018-05-18T08:41:35.203
2647 137 7301 2018-05-18T08:41:35.203
938 43 7304 2018-05-18T18:52:46.213
938 93 7304 2018-05-18T18:52:46.213
7808 52 7309 2018-05-20T16:25:05.603
4742 75 7318 2018-05-29T07:17:25.523
7702 118 7321 2018-06-01T16:05:07.02
7702 139 7321 2018-06-01T16:05:07.02
7702 140 7321 2018-06-01T16:05:07.02
7778 111 7323 2018-06-02T17:50:27.403
7860 43 7341 2018-06-15T06:13:35.253
7860 7 7341 2018-06-15T06:13:35.253
7860 5 7341 2018-06-15T06:13:35.253
123 43 7344 2018-06-19T06:54:05.447
123 93 7344 2018-06-19T06:54:05.447
123 102 7344 2018-06-19T06:54:05.447
123 141 7344 2018-06-19T06:54:05.447
123 90 7344 2018-06-19T06:54:05.447
4742 80 7351 2018-06-25T07:51:17.397
4742 87 7351 2018-06-25T07:51:17.397
123 111 7355 2018-06-26T02:53:40.557
123 93 7355 2018-06-26T02:53:40.557
123 142 7355 2018-06-26T02:53:40.557
123 143 7355 2018-06-26T02:53:40.557
7887 19 7356 2018-06-27T13:51:31.633
7887 7 7356 2018-06-27T13:51:31.633
7887 52 7356 2018-06-27T13:51:31.633
7887 5 7356 2018-06-27T13:51:31.633
7887 75 7356 2018-06-27T13:51:31.633
6788 30 7360 2018-06-28T20:35:11.55
7894 112 7363 2018-07-01T09:49:04.54
7898 19 7365 2018-07-02T11:13:58.8
7898 111 7365 2018-07-02T11:13:58.8
7898 52 7365 2018-07-02T11:13:58.8
7898 30 7365 2018-07-02T11:13:58.8
7898 111 7368 2018-07-02T19:11:50.173
7898 2 7368 2018-07-02T19:11:50.173
7898 30 7368 2018-07-02T19:11:50.173
7914 111 7374 2018-07-07T02:35:03.43
7914 42 7374 2018-07-07T02:35:03.43
7914 111 7375 2018-07-07T03:42:14.01
7914 45 7375 2018-07-07T03:42:14.01
7894 129 7376 2018-07-07T07:43:35.657
7894 90 7376 2018-07-07T07:43:35.657
7922 56 7381 2018-07-12T14:35:02.68
7922 45 7381 2018-07-12T14:35:02.68
5064 111 7383 2018-07-15T12:31:30.4
5064 2 7383 2018-07-15T12:31:30.4
7931 108 7385 2018-07-17T04:00:14.61
7939 109 7393 2018-07-21T15:40:31.097
7939 118 7393 2018-07-21T15:40:31.097
7939 140 7393 2018-07-21T15:40:31.097
7198 55 7397 2018-07-23T21:41:30.997
7198 30 7397 2018-07-23T21:41:30.997
7198 125 7397 2018-07-23T21:41:30.997
5064 2 7400 2018-07-26T11:21:47.637
5064 3 7400 2018-07-26T11:21:47.637
7959 111 7404 2018-07-27T13:49:56.54
5479 110 7408 2018-07-29T11:00:26.56
7974 144 7412 2018-08-02T07:03:03.46
7977 30 7415 2018-08-02T22:05:41.01
7977 115 7415 2018-08-02T22:05:41.01
7980 100 7416 2018-08-03T12:21:25.42
7980 104 7416 2018-08-03T12:21:25.42
7986 137 7419 2018-08-05T05:21:16.217
7991 3 7423 2018-08-07T18:54:00.717
7991 43 7423 2018-08-07T18:54:00.717
7991 93 7423 2018-08-07T18:54:00.717
7935 58 7424 2018-08-09T11:03:28.823
7935 38 7424 2018-08-09T11:03:28.823
7935 125 7424 2018-08-09T11:03:28.823
7935 137 7424 2018-08-09T11:03:28.823
7995 109 7428 2018-08-09T19:49:46.35
7995 112 7428 2018-08-09T19:49:46.35
7995 67 7428 2018-08-09T19:49:46.35
7954 3 7430 2018-08-11T18:48:21.547
7954 55 7430 2018-08-11T18:48:21.547
7954 80 7430 2018-08-11T18:48:21.547
7954 93 7430 2018-08-11T18:48:21.547
7954 125 7430 2018-08-11T18:48:21.547
7954 3 7431 2018-08-11T18:51:25.69
7954 55 7431 2018-08-11T18:51:25.69
7954 125 7431 2018-08-11T18:51:25.69
7954 101 7431 2018-08-11T18:51:25.69
7954 3 7432 2018-08-11T18:57:15.147
7954 55 7432 2018-08-11T18:57:15.147
7954 93 7432 2018-08-11T18:57:15.147
7954 1 7432 2018-08-11T18:57:15.147
7954 3 7433 2018-08-11T19:01:00.043
7954 93 7433 2018-08-11T19:01:00.043
7954 1 7433 2018-08-11T19:01:00.043
8002 7 7434 2018-08-12T19:07:37.753
8002 5 7434 2018-08-12T19:07:37.753
8002 113 7434 2018-08-12T19:07:37.753
8015 30 7437 2018-08-15T12:55:12.803
8015 36 7437 2018-08-15T12:55:12.803
6366 118 7439 2018-08-16T15:12:46.147
6366 116 7439 2018-08-16T15:12:46.147
6366 145 7439 2018-08-16T15:12:46.147
6366 146 7439 2018-08-16T15:12:46.147
8019 118 7440 2018-08-16T18:19:41.033
7954 19 7445 2018-08-19T09:34:04.38
7954 111 7445 2018-08-19T09:34:04.38
7954 108 7445 2018-08-19T09:34:04.38
7954 111 7446 2018-08-19T09:37:00.403
7954 108 7446 2018-08-19T09:37:00.403
7954 104 7446 2018-08-19T09:37:00.403
7954 111 7447 2018-08-19T09:39:39.537
7954 108 7447 2018-08-19T09:39:39.537
7954 111 7448 2018-08-19T09:44:42.243
7954 108 7448 2018-08-19T09:44:42.243
7954 104 7448 2018-08-19T09:44:42.243
7954 109 7450 2018-08-21T08:49:29.35
7954 118 7450 2018-08-21T08:49:29.35
7954 100 7450 2018-08-21T08:49:29.35
7954 112 7450 2018-08-21T08:49:29.35
7954 114 7450 2018-08-21T08:49:29.35
8038 7 7453 2018-08-23T04:53:05.417
6366 111 7456 2018-08-26T14:29:07.253
6366 147 7456 2018-08-26T14:29:07.253
6366 148 7456 2018-08-26T14:29:07.253
6366 111 7457 2018-08-26T15:09:26.68
6366 116 7457 2018-08-26T15:09:26.68
6366 149 7457 2018-08-26T15:09:26.68
8056 36 7461 2018-08-28T20:20:52.187
8056 93 7461 2018-08-28T20:20:52.187
8062 111 7463 2018-09-02T02:21:08.217
8062 108 7463 2018-09-02T02:21:08.217
7198 55 7464 2018-09-02T03:31:46.593
7198 88 7464 2018-09-02T03:31:46.593
7198 36 7464 2018-09-02T03:31:46.593
7198 100 7464 2018-09-02T03:31:46.593
7198 62 7464 2018-09-02T03:31:46.593
