4 1 1 2015-01-27T20:09:32.72
4 2 1 2015-01-27T20:09:32.72
8 3 2 2015-01-27T20:13:58.61
8 4 2 2015-01-27T20:13:58.61
8 5 2 2015-01-27T20:13:58.61
8 6 3 2015-01-27T20:20:05.7
8 7 3 2015-01-27T20:20:05.7
8 4 4 2015-01-27T20:30:33.657
8 5 4 2015-01-27T20:30:33.657
8 8 5 2015-01-27T20:34:58.077
8 9 5 2015-01-27T20:34:58.077
16 10 6 2015-01-27T20:39:34.113
19 11 9 2015-01-27T20:53:01.987
19 12 9 2015-01-27T20:53:01.987
8 8 10 2015-01-27T20:55:37.073
8 13 10 2015-01-27T20:55:37.073
19 1 12 2015-01-27T20:59:25.627
19 3 12 2015-01-27T20:59:25.627
25 1 13 2015-01-27T21:00:21.06
25 3 13 2015-01-27T21:00:21.06
22 6 14 2015-01-27T21:02:09.41
23 7 16 2015-01-27T21:03:46.707
23 14 16 2015-01-27T21:03:46.707
23 15 16 2015-01-27T21:03:46.707
23 16 25 2015-01-27T21:17:51.653
31 8 26 2015-01-27T21:18:15.86
31 7 26 2015-01-27T21:18:15.86
34 13 28 2015-01-27T21:23:20.747
34 17 28 2015-01-27T21:23:20.747
25 10 29 2015-01-27T21:27:09.077
25 18 29 2015-01-27T21:27:09.077
25 19 29 2015-01-27T21:27:09.077
4 20 36 2015-01-27T21:52:59.63
48 3 38 2015-01-27T22:03:02.643
48 7 38 2015-01-27T22:03:02.643
39 21 39 2015-01-27T22:07:46.3
39 22 39 2015-01-27T22:07:46.3
48 3 40 2015-01-27T22:08:34.497
48 1 40 2015-01-27T22:08:34.497
48 23 40 2015-01-27T22:08:34.497
48 24 43 2015-01-27T22:11:21.803
48 25 44 2015-01-27T22:15:06.293
48 26 44 2015-01-27T22:15:06.293
44 13 48 2015-01-27T22:20:11.957
54 6 52 2015-01-27T22:31:05.283
54 6 53 2015-01-27T22:33:51.377
54 21 53 2015-01-27T22:33:51.377
54 27 53 2015-01-27T22:33:51.377
58 7 54 2015-01-27T22:33:56.587
58 28 54 2015-01-27T22:33:56.587
65 29 56 2015-01-27T22:36:12.25
65 30 56 2015-01-27T22:36:12.25
68 21 58 2015-01-27T22:41:45.373
68 12 58 2015-01-27T22:41:45.373
75 11 60 2015-01-27T22:49:00.85
75 31 60 2015-01-27T22:49:00.85
79 32 63 2015-01-27T22:54:44.59
79 33 63 2015-01-27T22:54:44.59
79 34 63 2015-01-27T22:54:44.59
52 6 66 2015-01-27T23:09:27.093
52 25 66 2015-01-27T23:09:27.093
52 35 66 2015-01-27T23:09:27.093
85 3 70 2015-01-27T23:22:28.207
85 36 70 2015-01-27T23:22:28.207
85 37 70 2015-01-27T23:22:28.207
90 15 75 2015-01-27T23:48:13.63
90 7 78 2015-01-27T23:53:26.76
90 38 78 2015-01-27T23:53:26.76
90 39 78 2015-01-27T23:53:26.76
86 7 79 2015-01-27T23:53:51.513
86 18 79 2015-01-27T23:53:51.513
31 7 81 2015-01-28T00:13:43.66
31 40 81 2015-01-28T00:13:43.66
95 6 84 2015-01-28T00:29:53.437
95 13 84 2015-01-28T00:29:53.437
80 19 89 2015-01-28T01:15:44.047
80 29 89 2015-01-28T01:15:44.047
110 11 93 2015-01-28T03:12:46.843
110 6 93 2015-01-28T03:12:46.843
110 11 94 2015-01-28T03:15:34.813
110 18 94 2015-01-28T03:15:34.813
110 11 95 2015-01-28T03:19:40.67
110 34 95 2015-01-28T03:19:40.67
110 14 96 2015-01-28T03:25:30.27
110 28 96 2015-01-28T03:25:30.27
110 12 97 2015-01-28T03:29:13.23
110 38 97 2015-01-28T03:29:13.23
98 41 98 2015-01-28T03:45:57.007
98 4 98 2015-01-28T03:45:57.007
110 1 99 2015-01-28T04:14:05.12
110 42 99 2015-01-28T04:14:05.12
101 2 100 2015-01-28T04:37:55.437
101 43 100 2015-01-28T04:37:55.437
48 3 104 2015-01-28T07:08:41.277
48 1 104 2015-01-28T07:08:41.277
121 11 111 2015-01-28T08:07:19.013
8 1 113 2015-01-28T08:56:52.877
8 23 113 2015-01-28T08:56:52.877
127 9 115 2015-01-28T09:35:14.093
127 35 116 2015-01-28T09:36:34.937
127 43 116 2015-01-28T09:36:34.937
127 44 120 2015-01-28T09:42:38.663
127 38 122 2015-01-28T09:49:38.713
127 1 123 2015-01-28T09:51:59.717
127 45 124 2015-01-28T09:56:25.303
127 8 125 2015-01-28T09:59:11.077
127 46 126 2015-01-28T10:17:27.2
127 38 127 2015-01-28T10:32:43.69
127 18 128 2015-01-28T10:34:16.883
124 6 131 2015-01-28T11:47:20.727
101 11 137 2015-01-28T13:24:19.927
101 12 137 2015-01-28T13:24:19.927
110 24 139 2015-01-28T13:46:30.137
110 47 139 2015-01-28T13:46:30.137
140 48 147 2015-01-28T14:47:42.027
127 24 149 2015-01-28T15:04:33.353
127 34 150 2015-01-28T15:08:27.487
127 49 150 2015-01-28T15:08:27.487
127 50 150 2015-01-28T15:08:27.487
5 11 153 2015-01-28T15:22:57.537
5 12 153 2015-01-28T15:22:57.537
145 33 157 2015-01-28T16:29:16.517
145 51 157 2015-01-28T16:29:16.517
65 24 159 2015-01-28T16:46:59.173
48 6 160 2015-01-28T17:13:05.01
48 3 160 2015-01-28T17:13:05.01
48 1 160 2015-01-28T17:13:05.01
2 7 163 2015-01-28T17:19:04.8
2 11 163 2015-01-28T17:19:04.8
2 7 164 2015-01-28T17:22:33.067
149 46 167 2015-01-28T17:32:36.943
2 20 170 2015-01-28T18:07:44.81
31 6 171 2015-01-28T18:08:38.557
31 52 171 2015-01-28T18:08:38.557
31 51 171 2015-01-28T18:08:38.557
110 11 178 2015-01-28T18:41:21.287
110 53 178 2015-01-28T18:41:21.287
110 54 178 2015-01-28T18:41:21.287
149 46 180 2015-01-28T19:14:38.603
166 3 183 2015-01-28T19:49:01.43
166 37 183 2015-01-28T19:49:01.43
169 6 184 2015-01-28T20:11:15.533
169 55 184 2015-01-28T20:11:15.533
76 10 186 2015-01-28T20:15:32.01
76 56 186 2015-01-28T20:15:32.01
39 10 192 2015-01-28T21:27:09.91
39 10 193 2015-01-28T21:28:56.403
39 19 193 2015-01-28T21:28:56.403
2 7 202 2015-01-28T23:36:47.983
2 11 202 2015-01-28T23:36:47.983
18 18 204 2015-01-29T01:17:58.05
18 44 204 2015-01-29T01:17:58.05
179 24 208 2015-01-29T04:25:28.37
179 44 208 2015-01-29T04:25:28.37
172 7 209 2015-01-29T06:54:06.853
172 57 209 2015-01-29T06:54:06.853
172 58 209 2015-01-29T06:54:06.853
131 19 211 2015-01-29T07:07:36.597
181 59 212 2015-01-29T07:20:14.637
181 60 212 2015-01-29T07:20:14.637
121 34 214 2015-01-29T08:56:39.003
121 61 214 2015-01-29T08:56:39.003
121 49 214 2015-01-29T08:56:39.003
127 7 217 2015-01-29T12:52:41.647
127 7 218 2015-01-29T12:55:04.763
127 8 218 2015-01-29T12:55:04.763
127 22 218 2015-01-29T12:55:04.763
185 24 221 2015-01-29T14:22:22.37
185 18 221 2015-01-29T14:22:22.37
52 24 222 2015-01-29T15:57:36.713
52 18 222 2015-01-29T15:57:36.713
31 6 224 2015-01-29T16:21:53.483
125 7 228 2015-01-29T17:08:38.667
125 6 228 2015-01-29T17:08:38.667
196 6 236 2015-01-29T19:39:26.54
196 62 236 2015-01-29T19:39:26.54
197 8 240 2015-01-29T20:43:20.233
197 20 240 2015-01-29T20:43:20.233
197 8 242 2015-01-29T20:54:47.213
197 6 244 2015-01-29T21:17:42.3
197 21 244 2015-01-29T21:17:42.3
197 1 245 2015-01-29T21:26:53.47
197 21 245 2015-01-29T21:26:53.47
18 6 250 2015-01-29T22:55:31.433
98 41 253 2015-01-30T02:32:20.417
98 63 253 2015-01-30T02:32:20.417
98 64 253 2015-01-30T02:32:20.417
98 65 253 2015-01-30T02:32:20.417
29 7 255 2015-01-30T09:33:03.69
29 36 255 2015-01-30T09:33:03.69
87 6 257 2015-01-30T14:05:48.437
78 36 259 2015-01-30T15:22:36.593
78 66 259 2015-01-30T15:22:36.593
31 66 263 2015-01-30T16:36:51.173
31 67 263 2015-01-30T16:36:51.173
34 19 264 2015-01-30T16:42:21.88
110 11 270 2015-01-30T18:00:18.35
110 53 270 2015-01-30T18:00:18.35
2 7 275 2015-01-31T15:07:49.897
2 8 275 2015-01-31T15:07:49.897
124 8 282 2015-02-01T12:02:10.177
181 68 284 2015-02-01T21:06:52.52
127 18 285 2015-02-01T22:43:44.643
127 19 285 2015-02-01T22:43:44.643
127 36 286 2015-02-01T22:48:34.427
127 40 286 2015-02-01T22:48:34.427
127 69 287 2015-02-01T22:51:38.75
191 7 296 2015-02-02T09:08:08.43
191 11 296 2015-02-02T09:08:08.43
191 12 296 2015-02-02T09:08:08.43
224 36 297 2015-02-02T09:10:02.32
127 69 299 2015-02-02T09:46:02.247
127 40 300 2015-02-02T12:43:54.243
127 1 303 2015-02-02T16:18:51.593
127 70 303 2015-02-02T16:18:51.593
131 24 304 2015-02-02T16:42:21.77
131 19 304 2015-02-02T16:42:21.77
131 2 304 2015-02-02T16:42:21.77
131 30 311 2015-02-03T13:50:32.37
127 18 315 2015-02-03T16:17:07.943
127 37 315 2015-02-03T16:17:07.943
127 71 315 2015-02-03T16:17:07.943
214 6 320 2015-02-03T18:58:01.593
214 35 320 2015-02-03T18:58:01.593
214 62 320 2015-02-03T18:58:01.593
214 43 320 2015-02-03T18:58:01.593
214 29 321 2015-02-03T19:22:59.147
214 30 321 2015-02-03T19:22:59.147
145 7 325 2015-02-04T13:26:55.563
145 72 325 2015-02-04T13:26:55.563
145 15 325 2015-02-04T13:26:55.563
145 72 326 2015-02-04T13:31:07.73
131 29 327 2015-02-04T13:36:27.463
131 30 327 2015-02-04T13:36:27.463
242 6 328 2015-02-04T14:27:54.213
242 4 328 2015-02-04T14:27:54.213
145 7 332 2015-02-04T16:39:46.71
145 11 332 2015-02-04T16:39:46.71
145 19 332 2015-02-04T16:39:46.71
145 67 332 2015-02-04T16:39:46.71
8 7 337 2015-02-04T20:23:12.423
8 4 337 2015-02-04T20:23:12.423
8 5 337 2015-02-04T20:23:12.423
8 73 337 2015-02-04T20:23:12.423
8 7 339 2015-02-04T20:35:22.357
8 4 339 2015-02-04T20:35:22.357
8 5 339 2015-02-04T20:35:22.357
98 10 343 2015-02-05T01:13:53.993
47 33 344 2015-02-05T02:27:38.94
47 61 344 2015-02-05T02:27:38.94
47 74 344 2015-02-05T02:27:38.94
8 74 345 2015-02-05T10:36:12.45
52 7 349 2015-02-05T21:34:32.363
52 6 349 2015-02-05T21:34:32.363
52 36 349 2015-02-05T21:34:32.363
52 58 349 2015-02-05T21:34:32.363
48 7 352 2015-02-06T07:30:08.843
48 75 352 2015-02-06T07:30:08.843
48 24 355 2015-02-06T07:35:18.877
48 23 356 2015-02-06T07:36:34.933
127 38 366 2015-02-06T11:29:37.327
127 39 366 2015-02-06T11:29:37.327
127 1 367 2015-02-06T11:36:21.16
127 6 367 2015-02-06T11:36:21.16
127 76 368 2015-02-06T11:37:57.603
127 44 373 2015-02-06T14:10:01.387
127 59 373 2015-02-06T14:10:01.387
127 60 373 2015-02-06T14:10:01.387
80 6 383 2015-02-08T20:31:19.27
127 6 385 2015-02-09T10:59:33.89
132 18 386 2015-02-09T12:16:01.237
132 24 386 2015-02-09T12:16:01.237
131 6 388 2015-02-09T14:35:29.603
131 19 388 2015-02-09T14:35:29.603
269 11 399 2015-02-09T20:26:54.353
269 13 399 2015-02-09T20:26:54.353
267 7 400 2015-02-09T20:38:03.06
267 14 400 2015-02-09T20:38:03.06
266 7 402 2015-02-09T21:04:06.47
266 11 402 2015-02-09T21:04:06.47
98 14 405 2015-02-10T00:18:02.973
98 31 405 2015-02-10T00:18:02.973
225 11 408 2015-02-10T00:37:50.367
267 77 411 2015-02-10T02:36:19.047
78 24 413 2015-02-10T04:49:30.27
78 18 413 2015-02-10T04:49:30.27
127 7 415 2015-02-10T15:25:26.323
127 11 415 2015-02-10T15:25:26.323
262 67 418 2015-02-10T15:59:52.927
262 38 418 2015-02-10T15:59:52.927
262 78 418 2015-02-10T15:59:52.927
277 7 424 2015-02-10T23:11:04.71
277 6 424 2015-02-10T23:11:04.71
277 15 424 2015-02-10T23:11:04.71
56 34 425 2015-02-11T00:20:12.9
277 6 429 2015-02-11T10:31:10.937
277 34 429 2015-02-11T10:31:10.937
92 67 431 2015-02-11T13:51:37.747
92 14 431 2015-02-11T13:51:37.747
92 41 431 2015-02-11T13:51:37.747
262 67 434 2015-02-11T15:46:37.497
262 4 434 2015-02-11T15:46:37.497
262 5 434 2015-02-11T15:46:37.497
262 79 434 2015-02-11T15:46:37.497
191 6 435 2015-02-11T20:18:16.72
191 11 435 2015-02-11T20:18:16.72
286 48 436 2015-02-11T22:30:48.347
101 8 443 2015-02-12T06:00:13.81
101 16 443 2015-02-12T06:00:13.81
267 70 450 2015-02-12T20:54:08.63
191 69 451 2015-02-12T21:27:46.207
191 8 452 2015-02-12T21:33:52.173
191 77 453 2015-02-12T21:35:37.563
52 35 458 2015-02-13T07:52:23.357
52 43 458 2015-02-13T07:52:23.357
294 18 462 2015-02-13T15:31:12.3
266 7 463 2015-02-13T15:34:12.027
266 11 463 2015-02-13T15:34:12.027
266 10 463 2015-02-13T15:34:12.027
294 18 464 2015-02-13T15:42:24.783
294 24 464 2015-02-13T15:42:24.783
294 18 467 2015-02-13T15:56:36.113
294 24 467 2015-02-13T15:56:36.113
302 7 471 2015-02-14T07:14:59.317
302 49 471 2015-02-14T07:14:59.317
294 24 473 2015-02-14T11:08:58.94
294 43 473 2015-02-14T11:08:58.94
294 7 474 2015-02-14T11:16:54.88
294 32 474 2015-02-14T11:16:54.88
294 2 478 2015-02-14T21:50:33.627
294 24 479 2015-02-14T21:56:21.237
305 36 481 2015-02-15T03:39:00.023
305 14 481 2015-02-15T03:39:00.023
191 57 483 2015-02-15T13:15:10.28
302 24 485 2015-02-16T03:01:49.853
302 7 488 2015-02-16T16:52:53.937
302 11 488 2015-02-16T16:52:53.937
302 38 488 2015-02-16T16:52:53.937
127 7 495 2015-02-17T10:40:45.007
127 6 495 2015-02-17T10:40:45.007
317 7 498 2015-02-17T13:32:50.777
317 80 498 2015-02-17T13:32:50.777
75 19 1504 2015-02-17T22:34:35.25
98 19 1508 2015-02-18T13:50:57.553
98 68 1508 2015-02-18T13:50:57.553
203 7 1509 2015-02-18T16:30:25.92
203 72 1509 2015-02-18T16:30:25.92
203 81 1509 2015-02-18T16:30:25.92
80 7 1512 2015-02-18T20:52:23.693
80 81 1512 2015-02-18T20:52:23.693
108 4 1518 2015-02-19T00:24:17.67
108 20 1518 2015-02-19T00:24:17.67
230 38 1519 2015-02-19T00:55:42.42
195 21 1523 2015-02-19T11:15:44.037
262 4 1524 2015-02-19T13:09:59.117
262 41 1524 2015-02-19T13:09:59.117
262 79 1524 2015-02-19T13:09:59.117
259 6 1527 2015-02-19T19:06:26.443
259 19 1527 2015-02-19T19:06:26.443
259 35 1527 2015-02-19T19:06:26.443
363 67 1532 2015-02-20T04:58:34.89
363 15 1532 2015-02-20T04:58:34.89
363 82 1532 2015-02-20T04:58:34.89
127 77 1533 2015-02-20T12:25:13.317
368 7 1535 2015-02-20T12:44:50.91
259 3 1540 2015-02-20T16:35:28.377
259 13 1540 2015-02-20T16:35:28.377
277 67 1542 2015-02-21T10:51:17.603
277 58 1542 2015-02-21T10:51:17.603
262 4 1551 2015-02-23T14:17:29.033
262 67 1551 2015-02-23T14:17:29.033
262 79 1551 2015-02-23T14:17:29.033
127 83 1552 2015-02-23T14:47:42.47
387 14 1557 2015-02-23T20:46:22.593
262 14 1562 2015-02-24T02:40:29.807
262 26 1564 2015-02-24T20:05:17.107
262 31 1564 2015-02-24T20:05:17.107
262 28 1564 2015-02-24T20:05:17.107
394 1 1566 2015-02-24T22:02:10.3
394 19 1566 2015-02-24T22:02:10.3
75 7 1570 2015-02-25T01:59:29.643
75 41 1570 2015-02-25T01:59:29.643
75 84 1570 2015-02-25T01:59:29.643
75 4 1571 2015-02-25T02:14:09.45
75 67 1571 2015-02-25T02:14:09.45
75 41 1571 2015-02-25T02:14:09.45
75 79 1571 2015-02-25T02:14:09.45
127 11 1572 2015-02-25T10:45:04.423
127 53 1572 2015-02-25T10:45:04.423
300 1 1575 2015-02-26T08:56:18.237
300 2 1575 2015-02-26T08:56:18.237
423 18 1579 2015-03-01T07:42:33.643
423 19 1579 2015-03-01T07:42:33.643
423 26 1579 2015-03-01T07:42:33.643
423 45 1579 2015-03-01T07:42:33.643
423 28 1579 2015-03-01T07:42:33.643
2 11 1582 2015-03-01T18:46:02.093
2 12 1582 2015-03-01T18:46:02.093
2 7 1583 2015-03-01T19:12:04.953
2 9 1583 2015-03-01T19:12:04.953
266 7 1587 2015-03-02T17:12:59.093
266 85 1587 2015-03-02T17:12:59.093
76 67 1588 2015-03-02T17:28:52.347
76 10 1588 2015-03-02T17:28:52.347
76 16 1588 2015-03-02T17:28:52.347
76 20 1588 2015-03-02T17:28:52.347
262 11 1590 2015-03-02T21:24:49.113
262 67 1590 2015-03-02T21:24:49.113
262 9 1590 2015-03-02T21:24:49.113
157 1 1593 2015-03-03T14:48:39.09
157 3 1593 2015-03-03T14:48:39.09
157 86 1593 2015-03-03T14:48:39.09
157 24 1594 2015-03-03T14:54:17.03
157 18 1594 2015-03-03T14:54:17.03
157 1 1595 2015-03-03T15:01:09.163
266 7 1598 2015-03-03T16:44:29.423
266 11 1598 2015-03-03T16:44:29.423
179 24 1603 2015-03-04T02:25:58.357
179 44 1603 2015-03-04T02:25:58.357
203 6 1608 2015-03-04T14:04:01.187
34 24 1615 2015-03-04T22:26:52.973
34 85 1615 2015-03-04T22:26:52.973
394 6 1619 2015-03-05T09:29:19.353
394 87 1619 2015-03-05T09:29:19.353
127 24 1620 2015-03-05T14:01:08.69
127 18 1620 2015-03-05T14:01:08.69
443 7 1623 2015-03-06T22:21:44.823
443 21 1623 2015-03-06T22:21:44.823
443 15 1623 2015-03-06T22:21:44.823
262 67 1628 2015-03-09T11:55:28.463
262 16 1628 2015-03-09T11:55:28.463
131 1 1633 2015-03-11T12:40:15.313
502 74 1641 2015-03-15T10:56:15.697
259 7 1643 2015-03-17T13:14:28.497
259 3 1643 2015-03-17T13:14:28.497
259 36 1643 2015-03-17T13:14:28.497
127 11 1647 2015-03-17T16:27:45.407
127 8 1647 2015-03-17T16:27:45.407
510 7 1649 2015-03-18T14:31:54.673
510 18 1649 2015-03-18T14:31:54.673
526 6 1653 2015-03-20T10:26:17.603
526 11 1653 2015-03-20T10:26:17.603
526 51 1653 2015-03-20T10:26:17.603
532 34 1656 2015-03-21T14:26:03.62
532 33 1656 2015-03-21T14:26:03.62
532 74 1656 2015-03-21T14:26:03.62
532 61 1656 2015-03-21T14:26:03.62
535 7 1658 2015-03-22T21:15:49.073
535 41 1658 2015-03-22T21:15:49.073
535 79 1658 2015-03-22T21:15:49.073
535 5 1658 2015-03-22T21:15:49.073
535 88 1658 2015-03-22T21:15:49.073
526 11 1668 2015-03-25T10:40:59.807
526 19 1668 2015-03-25T10:40:59.807
535 19 1671 2015-03-25T19:29:39.88
535 2 1671 2015-03-25T19:29:39.88
535 71 1671 2015-03-25T19:29:39.88
535 83 1671 2015-03-25T19:29:39.88
563 6 1675 2015-03-27T17:04:13.903
563 4 1675 2015-03-27T17:04:13.903
576 36 1683 2015-03-30T15:05:31.327
576 73 1683 2015-03-30T15:05:31.327
443 10 1686 2015-03-31T00:06:04.637
443 56 1686 2015-03-31T00:06:04.637
266 12 1687 2015-03-31T14:20:33.757
266 33 1687 2015-03-31T14:20:33.757
266 74 1687 2015-03-31T14:20:33.757
34 2 1689 2015-04-01T12:54:30.94
2 7 1692 2015-04-01T17:04:05.39
2 11 1692 2015-04-01T17:04:05.39
589 21 1694 2015-04-01T20:23:09
589 36 1695 2015-04-01T20:29:22.887
16 10 1698 2015-04-02T08:10:31.677
599 21 1704 2015-04-03T16:09:19.373
612 67 1712 2015-04-03T18:49:11.01
623 36 1714 2015-04-08T03:41:26.1
623 41 1714 2015-04-08T03:41:26.1
8 4 1715 2015-04-08T07:58:40.8
8 5 1715 2015-04-08T07:58:40.8
615 6 1720 2015-04-09T11:31:45.36
615 23 1720 2015-04-09T11:31:45.36
589 21 1721 2015-04-09T12:07:39
636 1 1725 2015-04-10T04:47:26.287
641 7 1727 2015-04-10T17:38:16.807
641 38 1727 2015-04-10T17:38:16.807
642 5 1728 2015-04-10T21:07:07.09
643 4 1729 2015-04-11T02:56:37.98
643 67 1729 2015-04-11T02:56:37.98
71 7 1735 2015-04-13T17:20:41.643
71 73 1735 2015-04-13T17:20:41.643
662 21 1747 2015-04-16T09:36:14.93
526 18 1748 2015-04-16T09:48:24.33
44 7 1749 2015-04-16T17:03:20.437
44 21 1749 2015-04-16T17:03:20.437
44 37 1749 2015-04-16T17:03:20.437
668 41 1750 2015-04-16T18:34:41.96
668 79 1750 2015-04-16T18:34:41.96
668 37 1750 2015-04-16T18:34:41.96
612 18 1751 2015-04-16T19:10:25.173
612 77 1751 2015-04-16T19:10:25.173
157 6 1760 2015-04-18T15:31:15.91
157 47 1760 2015-04-18T15:31:15.91
52 7 1761 2015-04-19T20:42:48.133
52 67 1761 2015-04-19T20:42:48.133
52 26 1761 2015-04-19T20:42:48.133
282 19 1765 2015-04-20T20:43:15.61
282 47 1765 2015-04-20T20:43:15.61
699 7 1769 2015-04-22T13:58:21.53
699 19 1769 2015-04-22T13:58:21.53
699 4 1769 2015-04-22T13:58:21.53
699 17 1769 2015-04-22T13:58:21.53
52 19 1775 2015-04-23T18:42:34.843
52 18 1775 2015-04-23T18:42:34.843
52 28 1775 2015-04-23T18:42:34.843
52 37 1775 2015-04-23T18:42:34.843
52 48 1775 2015-04-23T18:42:34.843
25 7 1778 2015-04-24T13:31:20.393
25 6 1778 2015-04-24T13:31:20.393
25 38 1778 2015-04-24T13:31:20.393
25 15 1778 2015-04-24T13:31:20.393
683 29 1784 2015-04-26T17:45:53.397
683 30 1784 2015-04-26T17:45:53.397
277 11 1786 2015-04-28T13:55:23.377
277 67 1786 2015-04-28T13:55:23.377
722 77 1790 2015-04-28T18:18:36.347
145 67 1792 2015-04-29T16:04:25.4
145 33 1793 2015-04-29T16:09:55.573
145 26 1793 2015-04-29T16:09:55.573
730 35 1800 2015-04-30T07:33:06.463
56 54 1801 2015-04-30T14:21:24.71
56 71 1801 2015-04-30T14:21:24.71
56 75 1801 2015-04-30T14:21:24.71
157 18 1811 2015-05-01T17:46:07.117
157 24 1811 2015-05-01T17:46:07.117
157 13 1812 2015-05-01T17:59:21
157 18 1813 2015-05-01T18:13:00.513
157 24 1813 2015-05-01T18:13:00.513
157 52 1813 2015-05-01T18:13:00.513
747 3 1826 2015-05-04T22:09:40.8
747 70 1826 2015-05-04T22:09:40.8
755 3 1833 2015-05-07T16:10:12.503
755 58 1833 2015-05-07T16:10:12.503
755 57 1833 2015-05-07T16:10:12.503
758 19 1834 2015-05-08T05:26:17.877
758 10 1834 2015-05-08T05:26:17.877
768 6 1837 2015-05-12T15:23:08.56
25 1 1838 2015-05-13T10:51:57.12
25 72 1838 2015-05-13T10:51:57.12
775 7 1842 2015-05-13T20:42:10.24
775 6 1842 2015-05-13T20:42:10.24
686 10 1843 2015-05-13T22:55:36.43
686 26 1843 2015-05-13T22:55:36.43
798 11 1847 2015-05-16T20:18:04.533
798 38 1847 2015-05-16T20:18:04.533
225 4 1850 2015-05-17T15:12:50.24
225 26 1850 2015-05-17T15:12:50.24
225 79 1850 2015-05-17T15:12:50.24
225 28 1850 2015-05-17T15:12:50.24
816 24 1856 2015-05-20T05:32:11.007
819 11 1860 2015-05-21T14:14:02.167
819 7 1863 2015-05-21T20:58:52.917
819 11 1863 2015-05-21T20:58:52.917
819 15 1863 2015-05-21T20:58:52.917
819 28 1863 2015-05-21T20:58:52.917
819 9 1863 2015-05-21T20:58:52.917
827 18 1869 2015-05-22T16:18:49.883
827 3 1869 2015-05-22T16:18:49.883
2 14 1872 2015-05-23T14:13:56.513
563 70 1875 2015-05-25T01:29:54.05
195 4 1876 2015-05-26T12:36:57.123
195 28 1876 2015-05-26T12:36:57.123
195 27 1876 2015-05-26T12:36:57.123
563 16 1877 2015-05-26T18:11:29.413
563 46 1877 2015-05-26T18:11:29.413
862 80 1883 2015-05-29T21:18:24.963
98 7 1884 2015-05-29T21:52:55.143
98 77 1884 2015-05-29T21:52:55.143
873 3 1890 2015-05-31T21:35:00.147
873 10 1890 2015-05-31T21:35:00.147
882 13 1893 2015-06-02T15:12:23.17
882 17 1893 2015-06-02T15:12:23.17
883 6 1894 2015-06-02T20:06:34.85
883 3 1894 2015-06-02T20:06:34.85
886 6 1895 2015-06-02T23:20:24.957
886 4 1895 2015-06-02T23:20:24.957
883 10 1898 2015-06-03T13:04:16.36
883 35 1898 2015-06-03T13:04:16.36
883 89 1898 2015-06-03T13:04:16.36
883 6 1900 2015-06-03T13:26:24.433
883 72 1900 2015-06-03T13:26:24.433
262 4 1902 2015-06-03T14:22:51.03
262 3 1902 2015-06-03T14:22:51.03
262 67 1902 2015-06-03T14:22:51.03
917 7 1912 2015-06-10T10:34:20.177
917 6 1912 2015-06-10T10:34:20.177
917 14 1912 2015-06-10T10:34:20.177
917 88 1912 2015-06-10T10:34:20.177
918 19 1914 2015-06-10T11:38:57.097
918 1 1914 2015-06-10T11:38:57.097
870 11 1917 2015-06-11T20:21:58.787
870 28 1917 2015-06-11T20:21:58.787
922 18 1923 2015-06-13T01:46:27.723
922 21 1923 2015-06-13T01:46:27.723
589 7 1925 2015-06-15T13:45:01.287
589 36 1925 2015-06-15T13:45:01.287
589 73 1925 2015-06-15T13:45:01.287
127 38 1926 2015-06-15T15:23:11.76
127 39 1926 2015-06-15T15:23:11.76
883 83 1932 2015-06-18T14:01:06.083
954 46 1935 2015-06-19T18:57:20.603
959 19 1936 2015-06-21T05:01:06.447
959 30 1936 2015-06-21T05:01:06.447
959 68 1936 2015-06-21T05:01:06.447
959 11 1938 2015-06-21T18:39:24.113
959 67 1938 2015-06-21T18:39:24.113
970 7 1943 2015-06-23T11:58:01.767
970 24 1943 2015-06-23T11:58:01.767
970 26 1943 2015-06-23T11:58:01.767
974 10 1945 2015-06-23T19:20:40.893
976 11 1951 2015-06-24T05:29:19.59
981 18 1955 2015-06-24T18:09:52.693
175 34 1962 2015-06-25T17:55:20.177
988 13 1964 2015-06-26T01:59:29.573
990 3 1969 2015-06-26T07:48:57.65
998 11 1977 2015-06-27T16:42:46.457
998 67 1977 2015-06-27T16:42:46.457
998 8 1977 2015-06-27T16:42:46.457
998 44 1977 2015-06-27T16:42:46.457
1000 19 1980 2015-06-28T23:45:25.647
1000 1 1980 2015-06-28T23:45:25.647
1004 18 1982 2015-06-29T13:09:48.043
1004 24 1982 2015-06-29T13:09:48.043
127 1 1986 2015-06-30T10:14:23.027
127 37 1986 2015-06-30T10:14:23.027
1016 18 1991 2015-07-03T12:21:14.44
1026 34 1996 2015-07-08T22:27:03.24
1027 6 1998 2015-07-09T04:46:30.727
1027 4 1998 2015-07-09T04:46:30.727
1027 21 1998 2015-07-09T04:46:30.727
1027 57 1998 2015-07-09T04:46:30.727
1037 11 2004 2015-07-11T08:37:16.11
443 56 2007 2015-07-13T22:32:41.427
1062 79 2012 2015-07-17T14:35:37.577
1062 27 2012 2015-07-17T14:35:37.577
1062 27 2013 2015-07-17T14:52:16.163
1064 8 2015 2015-07-18T09:49:52.87
1064 67 2015 2015-07-18T09:49:52.87
1064 38 2015 2015-07-18T09:49:52.87
1064 39 2015 2015-07-18T09:49:52.87
1068 1 2016 2015-07-18T16:06:26.837
1068 7 2017 2015-07-19T13:50:25.073
1062 7 2019 2015-07-20T13:06:43.77
1062 5 2019 2015-07-20T13:06:43.77
1062 15 2019 2015-07-20T13:06:43.77
127 38 2024 2015-07-21T12:18:38.547
262 67 2025 2015-07-21T14:43:01.41
262 38 2025 2015-07-21T14:43:01.41
1093 21 2032 2015-07-23T19:53:34.667
76 19 2034 2015-07-24T17:28:06.363
1087 7 2037 2015-07-25T11:46:57.567
1087 67 2037 2015-07-25T11:46:57.567
1087 63 2037 2015-07-25T11:46:57.567
1087 64 2037 2015-07-25T11:46:57.567
1087 65 2037 2015-07-25T11:46:57.567
1102 36 2038 2015-07-25T18:16:36.737
1062 13 2040 2015-07-25T18:49:17.353
1116 45 2054 2015-07-29T13:01:54.26
1116 89 2054 2015-07-29T13:01:54.26
1117 72 2056 2015-07-30T03:15:00.15
1117 90 2056 2015-07-30T03:15:00.15
1068 82 2060 2015-07-31T10:05:02.957
959 82 2065 2015-08-05T06:34:54.27
1143 11 2067 2015-08-06T07:28:23.063
1143 3 2067 2015-08-06T07:28:23.063
37 38 2069 2015-08-07T15:48:49.063
37 16 2069 2015-08-07T15:48:49.063
1160 21 2073 2015-08-12T00:02:03.84
1160 14 2073 2015-08-12T00:02:03.84
118 18 2074 2015-08-12T04:53:23.05
691 11 2076 2015-08-12T15:12:33.463
691 18 2076 2015-08-12T15:12:33.463
1068 43 2079 2015-08-14T04:15:44.623
1174 41 2081 2015-08-14T20:19:06.847
1188 34 2084 2015-08-17T18:24:03.48
1223 19 2093 2015-08-26T02:20:40.587
1223 10 2093 2015-08-26T02:20:40.587
1223 56 2093 2015-08-26T02:20:40.587
1223 35 2096 2015-08-27T14:38:55.747
1223 55 2096 2015-08-27T14:38:55.747
1242 1 2097 2015-08-28T18:13:44.393
1242 62 2097 2015-08-28T18:13:44.393
1248 11 2100 2015-08-29T20:16:25.717
1248 6 2100 2015-08-29T20:16:25.717
1248 78 2100 2015-08-29T20:16:25.717
1251 11 2101 2015-08-30T19:06:53.857
1251 8 2105 2015-09-02T21:43:10.44
1026 74 2106 2015-09-02T23:07:46.263
1281 3 2113 2015-09-06T08:00:55.55
1281 84 2113 2015-09-06T08:00:55.55
1285 6 2115 2015-09-07T15:18:35.323
1299 19 2121 2015-09-09T12:44:14.84
1299 43 2121 2015-09-09T12:44:14.84
1299 91 2121 2015-09-09T12:44:14.84
1302 21 2122 2015-09-09T17:59:41.157
1302 12 2122 2015-09-09T17:59:41.157
1317 18 2127 2015-09-14T01:03:14.81
1317 24 2127 2015-09-14T01:03:14.81
652 21 2131 2015-09-15T12:34:56.893
652 72 2131 2015-09-15T12:34:56.893
1334 19 2135 2015-09-17T10:19:16.823
1334 29 2135 2015-09-17T10:19:16.823
1356 14 2140 2015-09-24T08:21:24.85
262 19 2142 2015-09-24T14:56:38.193
262 13 2142 2015-09-24T14:56:38.193
1223 11 2152 2015-09-27T17:07:04.383
1223 3 2152 2015-09-27T17:07:04.383
1223 13 2152 2015-09-27T17:07:04.383
1223 17 2152 2015-09-27T17:07:04.383
1327 28 2153 2015-09-27T18:07:30.127
1327 57 2153 2015-09-27T18:07:30.127
1327 64 2153 2015-09-27T18:07:30.127
1343 6 2154 2015-09-28T14:55:23.047
1343 35 2154 2015-09-28T14:55:23.047
1343 43 2154 2015-09-28T14:55:23.047
1343 86 2154 2015-09-28T14:55:23.047
642 28 2156 2015-09-29T20:47:09.26
1174 24 2160 2015-10-01T19:43:42.433
1157 3 2162 2015-10-04T16:18:08.76
1403 18 2165 2015-10-05T15:25:15.897
1403 19 2165 2015-10-05T15:25:15.897
1157 7 2166 2015-10-05T16:08:59.037
1157 13 2166 2015-10-05T16:08:59.037
1157 3 2171 2015-10-07T18:59:05.93
1327 35 2172 2015-10-07T21:09:10.213
1327 59 2172 2015-10-07T21:09:10.213
1420 7 2174 2015-10-08T01:19:42.243
1420 67 2174 2015-10-08T01:19:42.243
277 19 2175 2015-10-08T03:53:51.853
277 35 2175 2015-10-08T03:53:51.853
1433 11 2186 2015-10-09T20:18:41.563
1026 87 2195 2015-10-14T04:30:28.043
589 7 2197 2015-10-14T12:24:17.583
589 21 2197 2015-10-14T12:24:17.583
589 92 2197 2015-10-14T12:24:17.583
803 19 2198 2015-10-14T15:35:04.997
803 1 2198 2015-10-14T15:35:04.997
262 7 2206 2015-10-16T13:34:31.55
1102 11 2208 2015-10-19T01:01:58.12
1102 8 2208 2015-10-19T01:01:58.12
1102 12 2208 2015-10-19T01:01:58.12
1492 11 2218 2015-10-25T17:59:46.233
1492 45 2218 2015-10-25T17:59:46.233
1157 18 2220 2015-10-25T19:35:59.693
127 60 2223 2015-10-26T11:46:28.777
127 93 2223 2015-10-26T11:46:28.777
1492 18 2228 2015-10-27T20:20:20.677
970 16 2230 2015-10-29T05:57:04.243
970 51 2230 2015-10-29T05:57:04.243
1526 7 2235 2015-10-30T17:23:35.297
1526 11 2235 2015-10-30T17:23:35.297
1526 3 2235 2015-10-30T17:23:35.297
1530 18 2239 2015-10-31T01:41:38.617
1543 67 2243 2015-11-02T05:56:30.293
1558 61 2249 2015-11-04T17:45:51.197
1558 84 2249 2015-11-04T17:45:51.197
1531 18 2250 2015-11-05T15:03:27.317
1531 24 2250 2015-11-05T15:03:27.317
1564 7 2252 2015-11-07T03:27:00.387
1564 24 2252 2015-11-07T03:27:00.387
1564 4 2252 2015-11-07T03:27:00.387
1564 41 2252 2015-11-07T03:27:00.387
1564 79 2252 2015-11-07T03:27:00.387
1502 38 2265 2015-11-10T13:08:52.357
1587 16 2267 2015-11-10T20:18:06.987
1587 84 2267 2015-11-10T20:18:06.987
1527 36 2269 2015-11-11T21:35:01.4
1527 17 2269 2015-11-11T21:35:01.4
1589 7 2270 2015-11-11T23:57:17.083
1589 67 2270 2015-11-11T23:57:17.083
1589 14 2270 2015-11-11T23:57:17.083
1068 18 2271 2015-11-12T10:41:12.78
1068 24 2271 2015-11-12T10:41:12.78
1604 3 2275 2015-11-13T19:20:38.767
1604 84 2275 2015-11-13T19:20:38.767
1442 72 2282 2015-11-16T08:53:49.223
1157 3 2285 2015-11-16T16:51:44.49
1157 77 2285 2015-11-16T16:51:44.49
1157 43 2285 2015-11-16T16:51:44.49
1492 14 2289 2015-11-17T15:07:15.29
1621 24 2293 2015-11-18T09:14:48.64
1621 34 2293 2015-11-18T09:14:48.64
1631 53 2294 2015-11-19T14:51:01.297
1631 54 2294 2015-11-19T14:51:01.297
1611 24 2298 2015-11-20T13:18:59.65
1627 11 2302 2015-11-21T22:46:29.733
1627 18 2302 2015-11-21T22:46:29.733
730 3 2307 2015-11-24T10:42:57.947
730 94 2307 2015-11-24T10:42:57.947
1666 3 2311 2015-11-26T19:35:45.917
1666 62 2311 2015-11-26T19:35:45.917
1670 6 2314 2015-11-27T17:56:35.393
1670 11 2314 2015-11-27T17:56:35.393
1683 7 2317 2015-11-30T06:57:42.313
1683 4 2317 2015-11-30T06:57:42.313
1692 36 2323 2015-12-01T17:05:47.03
1692 41 2323 2015-12-01T17:05:47.03
1692 77 2323 2015-12-01T17:05:47.03
1695 14 2326 2015-12-02T14:57:50.57
1569 67 2327 2015-12-02T15:28:40.253
1569 57 2327 2015-12-02T15:28:40.253
1721 4 2331 2015-12-06T15:44:09.623
1721 79 2331 2015-12-06T15:44:09.623
1722 91 2333 2015-12-06T17:17:15.413
1723 10 2338 2015-12-06T18:50:53.873
1762 59 2349 2015-12-13T19:52:19.257
1766 8 2350 2015-12-14T14:17:44.023
1766 38 2350 2015-12-14T14:17:44.023
1766 12 2350 2015-12-14T14:17:44.023
1769 11 2352 2015-12-14T21:55:12.117
1769 8 2352 2015-12-14T21:55:12.117
1769 33 2352 2015-12-14T21:55:12.117
1769 53 2352 2015-12-14T21:55:12.117
98 19 2354 2015-12-15T09:30:52.23
98 95 2354 2015-12-15T09:30:52.23
1712 18 2358 2015-12-15T15:47:48.89
1712 24 2358 2015-12-15T15:47:48.89
1712 19 2358 2015-12-15T15:47:48.89
1786 24 2363 2015-12-16T19:08:59.173
1786 3 2363 2015-12-16T19:08:59.173
1786 59 2363 2015-12-16T19:08:59.173
277 56 2369 2015-12-22T07:56:52.877
1838 11 2371 2015-12-28T21:50:50.093
1842 7 2372 2015-12-29T08:16:47.587
1842 3 2372 2015-12-29T08:16:47.587
1842 10 2372 2015-12-29T08:16:47.587
1842 59 2372 2015-12-29T08:16:47.587
1850 6 2378 2015-12-30T19:05:41.293
1850 10 2378 2015-12-30T19:05:41.293
1723 3 2381 2015-12-30T20:13:45.567
277 7 2384 2015-12-31T02:55:42.277
277 57 2384 2015-12-31T02:55:42.277
1850 18 2387 2015-12-31T15:38:28.957
1850 10 2387 2015-12-31T15:38:28.957
277 6 2394 2016-01-02T05:07:42.477
277 19 2394 2016-01-02T05:07:42.477
277 57 2394 2016-01-02T05:07:42.477
1867 13 2396 2016-01-02T17:15:11.763
1892 4 2403 2016-01-06T21:20:51.55
1892 13 2403 2016-01-06T21:20:51.55
1892 14 2403 2016-01-06T21:20:51.55
1894 14 2404 2016-01-07T05:03:43.09
1895 4 2405 2016-01-07T13:36:14.2
1903 57 2410 2016-01-09T00:17:49.82
1762 24 2416 2016-01-11T22:58:03.49
1248 15 2420 2016-01-14T00:35:04.087
1248 61 2420 2016-01-14T00:35:04.087
1248 49 2420 2016-01-14T00:35:04.087
1248 50 2420 2016-01-14T00:35:04.087
1931 24 2422 2016-01-14T14:59:03.663
1931 19 2422 2016-01-14T14:59:03.663
1931 24 2424 2016-01-15T12:18:07.803
1931 19 2424 2016-01-15T12:18:07.803
1931 87 2424 2016-01-15T12:18:07.803
1940 13 2425 2016-01-15T23:22:37.347
1940 17 2425 2016-01-15T23:22:37.347
1940 21 2426 2016-01-15T23:30:25.913
1936 7 2429 2016-01-16T09:21:01.737
1936 11 2429 2016-01-16T09:21:01.737
1940 21 2430 2016-01-16T12:24:04.5
1940 72 2430 2016-01-16T12:24:04.5
1931 7 2432 2016-01-18T13:06:15.05
1931 19 2432 2016-01-18T13:06:15.05
1931 96 2432 2016-01-18T13:06:15.05
1931 18 2437 2016-01-19T18:48:30.703
1931 19 2437 2016-01-19T18:48:30.703
214 29 2438 2016-01-19T21:45:23.67
1931 18 2441 2016-01-21T15:03:46.753
1931 70 2441 2016-01-21T15:03:46.753
1972 16 2444 2016-01-21T19:32:26.87
1972 20 2444 2016-01-21T19:32:26.87
1972 62 2444 2016-01-21T19:32:26.87
1972 93 2444 2016-01-21T19:32:26.87
1982 67 2446 2016-01-21T23:36:33.417
1982 84 2446 2016-01-21T23:36:33.417
959 11 2452 2016-01-25T21:24:03.573
1954 15 2461 2016-01-26T13:11:53.01
1954 61 2461 2016-01-26T13:11:53.01
1954 49 2461 2016-01-26T13:11:53.01
1989 38 2467 2016-01-27T12:46:26.15
1989 12 2467 2016-01-27T12:46:26.15
819 7 2473 2016-01-30T13:11:36.307
819 11 2473 2016-01-30T13:11:36.307
1972 19 2475 2016-01-31T10:12:11.16
1931 19 2476 2016-01-31T18:06:36.747
1931 47 2476 2016-01-31T18:06:36.747
191 6 2479 2016-02-01T07:14:08
191 3 2479 2016-02-01T07:14:08
191 29 2479 2016-02-01T07:14:08
191 37 2479 2016-02-01T07:14:08
1895 32 2482 2016-02-02T11:02:19.043
1931 18 2484 2016-02-02T13:05:31.01
1931 1 2484 2016-02-02T13:05:31.01
98 31 2494 2016-02-05T03:28:24.13
98 97 2494 2016-02-05T03:28:24.13
98 78 2494 2016-02-05T03:28:24.13
2015 6 2496 2016-02-05T13:22:43.51
2015 27 2496 2016-02-05T13:22:43.51
2015 88 2496 2016-02-05T13:22:43.51
2069 8 2508 2016-02-08T17:59:04.467
2081 13 2515 2016-02-10T07:59:46.457
2081 20 2515 2016-02-10T07:59:46.457
2015 6 2517 2016-02-10T11:19:05.023
2015 21 2517 2016-02-10T11:19:05.023
2015 21 2518 2016-02-10T11:28:05.52
2082 24 2519 2016-02-10T12:42:42.6
1954 38 2529 2016-02-11T15:20:51.097
1954 28 2529 2016-02-11T15:20:51.097
1954 92 2529 2016-02-11T15:20:51.097
2015 10 2533 2016-02-12T12:00:58.513
2015 6 2537 2016-02-14T12:31:07.487
2015 5 2537 2016-02-14T12:31:07.487
2015 27 2537 2016-02-14T12:31:07.487
2104 32 2539 2016-02-15T11:27:01.903
2107 57 2545 2016-02-15T18:45:14.587
1238 7 2547 2016-02-16T20:13:34.783
1238 21 2547 2016-02-16T20:13:34.783
1238 97 2547 2016-02-16T20:13:34.783
2136 19 2555 2016-02-20T11:04:03.863
2136 35 2555 2016-02-20T11:04:03.863
2136 44 2555 2016-02-20T11:04:03.863
2136 93 2555 2016-02-20T11:04:03.863
730 83 2558 2016-02-23T13:28:36.857
2160 11 2562 2016-02-24T16:46:15.457
2160 8 2562 2016-02-24T16:46:15.457
2196 7 2570 2016-02-27T22:49:43.457
2196 6 2570 2016-02-27T22:49:43.457
2196 35 2570 2016-02-27T22:49:43.457
98 19 2573 2016-03-01T00:34:46.657
98 10 2573 2016-03-01T00:34:46.657
98 34 2573 2016-03-01T00:34:46.657
98 98 2573 2016-03-01T00:34:46.657
2015 11 2575 2016-03-01T11:14:25.27
2015 34 2575 2016-03-01T11:14:25.27
2015 33 2575 2016-03-01T11:14:25.27
2015 7 2580 2016-03-02T09:30:53.907
2015 11 2580 2016-03-02T09:30:53.907
98 38 2581 2016-03-03T02:02:07.437
98 57 2581 2016-03-03T02:02:07.437
98 59 2581 2016-03-03T02:02:07.437
98 99 2581 2016-03-03T02:02:07.437
2219 8 2584 2016-03-03T14:39:07.86
2219 37 2584 2016-03-03T14:39:07.86
544 17 2591 2016-03-04T17:02:24.453
544 37 2591 2016-03-04T17:02:24.453
2241 24 2594 2016-03-06T01:29:40.6
2241 1 2594 2016-03-06T01:29:40.6
2241 10 2594 2016-03-06T01:29:40.6
2241 59 2594 2016-03-06T01:29:40.6
2241 56 2594 2016-03-06T01:29:40.6
2244 11 2598 2016-03-06T13:44:17.057
2246 6 2602 2016-03-07T11:51:26.73
2246 29 2602 2016-03-07T11:51:26.73
98 19 2605 2016-03-08T06:38:00.263
2258 34 2613 2016-03-09T13:05:15.84
2267 84 2621 2016-03-11T05:54:22.063
2276 3 2624 2016-03-13T11:29:29.363
2276 67 2624 2016-03-13T11:29:29.363
2276 13 2624 2016-03-13T11:29:29.363
2276 67 2628 2016-03-14T13:04:21.723
2285 10 2633 2016-03-15T08:54:58.36
1702 11 2641 2016-03-17T08:53:24.833
1702 8 2641 2016-03-17T08:53:24.833
1702 12 2641 2016-03-17T08:53:24.833
2306 19 2643 2016-03-18T12:24:38.89
2316 16 2648 2016-03-21T02:45:51.503
2316 46 2648 2016-03-21T02:45:51.503
1896 10 2652 2016-03-21T13:54:48.5
1896 56 2652 2016-03-21T13:54:48.5
395 36 2656 2016-03-21T19:56:50.167
395 70 2656 2016-03-21T19:56:50.167
2339 6 2662 2016-03-24T22:08:26.667
2353 19 2669 2016-03-28T11:02:07.79
2353 24 2669 2016-03-28T11:02:07.79
2353 13 2669 2016-03-28T11:02:07.79
2363 24 2674 2016-03-29T17:08:51.257
2363 48 2674 2016-03-29T17:08:51.257
2241 6 2678 2016-04-03T15:32:47.953
2241 44 2678 2016-04-03T15:32:47.953
1848 6 2679 2016-04-03T22:01:07.83
2388 36 2680 2016-04-03T22:51:43.74
2399 94 2688 2016-04-05T21:34:23.517
2207 6 2689 2016-04-05T23:39:49.053
2207 18 2689 2016-04-05T23:39:49.053
2207 87 2689 2016-04-05T23:39:49.053
2372 6 2693 2016-04-06T18:13:54.673
2372 84 2693 2016-04-06T18:13:54.673
2412 100 2695 2016-04-07T23:58:12.127
2418 11 2696 2016-04-08T09:02:09.777
2418 9 2696 2016-04-08T09:02:09.777
2418 11 2699 2016-04-08T16:54:47.063
2230 7 2700 2016-04-08T23:32:56.273
2230 6 2700 2016-04-08T23:32:56.273
2230 67 2700 2016-04-08T23:32:56.273
2230 1 2700 2016-04-08T23:32:56.273
2230 84 2700 2016-04-08T23:32:56.273
2374 6 2701 2016-04-09T05:45:59.127
2374 4 2701 2016-04-09T05:45:59.127
2374 60 2701 2016-04-09T05:45:59.127
131 7 2705 2016-04-10T14:38:50.313
131 8 2705 2016-04-10T14:38:50.313
2207 10 2715 2016-04-14T17:19:38.333
2207 56 2715 2016-04-14T17:19:38.333
2207 89 2715 2016-04-14T17:19:38.333
2104 19 2716 2016-04-15T07:27:08.753
2444 19 2717 2016-04-15T10:36:31.187
1702 10 2719 2016-04-15T15:43:56.82
262 67 2729 2016-04-18T13:45:28.607
262 84 2729 2016-04-18T13:45:28.607
262 20 2729 2016-04-18T13:45:28.607
400 7 2730 2016-04-19T11:31:08.99
400 18 2730 2016-04-19T11:31:08.99
400 36 2730 2016-04-19T11:31:08.99
400 21 2731 2016-04-19T11:36:38.957
400 36 2731 2016-04-19T11:36:38.957
2468 77 2733 2016-04-19T12:59:20.577
127 13 2735 2016-04-19T21:28:14.077
1848 10 2738 2016-04-20T18:40:12.627
1848 56 2738 2016-04-20T18:40:12.627
2493 11 2745 2016-04-24T17:52:30.88
2412 67 2752 2016-04-26T15:42:35.857
2493 6 2754 2016-04-26T16:20:38.28
2493 19 2754 2016-04-26T16:20:38.28
2493 35 2754 2016-04-26T16:20:38.28
2493 96 2754 2016-04-26T16:20:38.28
2418 9 2763 2016-04-29T11:09:07.683
2493 11 2766 2016-04-30T15:33:47.297
2493 67 2766 2016-04-30T15:33:47.297
2493 8 2766 2016-04-30T15:33:47.297
2493 62 2766 2016-04-30T15:33:47.297
2520 79 2768 2016-05-01T13:42:15.667
1848 90 2772 2016-05-03T20:23:33.79
2541 67 2776 2016-05-07T11:48:46.473
2207 11 2780 2016-05-08T18:24:36.04
2549 67 2781 2016-05-08T23:20:33.913
2549 14 2781 2016-05-08T23:20:33.913
2549 41 2781 2016-05-08T23:20:33.913
2551 7 2782 2016-05-09T04:42:32.5
2551 3 2782 2016-05-09T04:42:32.5
2551 36 2782 2016-05-09T04:42:32.5
2551 80 2786 2016-05-09T12:21:30.583
2556 67 2788 2016-05-09T22:00:13.917
2556 34 2788 2016-05-09T22:00:13.917
2412 100 2791 2016-05-10T20:53:09.88
1848 6 2796 2016-05-11T11:29:53.77
1848 3 2796 2016-05-11T11:29:53.77
1848 57 2796 2016-05-11T11:29:53.77
2568 76 2799 2016-05-12T12:01:44.16
2572 51 2808 2016-05-13T10:16:20.943
2572 100 2808 2016-05-13T10:16:20.943
2578 6 2812 2016-05-14T00:34:09.697
2572 13 2815 2016-05-14T17:03:31.433
2572 17 2815 2016-05-14T17:03:31.433
2493 72 2821 2016-05-17T00:32:06.087
2594 33 2829 2016-05-18T09:30:30.37
2594 49 2829 2016-05-18T09:30:30.37
2572 82 2839 2016-05-20T03:39:13.483
2572 90 2839 2016-05-20T03:39:13.483
52 13 2842 2016-05-21T11:55:49.67
52 22 2842 2016-05-21T11:55:49.67
2614 7 2844 2016-05-21T21:32:23.217
2614 60 2844 2016-05-21T21:32:23.217
2641 47 2855 2016-05-26T09:21:57.35
2644 21 2856 2016-05-26T13:33:26.883
2644 59 2856 2016-05-26T13:33:26.883
2658 11 2867 2016-06-01T18:51:55.493
2658 12 2867 2016-06-01T18:51:55.493
2676 67 2868 2016-06-02T10:47:46.667
2686 59 2872 2016-06-06T13:26:34.337
2708 3 2877 2016-06-11T02:29:44.53
1087 41 2878 2016-06-12T08:10:22.053
1087 5 2878 2016-06-12T08:10:22.053
1087 20 2878 2016-06-12T08:10:22.053
443 1 2881 2016-06-13T20:00:01.4
443 56 2881 2016-06-13T20:00:01.4
1604 33 2887 2016-06-19T17:47:58.28
2735 89 2889 2016-06-20T09:43:35.237
2736 7 2892 2016-06-20T15:46:34.193
2736 41 2892 2016-06-20T15:46:34.193
2736 59 2892 2016-06-20T15:46:34.193
2736 37 2892 2016-06-20T15:46:34.193
2740 18 2894 2016-06-21T18:50:50.913
2740 45 2894 2016-06-21T18:50:50.913
2741 4 2898 2016-06-21T23:34:13.003
2741 17 2898 2016-06-21T23:34:13.003
2744 44 2899 2016-06-22T00:08:08.4
1896 68 2902 2016-06-22T13:53:14.27
1896 90 2902 2016-06-22T13:53:14.27
1896 96 2902 2016-06-22T13:53:14.27
2572 8 2903 2016-06-22T15:56:38.31
2572 20 2903 2016-06-22T15:56:38.31
2751 32 2907 2016-06-23T02:14:47.24
2751 82 2907 2016-06-23T02:14:47.24
2751 90 2907 2016-06-23T02:14:47.24
2819 67 2929 2016-07-06T20:38:33.607
2819 8 2929 2016-07-06T20:38:33.607
2836 24 2932 2016-07-09T05:20:14.797
2836 90 2932 2016-07-09T05:20:14.797
2855 10 2945 2016-07-14T01:37:54.593
2855 56 2945 2016-07-14T01:37:54.593
2862 84 2947 2016-07-14T19:34:49.837
2855 36 2952 2016-07-18T11:35:12.51
2855 51 2952 2016-07-18T11:35:12.51
2896 7 2955 2016-07-20T18:45:22.093
2896 14 2955 2016-07-20T18:45:22.093
2896 59 2955 2016-07-20T18:45:22.093
2896 99 2955 2016-07-20T18:45:22.093
2899 7 2957 2016-07-21T12:45:34.563
2899 11 2957 2016-07-21T12:45:34.563
96 11 2959 2016-07-21T17:35:09.723
96 6 2959 2016-07-21T17:35:09.723
2900 11 2961 2016-07-21T22:49:11.487
2875 11 2964 2016-07-23T03:16:03.497
2875 70 2964 2016-07-23T03:16:03.497
49 4 2967 2016-07-23T23:27:27.417
49 16 2967 2016-07-23T23:27:27.417
2923 38 2972 2016-07-27T17:28:52.327
2935 34 2976 2016-07-31T21:07:12.467
2935 98 2976 2016-07-31T21:07:12.467
2959 72 2984 2016-08-04T06:41:10.07
2959 90 2984 2016-08-04T06:41:10.07
2965 24 2986 2016-08-05T14:08:25.45
56 6 2990 2016-08-06T16:30:26.717
56 87 2990 2016-08-06T16:30:26.717
2985 18 2995 2016-08-09T07:21:54.227
2985 24 2995 2016-08-09T07:21:54.227
2987 8 2996 2016-08-09T11:51:11.05
2977 87 2997 2016-08-09T17:18:33.203
2977 37 2997 2016-08-09T17:18:33.203
2993 6 2999 2016-08-10T11:45:05.41
2993 87 2999 2016-08-10T11:45:05.41
2993 90 2999 2016-08-10T11:45:05.41
76 10 3013 2016-08-16T18:00:06.787
76 56 3013 2016-08-16T18:00:06.787
76 101 3013 2016-08-16T18:00:06.787
3021 67 3016 2016-08-17T10:50:38.62
3021 97 3016 2016-08-17T10:50:38.62
3027 77 3020 2016-08-18T13:15:04.263
3041 84 3026 2016-08-21T13:31:55.863
3023 18 3028 2016-08-22T15:12:22.417
3023 3 3028 2016-08-22T15:12:22.417
3023 36 3028 2016-08-22T15:12:22.417
3023 84 3028 2016-08-22T15:12:22.417
1848 7 3041 2016-08-26T23:01:08.487
1848 67 3041 2016-08-26T23:01:08.487
1848 84 3041 2016-08-26T23:01:08.487
3076 18 3042 2016-08-28T18:36:25.437
3076 24 3042 2016-08-28T18:36:25.437
3079 7 3045 2016-08-29T08:07:23.54
3079 38 3045 2016-08-29T08:07:23.54
3079 84 3045 2016-08-29T08:07:23.54
3097 11 3055 2016-08-31T21:34:38.36
3100 6 3057 2016-09-01T11:21:59.537
3091 34 3058 2016-09-02T04:29:16.393
3112 10 3060 2016-09-04T01:46:27.06
2412 14 3064 2016-09-06T17:26:20.683
3134 7 3066 2016-09-07T08:28:34.747
3134 84 3066 2016-09-07T08:28:34.747
3136 6 3068 2016-09-07T13:53:54.1
3136 35 3068 2016-09-07T13:53:54.1
1848 7 3074 2016-09-08T22:45:21.333
1848 57 3074 2016-09-08T22:45:21.333
825 14 3080 2016-09-09T23:24:59.86
3154 67 3081 2016-09-10T08:09:38.163
3154 84 3081 2016-09-10T08:09:38.163
3154 83 3081 2016-09-10T08:09:38.163
98 96 3083 2016-09-11T04:39:39.68
98 102 3083 2016-09-11T04:39:39.68
3154 72 3095 2016-09-23T01:43:56.833
3154 24 3102 2016-09-25T14:48:30.82
3217 59 3104 2016-09-26T00:49:45.177
3217 28 3104 2016-09-26T00:49:45.177
1848 35 3106 2016-09-26T14:26:03.78
3223 35 3109 2016-09-27T05:08:30.997
3223 90 3109 2016-09-27T05:08:30.997
3226 6 3112 2016-09-27T13:46:40.817
3226 72 3112 2016-09-27T13:46:40.817
3222 11 3113 2016-09-27T18:44:56.52
3222 18 3113 2016-09-27T18:44:56.52
3222 24 3113 2016-09-27T18:44:56.52
3222 8 3113 2016-09-27T18:44:56.52
3241 11 3115 2016-09-29T10:39:15.067
3241 84 3115 2016-09-29T10:39:15.067
709 67 3126 2016-10-03T08:52:36.967
709 91 3126 2016-10-03T08:52:36.967
3154 24 3127 2016-10-03T18:50:45.44
3281 77 3133 2016-10-10T07:55:43.023
3289 8 3136 2016-10-12T08:07:51.443
2836 24 3142 2016-10-13T14:05:42.843
2836 90 3142 2016-10-13T14:05:42.843
3297 70 3143 2016-10-13T14:13:43.727
3299 4 3144 2016-10-13T21:34:25.687
2855 10 3150 2016-10-16T18:13:55.903
2855 56 3150 2016-10-16T18:13:55.903
3326 14 3154 2016-10-19T05:52:14.4
3328 1 3155 2016-10-19T10:06:29.12
3328 62 3155 2016-10-19T10:06:29.12
3328 75 3155 2016-10-19T10:06:29.12
499 3 3163 2016-10-21T05:23:55.913
1848 11 3168 2016-10-22T08:39:05.08
1848 6 3168 2016-10-22T08:39:05.08
1848 8 3168 2016-10-22T08:39:05.08
1848 13 3168 2016-10-22T08:39:05.08
1848 103 3168 2016-10-22T08:39:05.08
3348 90 3172 2016-10-23T18:03:17.79
3348 6 3176 2016-10-26T00:31:15.767
3348 15 3176 2016-10-26T00:31:15.767
3362 14 3179 2016-10-23T20:14:25.343
3328 75 3183 2016-10-31T13:38:55.747
2412 19 3187 2016-11-02T16:02:12.4
2412 14 3189 2016-11-02T16:40:48.33
2412 41 3189 2016-11-02T16:40:48.33
3423 21 3192 2016-11-04T08:50:03.85
3423 48 3192 2016-11-04T08:50:03.85
3425 36 3194 2016-11-04T16:12:59.227
3425 90 3196 2016-11-04T19:12:41.253
3426 6 3198 2016-11-05T07:31:51.237
3426 44 3198 2016-11-05T07:31:51.237
2418 8 3199 2016-11-05T20:08:54.943
2418 16 3199 2016-11-05T20:08:54.943
1202 16 3204 2016-11-07T15:05:52.383
1202 53 3204 2016-11-07T15:05:52.383
1202 60 3204 2016-11-07T15:05:52.383
3438 6 3205 2016-11-08T16:13:06.917
3438 87 3205 2016-11-08T16:13:06.917
3438 55 3205 2016-11-08T16:13:06.917
277 8 3212 2016-11-12T10:14:36.023
277 20 3212 2016-11-12T10:14:36.023
277 93 3212 2016-11-12T10:14:36.023
3457 6 3214 2016-11-13T11:45:51.96
3457 14 3214 2016-11-13T11:45:51.96
3457 91 3214 2016-11-13T11:45:51.96
3454 11 3223 2016-11-16T19:53:05.963
3454 84 3223 2016-11-16T19:53:05.963
3454 12 3223 2016-11-16T19:53:05.963
3484 24 3228 2016-11-19T07:36:14.097
3484 18 3228 2016-11-19T07:36:14.097
2203 11 3236 2016-11-25T18:19:21.317
3512 10 3237 2016-11-26T01:58:26.26
3512 35 3237 2016-11-26T01:58:26.26
149 84 3239 2016-11-27T02:33:32.8
149 46 3239 2016-11-27T02:33:32.8
3483 84 3242 2016-11-28T15:51:10.167
3523 7 3244 2016-11-29T20:40:33.313
3523 6 3244 2016-11-29T20:40:33.313
3523 21 3244 2016-11-29T20:40:33.313
2855 10 3248 2016-12-01T02:04:41.193
2855 56 3248 2016-12-01T02:04:41.193
2855 51 3248 2016-12-01T02:04:41.193
2855 55 3248 2016-12-01T02:04:41.193
2855 101 3248 2016-12-01T02:04:41.193
1702 35 3249 2016-12-01T12:54:44.497
3535 8 3252 2016-12-01T22:08:53.447
3535 16 3252 2016-12-01T22:08:53.447
3535 20 3252 2016-12-01T22:08:53.447
3540 11 3254 2016-12-02T19:47:55.123
3540 84 3254 2016-12-02T19:47:55.123
3555 18 3259 2016-12-06T16:59:03.633
3569 21 3263 2016-12-09T11:56:52.297
286 84 3265 2016-12-10T10:23:00.45
286 34 3265 2016-12-10T10:23:00.45
3504 6 3273 2016-12-15T12:01:07.61
3504 84 3273 2016-12-15T12:01:07.61
3504 62 3273 2016-12-15T12:01:07.61
3504 100 3273 2016-12-15T12:01:07.61
3572 80 3275 2016-12-16T01:39:05.54
3610 11 3277 2016-12-17T22:04:57.21
3610 19 3277 2016-12-17T22:04:57.21
3610 13 3277 2016-12-17T22:04:57.21
3610 17 3277 2016-12-17T22:04:57.21
3610 99 3277 2016-12-17T22:04:57.21
2015 6 3282 2016-12-26T09:35:53.37
2015 5 3282 2016-12-26T09:35:53.37
2015 79 3282 2016-12-26T09:35:53.37
2015 27 3282 2016-12-26T09:35:53.37
2015 88 3282 2016-12-26T09:35:53.37
3639 11 3284 2016-12-27T03:48:58.95
3639 8 3284 2016-12-27T03:48:58.95
3648 11 3288 2016-12-30T09:43:40.93
3648 13 3288 2016-12-30T09:43:40.93
3648 17 3288 2016-12-30T09:43:40.93
3650 90 3289 2016-12-30T11:16:15.14
3650 83 3289 2016-12-30T11:16:15.14
3650 55 3289 2016-12-30T11:16:15.14
3650 52 3289 2016-12-30T11:16:15.14
3655 18 3293 2016-12-31T14:29:37.48
3655 44 3293 2016-12-31T14:29:37.48
3670 14 3296 2017-01-04T15:53:03.86
3670 56 3296 2017-01-04T15:53:03.86
1848 90 3299 2017-01-05T08:16:12.477
1848 82 3299 2017-01-05T08:16:12.477
3676 13 3301 2017-01-05T15:33:13.753
3676 100 3301 2017-01-05T15:33:13.753
3678 45 3304 2017-01-06T02:05:59.423
3678 82 3304 2017-01-06T02:05:59.423
3678 31 3304 2017-01-06T02:05:59.423
3688 67 3306 2017-01-08T17:27:44.857
3688 38 3306 2017-01-08T17:27:44.857
3688 16 3306 2017-01-08T17:27:44.857
825 14 3314 2017-01-10T18:15:38.787
3509 19 3323 2017-01-14T20:33:49.177
3509 10 3323 2017-01-14T20:33:49.177
3509 1 3323 2017-01-14T20:33:49.177
3716 35 3326 2017-01-15T08:38:07.767
3716 72 3326 2017-01-15T08:38:07.767
3718 78 3328 2017-01-15T21:24:27.067
3730 84 3333 2017-01-17T13:30:03.533
3731 8 3334 2017-01-17T18:09:56.837
3731 61 3334 2017-01-17T18:09:56.837
52 18 3341 2017-01-22T14:51:28.1
52 3 3341 2017-01-22T14:51:28.1
52 1 3341 2017-01-22T14:51:28.1
52 23 3341 2017-01-22T14:51:28.1
3759 14 3344 2017-01-23T15:18:37.787
3771 4 3347 2017-01-25T18:36:12.437
3771 34 3347 2017-01-25T18:36:12.437
3771 77 3347 2017-01-25T18:36:12.437
3771 87 3347 2017-01-25T18:36:12.437
3784 10 3352 2017-01-28T17:49:10.427
3787 90 3354 2017-01-29T02:52:10.297
3790 24 3355 2017-01-29T07:16:18.863
3790 3 3355 2017-01-29T07:16:18.863
3790 15 3355 2017-01-29T07:16:18.863
1118 7 3356 2017-01-29T15:20:55.59
1118 3 3356 2017-01-29T15:20:55.59
1118 38 3356 2017-01-29T15:20:55.59
3795 11 3362 2017-01-30T03:59:13.09
127 16 3365 2017-01-30T11:45:43.433
127 17 3365 2017-01-30T11:45:43.433
3818 6 3373 2017-02-03T13:43:36.16
3818 4 3373 2017-02-03T13:43:36.16
3829 38 3379 2017-02-05T11:18:32.46
3829 16 3379 2017-02-05T11:18:32.46
3830 38 3381 2017-02-05T19:14:52.87
3830 28 3381 2017-02-05T19:14:52.87
3830 38 3382 2017-02-05T19:55:02.19
3830 28 3382 2017-02-05T19:55:02.19
3831 67 3383 2017-02-05T20:30:35.2
3831 61 3383 2017-02-05T20:30:35.2
3827 16 3384 2017-02-05T22:10:10.17
3827 93 3384 2017-02-05T22:10:10.17
3833 18 3386 2017-02-06T01:02:36.35
3841 7 3392 2017-02-07T02:46:40.287
3841 4 3392 2017-02-07T02:46:40.287
3841 14 3392 2017-02-07T02:46:40.287
3819 24 3396 2017-02-08T15:21:18.777
3867 36 3400 2017-02-11T03:12:28.19
3867 46 3400 2017-02-11T03:12:28.19
3877 11 3408 2017-02-13T13:24:56.763
3877 8 3408 2017-02-13T13:24:56.763
3877 33 3408 2017-02-13T13:24:56.763
3877 61 3408 2017-02-13T13:24:56.763
3877 74 3408 2017-02-13T13:24:56.763
3878 20 3410 2017-02-13T17:27:24.57
3878 46 3410 2017-02-13T17:27:24.57
3878 97 3410 2017-02-13T17:27:24.57
3886 11 3411 2017-02-14T21:58:44.417
3886 38 3411 2017-02-14T21:58:44.417
1525 8 3412 2017-02-14T22:01:39.533
3916 3 3422 2017-02-19T17:42:45.32
3921 90 3424 2017-02-20T09:53:13.153
3921 47 3424 2017-02-20T09:53:13.153
959 8 3430 2017-02-24T02:17:32.633
959 45 3430 2017-02-24T02:17:32.633
3958 3 3431 2017-02-25T17:45:28.777
3958 41 3431 2017-02-25T17:45:28.777
3958 43 3431 2017-02-25T17:45:28.777
3965 11 3434 2017-02-27T18:34:04.61
3965 90 3434 2017-02-27T18:34:04.61
3965 45 3434 2017-02-27T18:34:04.61
3976 24 3439 2017-03-01T12:55:54.233
1589 28 3444 2017-03-02T20:21:46.847
3771 7 3445 2017-03-03T20:00:35.897
3771 36 3445 2017-03-03T20:00:35.897
3771 41 3445 2017-03-03T20:00:35.897
3771 5 3445 2017-03-03T20:00:35.897
3771 79 3445 2017-03-03T20:00:35.897
3784 10 3448 2017-03-06T03:56:14.077
3784 102 3448 2017-03-06T03:56:14.077
98 4 3455 2017-03-10T07:19:12.963
98 15 3455 2017-03-10T07:19:12.963
1589 14 3456 2017-03-10T15:36:36.25
1589 28 3456 2017-03-10T15:36:36.25
1589 15 3456 2017-03-10T15:36:36.25
1848 35 3460 2017-03-12T21:17:05.113
1848 43 3460 2017-03-12T21:17:05.113
4018 5 3461 2017-03-13T05:47:51.987
4018 27 3461 2017-03-13T05:47:51.987
4018 60 3461 2017-03-13T05:47:51.987
4033 14 3466 2017-03-16T01:15:58.747
4033 63 3466 2017-03-16T01:15:58.747
4055 14 3470 2017-03-22T13:23:34.733
3957 18 3475 2017-03-23T10:52:16.643
4087 67 3479 2017-03-27T18:26:27.053
4087 38 3479 2017-03-27T18:26:27.053
4087 16 3479 2017-03-27T18:26:27.053
4082 24 3481 2017-03-28T16:06:46.327
4108 4 3485 2017-03-30T19:23:40.967
4108 5 3485 2017-03-30T19:23:40.967
3492 8 3491 2017-03-31T20:20:20.877
3492 36 3491 2017-03-31T20:20:20.877
1932 84 3497 2017-04-03T18:26:23.553
1932 90 3497 2017-04-03T18:26:23.553
4142 34 3502 2017-04-05T13:12:31.603
4136 61 3504 2017-04-06T14:03:56.25
3771 10 3508 2017-04-07T14:41:00.253
3771 77 3508 2017-04-07T14:41:00.253
3771 19 3509 2017-04-07T16:39:21.197
3771 77 3509 2017-04-07T16:39:21.197
3771 59 3509 2017-04-07T16:39:21.197
3771 43 3509 2017-04-07T16:39:21.197
4144 3 3511 2017-04-08T08:52:20.64
4144 21 3511 2017-04-08T08:52:20.64
4144 38 3511 2017-04-08T08:52:20.64
4144 36 3511 2017-04-08T08:52:20.64
4144 97 3511 2017-04-08T08:52:20.64
3312 3 3516 2017-04-10T19:13:07.48
3312 59 3516 2017-04-10T19:13:07.48
4114 11 3518 2017-04-11T17:11:13.1
4114 8 3518 2017-04-11T17:11:13.1
4156 8 3519 2017-04-12T21:00:22.36
4136 6 3525 2017-04-25T06:06:10.717
4136 19 3525 2017-04-25T06:06:10.717
4136 16 3525 2017-04-25T06:06:10.717
3930 1 3526 2017-04-25T12:11:48.663
3930 102 3526 2017-04-25T12:11:48.663
4205 29 3529 2017-04-26T15:31:18.41
1425 19 3532 2017-04-28T17:05:32.693
1425 1 3532 2017-04-28T17:05:32.693
4221 14 3535 2017-04-30T15:17:40.587
4219 8 3539 2017-05-05T07:15:19.507
4219 16 3539 2017-05-05T07:15:19.507
4219 20 3539 2017-05-05T07:15:19.507
4255 6 3542 2017-05-09T13:07:02.36
4255 19 3542 2017-05-09T13:07:02.36
4264 38 3546 2017-05-12T18:29:00.357
4264 13 3546 2017-05-12T18:29:00.357
4266 13 3548 2017-05-13T10:20:47.393
4266 20 3548 2017-05-13T10:20:47.393
4281 10 3550 2017-05-17T14:46:41.597
4281 56 3550 2017-05-17T14:46:41.597
4294 21 3554 2017-05-22T01:55:30.483
4300 4 3559 2017-05-22T21:47:02.53
4306 53 3561 2017-05-23T18:37:24.317
4306 54 3561 2017-05-23T18:37:24.317
4327 24 3566 2017-05-26T16:28:57.463
4327 18 3566 2017-05-26T16:28:57.463
4330 38 3567 2017-05-26T19:03:42.037
4330 51 3567 2017-05-26T19:03:42.037
4330 37 3567 2017-05-26T19:03:42.037
4335 36 3574 2017-05-28T18:50:19.69
4349 84 3582 2017-05-31T14:48:42.43
3771 67 3592 2017-06-08T16:20:52.797
4351 21 3594 2017-06-08T20:28:39.22
4351 15 3594 2017-06-08T20:28:39.22
4391 19 3597 2017-06-11T11:33:40.31
4391 35 3597 2017-06-11T11:33:40.31
4391 96 3597 2017-06-11T11:33:40.31
4391 68 3597 2017-06-11T11:33:40.31
4416 28 3614 2017-06-22T05:42:29.32
3771 7 3630 2017-06-29T19:44:34.66
3771 4 3630 2017-06-29T19:44:34.66
3771 5 3630 2017-06-29T19:44:34.66
4430 7 3633 2017-06-30T06:18:02.297
4430 6 3633 2017-06-30T06:18:02.297
4430 3 3633 2017-06-30T06:18:02.297
4430 4 3633 2017-06-30T06:18:02.297
4430 72 3633 2017-06-30T06:18:02.297
4064 90 3635 2017-06-30T19:08:07.397
4064 90 3637 2017-06-30T23:31:11.08
4064 77 3637 2017-06-30T23:31:11.08
4471 7 3638 2017-07-01T09:17:22.13
4471 6 3638 2017-07-01T09:17:22.13
4471 24 3638 2017-07-01T09:17:22.13
4471 36 3638 2017-07-01T09:17:22.13
4477 90 3640 2017-07-02T08:20:59.2
4416 7 3641 2017-07-02T15:17:31.973
4416 34 3641 2017-07-02T15:17:31.973
4430 7 3651 2017-07-06T06:48:25.97
4430 3 3651 2017-07-06T06:48:25.97
4430 4 3651 2017-07-06T06:48:25.97
4430 90 3651 2017-07-06T06:48:25.97
4416 10 3660 2017-07-11T10:12:16.23
4351 5 3663 2017-07-12T22:01:39.897
4520 11 3665 2017-07-13T16:42:53.783
4520 90 3665 2017-07-13T16:42:53.783
4530 11 3672 2017-07-17T05:30:49.473
4530 24 3672 2017-07-17T05:30:49.473
4530 72 3672 2017-07-17T05:30:49.473
4535 7 3674 2017-07-18T13:50:06.26
4546 24 3681 2017-07-20T07:15:18.897
4546 36 3681 2017-07-20T07:15:18.897
4546 77 3681 2017-07-20T07:15:18.897
4563 18 3690 2017-07-25T01:26:51.1
4577 21 3692 2017-07-25T13:47:49.807
4577 13 3692 2017-07-25T13:47:49.807
4577 88 3692 2017-07-25T13:47:49.807
4578 1 3693 2017-07-25T15:18:15.16
4578 77 3693 2017-07-25T15:18:15.16
4594 70 3705 2017-07-29T18:02:55.993
1157 90 3706 2017-07-29T21:28:00.197
1157 24 3709 2017-07-30T03:40:33.517
1157 90 3709 2017-07-30T03:40:33.517
1157 44 3709 2017-07-30T03:40:33.517
4595 11 3713 2017-07-30T01:37:46.19
4595 11 3715 2017-07-30T14:35:12.113
4595 19 3715 2017-07-30T14:35:12.113
4595 3 3715 2017-07-30T14:35:12.113
3563 100 3717 2017-07-30T21:13:16.053
4595 5 3726 2017-08-01T14:50:44.54
4636 10 3735 2017-08-09T18:46:14.547
4636 35 3735 2017-08-09T18:46:14.547
4615 6 3737 2017-08-10T01:07:01.827
4615 3 3737 2017-08-10T01:07:01.827
4615 1 3737 2017-08-10T01:07:01.827
4615 36 3737 2017-08-10T01:07:01.827
3241 11 3749 2017-08-17T06:14:29.823
4671 11 3753 2017-08-21T17:24:27.543
4671 84 3753 2017-08-21T17:24:27.543
3771 77 3754 2017-08-21T23:28:39.37
3771 23 3754 2017-08-21T23:28:39.37
4680 19 3755 2017-08-24T07:09:44.253
1848 8 3756 2017-08-24T07:20:29.347
1848 16 3756 2017-08-24T07:20:29.347
1848 20 3756 2017-08-24T07:20:29.347
4685 11 3763 2017-08-25T14:05:51.487
4685 8 3763 2017-08-25T14:05:51.487
4685 28 3763 2017-08-25T14:05:51.487
4685 59 3763 2017-08-25T14:05:51.487
4685 60 3763 2017-08-25T14:05:51.487
4416 11 3768 2017-08-27T20:40:36.143
4416 38 3768 2017-08-27T20:40:36.143
4416 78 3768 2017-08-27T20:40:36.143
883 7 3774 2017-09-05T15:50:42.987
883 78 3774 2017-09-05T15:50:42.987
883 37 3774 2017-09-05T15:50:42.987
883 44 3775 2017-09-05T16:01:20.873
883 15 3775 2017-09-05T16:01:20.873
883 78 3775 2017-09-05T16:01:20.873
883 78 3780 2017-09-06T14:37:18.737
883 73 3780 2017-09-06T14:37:18.737
4416 5 3781 2017-09-07T03:58:35.507
4595 90 3791 2017-09-14T00:48:02.403
4778 67 3798 2017-09-22T16:31:30.07
4778 36 3798 2017-09-22T16:31:30.07
4778 41 3798 2017-09-22T16:31:30.07
1223 11 3800 2017-09-24T11:42:32.617
1223 8 3800 2017-09-24T11:42:32.617
4778 7 3806 2017-09-28T06:49:41.5
4778 41 3806 2017-09-28T06:49:41.5
4778 38 3807 2017-09-28T10:01:12.343
4778 78 3807 2017-09-28T10:01:12.343
4778 97 3807 2017-09-28T10:01:12.343
4808 11 3812 2017-10-07T18:05:16.46
4808 38 3812 2017-10-07T18:05:16.46
4816 8 3813 2017-10-10T14:36:49.127
4816 93 3813 2017-10-10T14:36:49.127
4819 7 3815 2017-10-11T17:37:21
4819 6 3815 2017-10-11T17:37:21
4819 84 3815 2017-10-11T17:37:21
4819 97 3815 2017-10-11T17:37:21
4821 3 3816 2017-10-12T02:39:31.373
4821 21 3816 2017-10-12T02:39:31.373
4821 13 3816 2017-10-12T02:39:31.373
4471 24 3820 2017-10-15T08:54:32.533
4471 18 3820 2017-10-15T08:54:32.533
4471 1 3820 2017-10-15T08:54:32.533
4471 77 3820 2017-10-15T08:54:32.533
1283 1 3821 2017-10-16T04:49:24.053
1283 2 3821 2017-10-16T04:49:24.053
4851 21 3828 2017-10-22T20:10:56.29
4851 36 3828 2017-10-22T20:10:56.29
4871 30 3834 2017-10-27T16:06:57.477
4871 24 3837 2017-10-28T00:19:30.757
4871 18 3837 2017-10-28T00:19:30.757
4871 24 3840 2017-10-28T02:16:20.437
4873 24 3841 2017-10-28T02:46:27.71
4876 7 3842 2017-10-28T14:45:37.683
4876 6 3842 2017-10-28T14:45:37.683
4876 10 3842 2017-10-28T14:45:37.683
4876 4 3844 2017-10-28T15:52:58.95
1922 34 3862 2017-11-06T20:07:42.037
1922 61 3862 2017-11-06T20:07:42.037
1922 53 3862 2017-11-06T20:07:42.037
1922 49 3862 2017-11-06T20:07:42.037
1922 50 3862 2017-11-06T20:07:42.037
3771 6 3864 2017-11-08T16:54:38.807
3771 3 3864 2017-11-08T16:54:38.807
3771 42 3864 2017-11-08T16:54:38.807
4915 14 3868 2017-11-09T03:17:07.727
4921 7 3871 2017-11-11T22:35:56.177
4064 77 3873 2017-11-12T16:25:38.72
4264 11 3876 2017-11-17T02:16:25.123
4264 8 3876 2017-11-17T02:16:25.123
4264 20 3876 2017-11-17T02:16:25.123
4944 11 3879 2017-11-22T08:12:47.067
4944 84 3879 2017-11-22T08:12:47.067
4953 16 3886 2017-11-24T22:33:18.62
4953 41 3886 2017-11-24T22:33:18.62
4953 5 3886 2017-11-24T22:33:18.62
4953 88 3886 2017-11-24T22:33:18.62
4969 11 3892 2017-11-28T21:09:01.743
4969 8 3892 2017-11-28T21:09:01.743
4969 86 3892 2017-11-28T21:09:01.743
4805 11 3894 2017-11-29T19:56:38.813
4805 38 3894 2017-11-29T19:56:38.813
4805 70 3894 2017-11-29T19:56:38.813
1848 11 3898 2017-11-30T21:01:13.263
1848 87 3898 2017-11-30T21:01:13.263
4905 19 3902 2017-12-01T12:42:31.3
4905 10 3902 2017-12-01T12:42:31.3
4953 19 3907 2017-12-04T18:55:21.663
4953 13 3907 2017-12-04T18:55:21.663
4082 24 3913 2017-12-10T03:09:22.623
4082 3 3913 2017-12-10T03:09:22.623
4082 90 3913 2017-12-10T03:09:22.623
4390 3 3917 2017-12-12T07:08:28.077
4390 90 3917 2017-12-12T07:08:28.077
4400 14 3921 2017-12-13T23:08:20.36
5106 75 3924 2017-12-15T07:36:37.33
4922 11 3926 2017-12-16T02:31:08.27
4922 90 3926 2017-12-16T02:31:08.27
5119 68 3932 2017-12-18T03:39:06.153
5121 57 3934 2017-12-18T09:48:33.48
5117 90 3936 2017-12-18T14:46:57.473
5117 82 3936 2017-12-18T14:46:57.473
4944 19 3940 2017-12-20T06:30:43.293
5123 11 3946 2017-12-22T14:27:55.153
5123 8 3946 2017-12-22T14:27:55.153
5123 84 3946 2017-12-22T14:27:55.153
5154 11 3953 2018-01-04T22:09:25.773
4595 11 3956 2018-01-06T19:31:22.233
4595 90 3956 2018-01-06T19:31:22.233
4595 82 3956 2018-01-06T19:31:22.233
5120 19 3959 2018-01-09T15:03:26.493
5120 90 3959 2018-01-09T15:03:26.493
5120 56 3959 2018-01-09T15:03:26.493
394 13 3961 2018-01-10T14:12:26.393
394 20 3961 2018-01-10T14:12:26.393
394 17 3961 2018-01-10T14:12:26.393
5177 19 3963 2018-01-10T23:24:44.933
5177 3 3963 2018-01-10T23:24:44.933
5177 1 3963 2018-01-10T23:24:44.933
5177 13 3963 2018-01-10T23:24:44.933
37 7 3969 2018-01-18T17:00:10.797
37 5 3969 2018-01-18T17:00:10.797
37 73 3969 2018-01-18T17:00:10.797
5225 7 3973 2018-01-23T20:20:13.667
5225 6 3973 2018-01-23T20:20:13.667
5225 1 3973 2018-01-23T20:20:13.667
5225 41 3973 2018-01-23T20:20:13.667
5225 28 3973 2018-01-23T20:20:13.667
5226 90 3975 2018-01-24T03:06:24.93
5227 11 3977 2018-01-24T14:00:49.46
5227 24 3977 2018-01-24T14:00:49.46
5237 11 3984 2018-01-25T22:30:49.557
5237 8 3984 2018-01-25T22:30:49.557
5237 61 3984 2018-01-25T22:30:49.557
5237 93 3984 2018-01-25T22:30:49.557
5238 90 3990 2018-01-26T14:39:02.357
5238 100 3990 2018-01-26T14:39:02.357
5263 11 4006 2018-02-02T08:49:58.863
5263 6 4006 2018-02-02T08:49:58.863
5266 97 4009 2018-02-02T17:40:09.563
5273 6 4014 2018-02-04T00:01:13.563
5273 102 4014 2018-02-04T00:01:13.563
5286 70 4020 2018-02-06T10:11:46.39
3771 102 4024 2018-02-07T20:44:19.337
883 21 4027 2018-02-08T17:10:14.59
5223 90 4032 2018-02-10T15:16:10.797
5303 24 4035 2018-02-11T17:40:38.89
5303 18 4035 2018-02-11T17:40:38.89
5310 24 4040 2018-02-13T09:03:38.51
5314 16 4043 2018-02-10T18:34:53.217
5314 11 4043 2018-02-10T18:34:53.217
5319 44 4047 2018-02-15T14:28:42.92
5320 14 4048 2018-02-15T14:49:58.79
5322 7 4052 2018-02-15T22:03:43.817
5322 22 4052 2018-02-15T22:03:43.817
5331 14 4056 2018-02-18T14:48:09.277
5331 102 4056 2018-02-18T14:48:09.277
2761 38 4061 2018-02-20T07:12:46.17
3771 6 4068 2018-02-23T15:52:56.447
2572 8 4071 2018-02-25T11:31:47.393
5355 7 4072 2018-02-25T16:57:56.323
5355 41 4072 2018-02-25T16:57:56.323
5355 28 4072 2018-02-25T16:57:56.323
5106 8 4077 2018-03-05T07:55:17.383
1723 3 4078 2018-03-05T14:23:18.67
1723 4 4078 2018-03-05T14:23:18.67
5379 8 4081 2018-03-05T23:12:57.817
5395 7 4084 2018-03-08T13:06:25.633
5395 11 4084 2018-03-08T13:06:25.633
5395 6 4084 2018-03-08T13:06:25.633
5395 67 4084 2018-03-08T13:06:25.633
5395 21 4084 2018-03-08T13:06:25.633
1723 3 4086 2018-03-13T13:19:23.577
1723 79 4086 2018-03-13T13:19:23.577
4921 5 4087 2018-03-14T13:34:27.39
4921 37 4087 2018-03-14T13:34:27.39
6426 6 4090 2018-03-18T10:09:57.493
6426 18 4090 2018-03-18T10:09:57.493
6432 47 4093 2018-03-19T22:13:27.77
5223 2 4096 2018-03-23T14:41:42.333
5223 96 4096 2018-03-23T14:41:42.333
6449 11 4098 2018-03-24T09:46:16.4
6449 8 4098 2018-03-24T09:46:16.4
6449 50 4098 2018-03-24T09:46:16.4
4595 94 4102 2018-03-26T01:24:08.033
6464 14 4113 2018-03-28T15:45:17.087
6464 104 4113 2018-03-28T15:45:17.087
6469 67 4115 2018-03-29T10:27:26.207
6469 5 4115 2018-03-29T10:27:26.207
6469 103 4115 2018-03-29T10:27:26.207
6490 6 4127 2018-04-04T20:48:52.883
6490 35 4127 2018-04-04T20:48:52.883
6490 55 4127 2018-04-04T20:48:52.883
4595 11 4128 2018-04-05T13:04:47.027
6520 84 4136 2018-04-11T06:47:57.94
6520 20 4136 2018-04-11T06:47:57.94
6523 3 4139 2018-04-11T22:30:07.733
6523 4 4139 2018-04-11T22:30:07.733
6529 6 4141 2018-04-13T22:18:13.633
4595 53 4142 2018-04-15T12:59:03.56
4064 36 4143 2018-04-16T02:47:48.55
4064 3 4146 2018-04-17T16:16:20.217
4064 36 4146 2018-04-17T16:16:20.217
3771 7 4153 2018-04-20T23:34:48.833
3771 36 4153 2018-04-20T23:34:48.833
3771 12 4153 2018-04-20T23:34:48.833
6548 77 4154 2018-04-21T19:49:37.617
3813 7 4161 2018-04-26T11:43:54.78
3813 3 4161 2018-04-26T11:43:54.78
3813 60 4161 2018-04-26T11:43:54.78
2104 49 4162 2018-04-27T08:42:14.227
2104 50 4162 2018-04-27T08:42:14.227
6590 17 4171 2018-05-05T02:07:52.87
3509 79 4173 2018-05-06T03:04:05.963
3509 88 4173 2018-05-06T03:04:05.963
3509 11 4175 2018-05-06T12:39:17.73
3509 10 4175 2018-05-06T12:39:17.73
3509 89 4175 2018-05-06T12:39:17.73
6592 7 4180 2018-05-08T17:00:02.41
6592 8 4180 2018-05-08T17:00:02.41
6592 49 4180 2018-05-08T17:00:02.41
6607 89 4182 2018-05-09T16:39:49.17
6610 6 4184 2018-05-10T15:33:41.833
6617 90 4187 2018-05-12T21:16:38.53
3509 10 4190 2018-05-13T23:57:10.04
6617 90 4193 2018-05-20T21:43:19.28
6640 72 4196 2018-05-22T00:02:58.687
6640 105 4196 2018-05-22T00:02:58.687
243 24 4200 2018-05-25T12:24:57.687
243 101 4200 2018-05-25T12:24:57.687
6656 24 4206 2018-05-28T08:36:26.45
6663 6 4208 2018-05-31T13:13:19.693
6663 3 4208 2018-05-31T13:13:19.693
6663 44 4208 2018-05-31T13:13:19.693
959 90 4210 2018-06-02T06:37:02.637
959 106 4210 2018-06-02T06:37:02.637
6651 8 4215 2018-06-07T00:09:01.48
6684 24 4216 2018-06-07T19:19:59.017
6684 18 4216 2018-06-07T19:19:59.017
6692 35 4222 2018-06-10T22:34:44.53
6695 24 4225 2018-06-13T01:19:28.98
6713 6 4231 2018-06-18T08:10:09.15
6710 67 4237 2018-06-19T05:07:39.317
6710 38 4237 2018-06-19T05:07:39.317
6713 3 4239 2018-06-19T09:29:13.03
6713 18 4242 2018-06-19T13:16:34.103
6713 43 4242 2018-06-19T13:16:34.103
6713 107 4244 2018-06-20T04:24:13.843
6713 36 4246 2018-06-20T14:37:15.517
6724 67 4251 2018-06-22T14:59:44.38
6724 33 4251 2018-06-22T14:59:44.38
6724 53 4251 2018-06-22T14:59:44.38
6724 49 4251 2018-06-22T14:59:44.38
6724 74 4251 2018-06-22T14:59:44.38
4595 11 4258 2018-06-26T18:07:38.87
6748 11 4261 2018-07-02T03:15:28.323
6748 38 4261 2018-07-02T03:15:28.323
6713 1 4264 2018-07-02T09:28:41.01
6760 24 4266 2018-07-04T16:33:55.787
6760 18 4266 2018-07-04T16:33:55.787
6761 4 4268 2018-07-04T22:13:58.167
6761 84 4268 2018-07-04T22:13:58.167
6713 89 4269 2018-07-05T06:15:52.957
6763 61 4270 2018-07-05T06:25:38.22
5154 8 4275 2018-07-08T14:31:22.66
5154 20 4275 2018-07-08T14:31:22.66
6713 36 4276 2018-07-10T05:23:11.583
6776 11 4279 2018-07-11T21:20:34.3
6776 8 4279 2018-07-11T21:20:34.3
4064 7 4289 2018-07-20T20:55:58.05
4064 36 4289 2018-07-20T20:55:58.05
6806 8 4292 2018-07-23T15:07:25.597
6806 93 4292 2018-07-23T15:07:25.597
3509 4 4295 2018-07-25T21:51:11.367
3509 28 4295 2018-07-25T21:51:11.367
3509 97 4295 2018-07-25T21:51:11.367
6819 8 4297 2018-07-28T00:30:00.937
6819 53 4297 2018-07-28T00:30:00.937
6819 75 4297 2018-07-28T00:30:00.937
6825 38 4299 2018-07-30T17:49:42.49
3509 13 4303 2018-08-01T21:32:48.863
6835 14 4305 2018-08-03T16:44:29.05
6839 24 4307 2018-08-05T11:48:56.587
6839 19 4307 2018-08-05T11:48:56.587
6840 67 4308 2018-08-05T17:13:08.643
6840 51 4308 2018-08-05T17:13:08.643
6841 77 4311 2018-08-05T22:07:58.763
1484 24 4313 2018-08-06T00:35:36.92
1484 18 4313 2018-08-06T00:35:36.92
1484 86 4313 2018-08-06T00:35:36.92
6876 1 4326 2018-08-17T14:09:22.577
6876 2 4326 2018-08-17T14:09:22.577
3509 28 4328 2018-08-19T13:35:50.193
6884 24 4335 2018-08-21T10:13:02.947
6884 18 4335 2018-08-21T10:13:02.947
6895 84 4338 2018-08-23T20:16:20.277
6896 7 4340 2018-08-23T23:53:28.777
6896 57 4340 2018-08-23T23:53:28.777
6897 38 4342 2018-08-24T09:45:55.75
6897 16 4342 2018-08-24T09:45:55.75
6902 19 4343 2018-08-25T03:39:45.96
6902 1 4343 2018-08-25T03:39:45.96
988 11 4345 2018-08-27T09:58:40.557
988 8 4345 2018-08-27T09:58:40.557
988 13 4345 2018-08-27T09:58:40.557
988 11 4346 2018-08-27T10:05:04.847
988 28 4346 2018-08-27T10:05:04.847
6617 90 4350 2018-08-28T22:38:26.33
6617 32 4350 2018-08-28T22:38:26.33
6896 57 4353 2018-08-30T00:12:50.14
6915 19 4356 2018-08-30T11:12:57.587
6915 13 4356 2018-08-30T11:12:57.587
6915 42 4356 2018-08-30T11:12:57.587
6916 24 4358 2018-08-30T12:53:52.187
988 11 4359 2018-08-30T15:29:56.24
6920 84 4362 2018-08-31T15:57:56.343
