19 1 1 2018-02-06T20:08:45.667
12 2 3 2018-02-06T20:11:23.62
12 3 3 2018-02-06T20:11:23.62
32 1 6 2018-02-06T20:14:57.61
8 4 8 2018-02-06T20:16:49.31
8 5 8 2018-02-06T20:16:49.31
23 6 11 2018-02-06T20:21:11.113
30 7 12 2018-02-06T20:23:52.41
30 8 12 2018-02-06T20:23:52.41
14 9 14 2018-02-06T20:31:09.923
43 4 17 2018-02-06T20:37:13.07
23 9 18 2018-02-06T20:39:09.293
46 10 19 2018-02-06T20:41:01.207
46 11 19 2018-02-06T20:41:01.207
46 12 19 2018-02-06T20:41:01.207
30 7 28 2018-02-06T21:00:30.1
30 13 28 2018-02-06T21:00:30.1
32 12 29 2018-02-06T21:02:13.107
32 14 33 2018-02-06T21:22:07.54
13 4 38 2018-02-06T21:33:55.293
13 15 38 2018-02-06T21:33:55.293
30 16 42 2018-02-06T21:45:36.07
53 17 48 2018-02-06T22:04:20.087
53 18 48 2018-02-06T22:04:20.087
30 17 49 2018-02-06T22:09:33.447
30 19 49 2018-02-06T22:09:33.447
30 20 49 2018-02-06T22:09:33.447
85 6 50 2018-02-06T22:16:40.99
85 8 50 2018-02-06T22:16:40.99
30 20 53 2018-02-06T22:27:09.207
30 11 53 2018-02-06T22:27:09.207
37 21 55 2018-02-06T22:33:15.98
85 3 56 2018-02-06T22:34:24.587
85 6 56 2018-02-06T22:34:24.587
85 22 56 2018-02-06T22:34:24.587
27 4 57 2018-02-06T22:38:31.017
27 23 57 2018-02-06T22:38:31.017
27 24 57 2018-02-06T22:38:31.017
53 25 66 2018-02-06T23:21:07.193
53 26 66 2018-02-06T23:21:07.193
37 27 74 2018-02-06T23:41:12.81
37 25 74 2018-02-06T23:41:12.81
37 17 74 2018-02-06T23:41:12.81
108 4 75 2018-02-06T23:42:35.413
108 28 75 2018-02-06T23:42:35.413
92 4 79 2018-02-06T23:54:32.333
92 29 79 2018-02-06T23:54:32.333
92 30 79 2018-02-06T23:54:32.333
92 31 79 2018-02-06T23:54:32.333
109 4 82 2018-02-07T00:25:17.96
109 25 82 2018-02-07T00:25:17.96
109 26 82 2018-02-07T00:25:17.96
109 32 82 2018-02-07T00:25:17.96
109 33 82 2018-02-07T00:25:17.96
112 7 83 2018-02-07T00:34:43.613
112 34 83 2018-02-07T00:34:43.613
12 35 86 2018-02-07T00:39:18.933
12 3 86 2018-02-07T00:39:18.933
112 36 90 2018-02-07T01:12:49.177
112 37 90 2018-02-07T01:12:49.177
23 36 91 2018-02-07T01:13:08.607
23 38 91 2018-02-07T01:13:08.607
112 7 94 2018-02-07T01:23:45.96
112 1 94 2018-02-07T01:23:45.96
112 35 94 2018-02-07T01:23:45.96
112 39 94 2018-02-07T01:23:45.96
53 27 102 2018-02-07T02:06:51.19
53 11 102 2018-02-07T02:06:51.19
113 40 104 2018-02-07T02:30:20.37
124 20 107 2018-02-07T02:39:51.09
113 41 108 2018-02-07T02:41:47.38
113 38 108 2018-02-07T02:41:47.38
32 10 114 2018-02-07T10:51:14.713
32 29 114 2018-02-07T10:51:14.713
32 18 114 2018-02-07T10:51:14.713
142 27 116 2018-02-07T11:12:54.98
142 30 116 2018-02-07T11:12:54.98
142 42 116 2018-02-07T11:12:54.98
147 43 117 2018-02-07T11:30:42.93
32 44 119 2018-02-07T11:50:22.583
32 45 119 2018-02-07T11:50:22.583
32 11 121 2018-02-07T12:52:11.677
19 10 122 2018-02-07T12:56:30.98
19 35 122 2018-02-07T12:56:30.98
19 3 122 2018-02-07T12:56:30.98
127 46 136 2018-02-07T17:09:49.653
86 47 140 2018-02-07T20:29:15.997
48 3 144 2018-02-07T23:45:10.633
112 35 147 2018-02-08T01:57:25.357
112 39 147 2018-02-08T01:57:25.357
113 48 149 2018-02-08T03:50:50.507
4 18 156 2018-02-08T08:14:48.75
53 27 158 2018-02-08T08:53:42.043
53 49 158 2018-02-08T08:53:42.043
32 3 162 2018-02-08T11:45:43.097
32 14 162 2018-02-08T11:45:43.097
30 17 163 2018-02-08T12:10:21.06
30 20 163 2018-02-08T12:10:21.06
142 49 165 2018-02-08T13:15:26.147
142 24 165 2018-02-08T13:15:26.147
142 50 165 2018-02-08T13:15:26.147
30 51 169 2018-02-08T13:50:14.733
159 17 170 2018-02-08T14:00:35.437
159 52 170 2018-02-08T14:00:35.437
159 20 170 2018-02-08T14:00:35.437
30 36 174 2018-02-08T14:07:41.867
30 23 174 2018-02-08T14:07:41.867
27 23 176 2018-02-08T14:14:46.733
27 53 176 2018-02-08T14:14:46.733
30 36 178 2018-02-08T14:26:41.217
30 39 178 2018-02-08T14:26:41.217
100 24 179 2018-02-08T14:28:00.99
8 43 180 2018-02-08T14:36:38.383
30 54 181 2018-02-08T14:38:34.85
30 3 181 2018-02-08T14:38:34.85
30 36 187 2018-02-08T14:48:44.447
30 9 187 2018-02-08T14:48:44.447
190 47 188 2018-02-08T14:49:13.437
113 36 189 2018-02-08T14:50:31.123
113 23 189 2018-02-08T14:50:31.123
159 3 195 2018-02-08T16:52:40.493
159 20 195 2018-02-08T16:52:40.493
159 47 195 2018-02-08T16:52:40.493
165 27 205 2018-02-08T20:29:07.537
165 24 205 2018-02-08T20:29:07.537
165 55 205 2018-02-08T20:29:07.537
100 39 207 2018-02-08T21:26:12.843
187 56 210 2018-02-08T22:03:32.847
197 24 214 2018-02-08T22:41:50.303
197 5 214 2018-02-08T22:41:50.303
100 27 221 2018-02-09T02:02:10.023
100 49 221 2018-02-09T02:02:10.023
100 50 221 2018-02-09T02:02:10.023
128 4 224 2018-02-09T05:20:34.867
128 18 224 2018-02-09T05:20:34.867
113 11 225 2018-02-09T06:14:30.167
113 57 225 2018-02-09T06:14:30.167
180 3 226 2018-02-09T06:30:30.09
145 25 244 2018-02-09T18:17:53.24
145 49 244 2018-02-09T18:17:53.24
145 58 244 2018-02-09T18:17:53.24
37 57 248 2018-02-10T00:15:08.79
37 11 248 2018-02-10T00:15:08.79
41 29 249 2018-02-10T08:13:20.24
41 41 249 2018-02-10T08:13:20.24
197 24 250 2018-02-10T09:08:49.17
197 59 250 2018-02-10T09:08:49.17
100 39 255 2018-02-10T12:52:32.137
27 17 261 2018-02-10T20:02:03.493
27 37 261 2018-02-10T20:02:03.493
27 60 261 2018-02-10T20:02:03.493
32 27 266 2018-02-11T08:27:15.41
32 44 266 2018-02-11T08:27:15.41
117 21 268 2018-02-11T14:54:49.607
117 30 268 2018-02-11T14:54:49.607
53 10 270 2018-02-11T17:33:09.557
53 61 270 2018-02-11T17:33:09.557
220 56 278 2018-02-11T23:53:04.25
134 34 284 2018-02-12T04:28:04.057
227 23 285 2018-02-12T04:44:10.843
227 30 285 2018-02-12T04:44:10.843
227 53 285 2018-02-12T04:44:10.843
113 20 290 2018-02-14T04:33:51.27
113 62 291 2018-02-14T04:47:08.943
113 63 291 2018-02-14T04:47:08.943
32 29 292 2018-02-14T08:22:03.293
113 4 298 2018-02-14T23:06:13.327
113 18 298 2018-02-14T23:06:13.327
242 39 303 2018-02-15T03:58:09.18
32 36 307 2018-02-15T10:47:52.577
32 18 307 2018-02-15T10:47:52.577
32 54 307 2018-02-15T10:47:52.577
53 64 310 2018-02-15T15:39:54.05
117 24 314 2018-02-15T22:22:40.91
117 21 314 2018-02-15T22:22:40.91
142 21 318 2018-02-16T16:56:54.81
142 55 318 2018-02-16T16:56:54.81
142 64 318 2018-02-16T16:56:54.81
142 65 318 2018-02-16T16:56:54.81
117 24 323 2018-02-17T01:59:26.66
117 5 323 2018-02-17T01:59:26.66
142 20 326 2018-02-17T14:21:32.987
142 48 326 2018-02-17T14:21:32.987
52 4 329 2018-02-17T20:48:23.663
52 17 329 2018-02-17T20:48:23.663
52 26 329 2018-02-17T20:48:23.663
52 32 329 2018-02-17T20:48:23.663
86 24 335 2018-02-18T12:10:48.303
86 66 335 2018-02-18T12:10:48.303
113 49 338 2018-02-19T02:41:33.37
113 1 338 2018-02-19T02:41:33.37
128 32 342 2018-02-19T15:22:30.473
263 27 345 2018-02-20T00:46:42.66
263 34 345 2018-02-20T00:46:42.66
116 24 351 2018-02-21T03:44:03.637
116 53 351 2018-02-21T03:44:03.637
142 3 352 2018-02-21T11:18:30.22
142 11 352 2018-02-21T11:18:30.22
142 13 352 2018-02-21T11:18:30.22
142 16 352 2018-02-21T11:18:30.22
276 4 355 2018-02-21T20:22:38.24
276 10 355 2018-02-21T20:22:38.24
276 61 355 2018-02-21T20:22:38.24
181 4 359 2018-02-22T05:46:33.243
181 6 359 2018-02-22T05:46:33.243
32 10 371 2018-02-26T15:48:25.303
32 67 371 2018-02-26T15:48:25.303
142 49 373 2018-02-26T17:13:20.64
142 30 373 2018-02-26T17:13:20.64
142 68 373 2018-02-26T17:13:20.64
159 24 378 2018-02-28T14:39:31.54
159 49 378 2018-02-28T14:39:31.54
142 49 380 2018-03-01T11:24:05.147
142 30 380 2018-03-01T11:24:05.147
300 24 385 2018-03-01T19:24:28.18
300 49 385 2018-03-01T19:24:28.18
300 55 385 2018-03-01T19:24:28.18
300 6 386 2018-03-01T20:27:22.68
110 27 399 2018-03-02T18:18:27.213
110 25 399 2018-03-02T18:18:27.213
110 18 399 2018-03-02T18:18:27.213
110 69 399 2018-03-02T18:18:27.213
326 30 404 2018-03-03T00:03:15.153
326 18 404 2018-03-03T00:03:15.153
326 70 404 2018-03-03T00:03:15.153
48 3 407 2018-03-03T00:35:58.63
177 4 412 2018-03-03T14:58:55.457
177 24 412 2018-03-03T14:58:55.457
177 49 412 2018-03-03T14:58:55.457
215 19 420 2018-03-04T10:51:40.697
53 4 430 2018-03-05T14:52:43.157
53 32 430 2018-03-05T14:52:43.157
378 24 433 2018-03-06T17:58:09.297
378 5 433 2018-03-06T17:58:09.297
378 59 433 2018-03-06T17:58:09.297
300 60 437 2018-03-06T20:38:13.957
300 59 437 2018-03-06T20:38:13.957
32 7 438 2018-03-06T21:39:13.36
32 18 438 2018-03-06T21:39:13.36
142 52 446 2018-03-08T15:46:18.427
142 71 446 2018-03-08T15:46:18.427
348 29 452 2018-03-09T22:04:38.303
348 25 452 2018-03-09T22:04:38.303
348 31 452 2018-03-09T22:04:38.303
300 72 456 2018-03-11T15:11:43.033
348 24 459 2018-03-11T23:05:09.11
348 5 459 2018-03-11T23:05:09.11
142 25 465 2018-03-13T17:23:04.047
142 33 465 2018-03-13T17:23:04.047
142 30 465 2018-03-13T17:23:04.047
142 73 465 2018-03-13T17:23:04.047
398 24 466 2018-03-13T18:16:06.767
398 55 466 2018-03-13T18:16:06.767
194 24 475 2018-03-16T13:58:44.753
194 30 475 2018-03-16T13:58:44.753
194 51 475 2018-03-16T13:58:44.753
142 33 479 2018-03-19T09:13:18.413
142 74 479 2018-03-19T09:13:18.413
142 75 479 2018-03-19T09:13:18.413
307 11 483 2018-03-19T19:11:40.527
307 12 483 2018-03-19T19:11:40.527
215 49 484 2018-03-19T19:48:43.567
348 27 493 2018-03-23T01:21:38.71
348 76 493 2018-03-23T01:21:38.71
300 20 499 2018-03-23T21:22:54.557
300 42 499 2018-03-23T21:22:54.557
348 25 501 2018-03-24T06:15:20.113
348 58 501 2018-03-24T06:15:20.113
142 24 507 2018-03-26T12:39:53.847
142 77 507 2018-03-26T12:39:53.847
435 12 510 2018-03-27T06:12:52.45
195 11 512 2018-03-28T20:52:22.477
142 3 517 2018-04-03T10:26:10.297
142 29 517 2018-04-03T10:26:10.297
142 64 517 2018-04-03T10:26:10.297
142 78 517 2018-04-03T10:26:10.297
43 24 521 2018-04-03T20:38:19.547
43 4 521 2018-04-03T20:38:19.547
43 49 521 2018-04-03T20:38:19.547
43 70 521 2018-04-03T20:38:19.547
43 11 522 2018-04-03T20:47:08.247
43 45 522 2018-04-03T20:47:08.247
139 24 525 2018-04-04T04:25:16.053
139 3 525 2018-04-04T04:25:16.053
113 11 535 2018-04-10T06:10:07.853
113 17 535 2018-04-10T06:10:07.853
142 1 539 2018-04-14T07:48:01.93
142 40 539 2018-04-14T07:48:01.93
407 27 546 2018-04-17T18:24:54.457
407 55 546 2018-04-17T18:24:54.457
181 4 548 2018-04-17T20:27:50.057
181 6 548 2018-04-17T20:27:50.057
142 1 552 2018-04-19T14:24:01.793
506 42 555 2018-04-22T20:34:34.823
142 1 561 2018-04-23T17:02:05.07
142 8 561 2018-04-23T17:02:05.07
419 24 563 2018-04-25T04:34:11.93
419 49 563 2018-04-25T04:34:11.93
419 11 563 2018-04-25T04:34:11.93
215 24 565 2018-04-25T12:33:28.877
215 25 565 2018-04-25T12:33:28.877
215 55 565 2018-04-25T12:33:28.877
215 79 565 2018-04-25T12:33:28.877
215 33 566 2018-04-25T16:32:41.003
215 64 566 2018-04-25T16:32:41.003
215 65 566 2018-04-25T16:32:41.003
215 75 566 2018-04-25T16:32:41.003
215 3 568 2018-04-25T17:11:17.77
215 18 568 2018-04-25T17:11:17.77
142 3 575 2018-04-27T14:27:48.387
142 1 575 2018-04-27T14:27:48.387
142 80 575 2018-04-27T14:27:48.387
142 29 582 2018-04-29T20:26:05.1
142 61 582 2018-04-29T20:26:05.1
215 11 586 2018-04-30T08:40:14.467
215 27 586 2018-04-30T08:40:14.467
215 29 586 2018-04-30T08:40:14.467
142 24 589 2018-04-30T17:24:35.243
142 18 589 2018-04-30T17:24:35.243
497 20 597 2018-05-02T09:53:39.983
497 52 597 2018-05-02T09:53:39.983
113 11 600 2018-05-02T11:54:58.977
113 20 600 2018-05-02T11:54:58.977
113 81 600 2018-05-02T11:54:58.977
594 24 610 2018-05-05T12:25:38.813
594 59 610 2018-05-05T12:25:38.813
142 41 612 2018-05-09T15:20:19.537
142 82 612 2018-05-09T15:20:19.537
607 3 615 2018-05-10T18:18:22.087
607 18 615 2018-05-10T18:18:22.087
607 10 615 2018-05-10T18:18:22.087
607 83 615 2018-05-10T18:18:22.087
497 3 622 2018-05-13T03:56:10.313
497 65 622 2018-05-13T03:56:10.313
142 5 626 2018-05-18T16:56:05.193
142 84 626 2018-05-18T16:56:05.193
142 25 626 2018-05-18T16:56:05.193
625 24 631 2018-05-19T19:18:23.677
625 3 631 2018-05-19T19:18:23.677
625 11 631 2018-05-19T19:18:23.677
328 4 633 2018-05-20T13:06:45.047
328 17 633 2018-05-20T13:06:45.047
328 60 633 2018-05-20T13:06:45.047
398 24 635 2018-05-20T17:59:52.107
398 5 635 2018-05-20T17:59:52.107
398 55 635 2018-05-20T17:59:52.107
398 71 635 2018-05-20T17:59:52.107
142 3 637 2018-05-21T14:06:17.92
142 10 637 2018-05-21T14:06:17.92
142 61 637 2018-05-21T14:06:17.92
142 84 637 2018-05-21T14:06:17.92
142 12 644 2018-05-28T12:31:44.157
142 85 644 2018-05-28T12:31:44.157
33 11 646 2018-05-30T12:57:19.137
33 12 646 2018-05-30T12:57:19.137
640 3 649 2018-06-01T15:30:42.077
640 65 649 2018-06-01T15:30:42.077
640 75 649 2018-06-01T15:30:42.077
215 64 651 2018-06-03T11:36:16.027
215 65 651 2018-06-03T11:36:16.027
215 75 651 2018-06-03T11:36:16.027
203 17 653 2018-06-04T15:11:37.417
203 23 653 2018-06-04T15:11:37.417
113 63 656 2018-06-10T13:31:24.457
113 18 659 2018-06-14T13:32:22.377
113 25 659 2018-06-14T13:32:22.377
113 30 659 2018-06-14T13:32:22.377
348 24 663 2018-06-23T05:31:05.667
348 11 663 2018-06-23T05:31:05.667
348 10 663 2018-06-23T05:31:05.667
142 24 665 2018-06-29T14:32:09.687
142 55 665 2018-06-29T14:32:09.687
142 5 665 2018-06-29T14:32:09.687
142 79 665 2018-06-29T14:32:09.687
142 86 665 2018-06-29T14:32:09.687
633 24 666 2018-06-29T16:48:35.36
633 5 666 2018-06-29T16:48:35.36
633 21 666 2018-06-29T16:48:35.36
694 17 670 2018-07-01T20:15:34.9
694 32 670 2018-07-01T20:15:34.9
142 29 672 2018-07-03T16:45:23.85
142 32 672 2018-07-03T16:45:23.85
701 24 674 2018-07-04T11:25:46.73
701 11 674 2018-07-04T11:25:46.73
706 39 677 2018-07-05T16:30:47.613
633 24 681 2018-07-08T16:54:18.247
633 11 681 2018-07-08T16:54:18.247
633 59 681 2018-07-08T16:54:18.247
714 42 685 2018-07-12T09:50:40.78
714 86 685 2018-07-12T09:50:40.78
714 66 685 2018-07-12T09:50:40.78
53 27 690 2018-07-14T18:19:29.267
53 55 690 2018-07-14T18:19:29.267
348 4 693 2018-07-15T06:18:44.807
348 87 693 2018-07-15T06:18:44.807
717 11 697 2018-07-17T21:29:06.633
717 30 697 2018-07-17T21:29:06.633
142 27 699 2018-07-18T15:34:23.353
142 33 699 2018-07-18T15:34:23.353
142 24 704 2018-07-24T17:06:00.22
142 3 704 2018-07-24T17:06:00.22
142 30 704 2018-07-24T17:06:00.22
142 64 704 2018-07-24T17:06:00.22
113 27 707 2018-07-26T04:37:54.48
113 33 707 2018-07-26T04:37:54.48
113 42 707 2018-07-26T04:37:54.48
113 88 707 2018-07-26T04:37:54.48
633 24 710 2018-07-26T15:54:33.49
633 32 710 2018-07-26T15:54:33.49
633 60 710 2018-07-26T15:54:33.49
142 29 719 2018-07-30T18:23:47.73
142 62 719 2018-07-30T18:23:47.73
740 64 721 2018-07-31T17:02:53.547
740 65 721 2018-07-31T17:02:53.547
740 75 721 2018-07-31T17:02:53.547
142 20 727 2018-08-03T15:54:15.09
142 64 727 2018-08-03T15:54:15.09
142 48 727 2018-08-03T15:54:15.09
142 89 727 2018-08-03T15:54:15.09
142 90 727 2018-08-03T15:54:15.09
634 27 733 2018-08-07T17:53:54.403
634 25 733 2018-08-07T17:53:54.403
634 42 733 2018-08-07T17:53:54.403
142 27 735 2018-08-10T16:42:19.31
142 91 735 2018-08-10T16:42:19.31
142 88 735 2018-08-10T16:42:19.31
634 27 739 2018-08-14T05:13:27.393
634 5 739 2018-08-14T05:13:27.393
634 92 739 2018-08-14T05:13:27.393
142 40 743 2018-08-14T17:06:59.79
142 93 743 2018-08-14T17:06:59.79
763 4 744 2018-08-15T18:24:38.757
740 4 748 2018-08-22T14:08:33.297
740 28 748 2018-08-22T14:08:33.297
348 34 752 2018-08-22T19:08:49.923
142 6 754 2018-08-28T15:03:43.08
142 40 754 2018-08-28T15:03:43.08
348 29 755 2018-08-28T22:24:32.193
348 83 755 2018-08-28T22:24:32.193
142 33 760 2018-08-31T12:09:08.863
142 58 760 2018-08-31T12:09:08.863
