7 1 1 2016-04-26T19:30:14.687
7 2 1 2016-04-26T19:30:14.687
7 3 1 2016-04-26T19:30:14.687
22 4 2 2016-04-26T19:30:40.023
16 5 3 2016-04-26T19:32:04.37
15 2 4 2016-04-26T19:33:38.37
15 6 4 2016-04-26T19:33:38.37
22 6 6 2016-04-26T19:36:24.183
22 7 6 2016-04-26T19:36:24.183
10 8 7 2016-04-26T19:40:33.463
10 9 7 2016-04-26T19:40:33.463
43 10 11 2016-04-26T19:55:23.34
43 11 11 2016-04-26T19:55:23.34
34 12 12 2016-04-26T19:56:08.69
34 13 12 2016-04-26T19:56:08.69
45 1 13 2016-04-26T19:59:23.937
45 14 13 2016-04-26T19:59:23.937
16 15 14 2016-04-26T20:06:04.823
11 16 15 2016-04-26T20:22:22.777
11 17 15 2016-04-26T20:22:22.777
11 18 15 2016-04-26T20:22:22.777
53 1 17 2016-04-26T20:33:28.853
53 19 17 2016-04-26T20:33:28.853
61 20 18 2016-04-26T20:41:56.003
24 1 22 2016-04-26T20:51:42.587
24 14 22 2016-04-26T20:51:42.587
24 16 24 2016-04-26T20:57:32.04
24 21 26 2016-04-26T21:02:57.577
24 22 26 2016-04-26T21:02:57.577
24 19 26 2016-04-26T21:02:57.577
33 23 27 2016-04-26T21:05:25.667
58 1 29 2016-04-26T21:15:15.99
58 24 29 2016-04-26T21:15:15.99
37 25 32 2016-04-26T21:20:45.673
37 26 32 2016-04-26T21:20:45.673
84 27 39 2016-04-26T22:18:18.463
84 28 39 2016-04-26T22:18:18.463
84 27 40 2016-04-26T22:23:32.87
84 29 40 2016-04-26T22:23:32.87
77 8 44 2016-04-26T22:25:26.437
77 30 44 2016-04-26T22:25:26.437
84 31 45 2016-04-26T22:25:41.103
84 29 46 2016-04-26T22:31:34.667
84 27 47 2016-04-26T22:37:11.837
84 28 47 2016-04-26T22:37:11.837
84 29 48 2016-04-26T22:39:15.69
84 32 48 2016-04-26T22:39:15.69
86 33 49 2016-04-26T22:40:25.697
86 33 55 2016-04-26T23:40:38.15
86 33 56 2016-04-26T23:44:39.04
86 34 56 2016-04-26T23:44:39.04
86 33 61 2016-04-26T23:50:19.573
34 1 62 2016-04-27T00:00:43.6
34 2 62 2016-04-27T00:00:43.6
95 27 65 2016-04-27T00:10:59.187
95 29 65 2016-04-27T00:10:59.187
17 35 66 2016-04-27T01:15:27.29
100 19 70 2016-04-27T03:02:47.91
100 36 70 2016-04-27T03:02:47.91
44 35 74 2016-04-27T04:28:33.26
44 37 76 2016-04-27T04:53:58.433
96 1 77 2016-04-27T05:24:09.253
96 6 77 2016-04-27T05:24:09.253
96 19 77 2016-04-27T05:24:09.253
109 38 79 2016-04-27T05:30:52.583
109 39 79 2016-04-27T05:30:52.583
109 40 79 2016-04-27T05:30:52.583
96 41 80 2016-04-27T05:33:03.643
109 38 81 2016-04-27T05:34:44.23
96 32 82 2016-04-27T05:36:13.003
109 36 83 2016-04-27T05:37:47.827
96 2 84 2016-04-27T05:38:07.047
96 6 84 2016-04-27T05:38:07.047
96 27 84 2016-04-27T05:38:07.047
96 14 85 2016-04-27T05:47:14.25
113 35 86 2016-04-27T06:49:12.957
116 35 87 2016-04-27T07:00:45.4
116 8 87 2016-04-27T07:00:45.4
116 42 87 2016-04-27T07:00:45.4
116 30 88 2016-04-27T07:03:48.93
116 35 88 2016-04-27T07:03:48.93
30 43 97 2016-04-27T12:46:55.997
30 6 102 2016-04-27T13:01:18.667
43 44 105 2016-04-27T13:25:13.413
43 40 105 2016-04-27T13:25:13.413
132 8 111 2016-04-27T14:15:16.96
132 5 111 2016-04-27T14:15:16.96
132 45 114 2016-04-27T14:25:05.5
132 5 114 2016-04-27T14:25:05.5
132 8 116 2016-04-27T14:45:27.15
134 35 121 2016-04-27T15:28:31.94
96 1 129 2016-04-27T15:40:04.657
96 32 129 2016-04-27T15:40:04.657
96 14 129 2016-04-27T15:40:04.657
132 8 134 2016-04-27T16:12:21.373
132 46 134 2016-04-27T16:12:21.373
24 43 136 2016-04-27T16:27:44.12
24 47 136 2016-04-27T16:27:44.12
79 40 138 2016-04-27T16:54:36.957
79 48 138 2016-04-27T16:54:36.957
52 35 142 2016-04-27T17:25:19.017
52 49 142 2016-04-27T17:25:19.017
134 8 149 2016-04-27T18:00:41.417
134 46 149 2016-04-27T18:00:41.417
20 1 152 2016-04-27T19:06:19.933
20 50 152 2016-04-27T19:06:19.933
58 51 163 2016-04-27T21:23:02.533
24 52 167 2016-04-27T22:43:01.207
24 53 167 2016-04-27T22:43:01.207
46 30 170 2016-04-27T23:22:09.117
46 45 170 2016-04-27T23:22:09.117
71 11 174 2016-04-28T00:12:41.367
71 54 174 2016-04-28T00:12:41.367
71 55 174 2016-04-28T00:12:41.367
34 56 175 2016-04-28T01:52:04.143
34 6 176 2016-04-28T01:57:02.277
34 29 176 2016-04-28T01:57:02.277
34 29 177 2016-04-28T01:59:41.777
71 1 183 2016-04-28T12:06:13.393
45 57 186 2016-04-28T14:15:12.923
45 11 186 2016-04-28T14:15:12.923
43 11 189 2016-04-28T15:12:38.647
44 8 193 2016-04-28T16:03:01.64
44 35 193 2016-04-28T16:03:01.64
44 30 193 2016-04-28T16:03:01.64
20 1 198 2016-04-28T17:34:47.05
20 50 198 2016-04-28T17:34:47.05
24 13 200 2016-04-28T18:54:34.82
24 58 200 2016-04-28T18:54:34.82
95 4 201 2016-04-28T19:38:54.93
63 6 205 2016-04-28T20:53:39.01
63 18 205 2016-04-28T20:53:39.01
44 1 212 2016-04-29T02:34:42.743
44 19 212 2016-04-29T02:34:42.743
44 59 212 2016-04-29T02:34:42.743
44 35 213 2016-04-29T02:41:03.213
44 4 214 2016-04-29T02:57:03.97
44 21 214 2016-04-29T02:57:03.97
44 25 214 2016-04-29T02:57:03.97
44 4 215 2016-04-29T03:11:26.793
44 25 215 2016-04-29T03:11:26.793
96 14 217 2016-04-29T04:32:51.84
96 9 217 2016-04-29T04:32:51.84
96 9 218 2016-04-29T04:37:15.13
96 14 218 2016-04-29T04:37:15.13
96 27 219 2016-04-29T05:03:29.977
96 32 220 2016-04-29T05:26:22.117
96 60 220 2016-04-29T05:26:22.117
96 32 221 2016-04-29T05:56:30.563
96 51 221 2016-04-29T05:56:30.563
96 61 221 2016-04-29T05:56:30.563
96 32 222 2016-04-29T06:21:07.803
96 51 222 2016-04-29T06:21:07.803
96 61 222 2016-04-29T06:21:07.803
65 6 223 2016-04-29T08:49:23.893
65 62 223 2016-04-29T08:49:23.893
163 47 228 2016-04-29T09:17:41.367
163 63 228 2016-04-29T09:17:41.367
44 41 232 2016-04-29T11:42:37.603
44 64 232 2016-04-29T11:42:37.603
24 56 239 2016-04-29T16:47:59.82
44 24 240 2016-04-29T17:44:11.573
44 65 240 2016-04-29T17:44:11.573
48 51 247 2016-04-30T04:41:07.317
48 61 247 2016-04-30T04:41:07.317
48 62 247 2016-04-30T04:41:07.317
48 61 248 2016-04-30T04:46:34.677
48 62 248 2016-04-30T04:46:34.677
48 64 248 2016-04-30T04:46:34.677
48 1 249 2016-04-30T04:51:49.93
48 66 249 2016-04-30T04:51:49.93
48 53 250 2016-04-30T05:01:15.23
183 40 253 2016-04-30T16:35:09.803
112 35 259 2016-04-30T20:24:30.447
112 8 259 2016-04-30T20:24:30.447
92 67 261 2016-04-30T22:09:54.743
92 68 261 2016-04-30T22:09:54.743
92 69 261 2016-04-30T22:09:54.743
24 32 263 2016-05-01T00:58:12.423
24 51 263 2016-05-01T00:58:12.423
70 16 267 2016-05-01T12:13:20.96
92 4 270 2016-05-01T17:51:25.887
44 30 279 2016-05-01T19:50:17.127
137 8 280 2016-05-01T20:41:29.957
30 8 281 2016-05-01T21:03:31.497
30 35 281 2016-05-01T21:03:31.497
30 45 281 2016-05-01T21:03:31.497
24 24 284 2016-05-01T23:56:12.973
44 8 289 2016-05-02T00:55:42.607
44 66 289 2016-05-02T00:55:42.607
43 54 293 2016-05-02T02:41:38.73
43 44 293 2016-05-02T02:41:38.73
43 19 293 2016-05-02T02:41:38.73
63 68 294 2016-05-02T02:45:30.763
63 69 294 2016-05-02T02:45:30.763
96 1 296 2016-05-02T03:43:28.643
96 32 296 2016-05-02T03:43:28.643
96 51 296 2016-05-02T03:43:28.643
96 61 296 2016-05-02T03:43:28.643
96 13 296 2016-05-02T03:43:28.643
96 32 297 2016-05-02T03:53:48.507
96 60 297 2016-05-02T03:53:48.507
194 19 300 2016-05-02T13:45:23.86
70 52 302 2016-05-02T13:58:04.16
70 70 302 2016-05-02T13:58:04.16
95 32 304 2016-05-02T14:31:58.417
95 9 304 2016-05-02T14:31:58.417
95 3 304 2016-05-02T14:31:58.417
44 4 313 2016-05-02T20:08:26.35
44 9 313 2016-05-02T20:08:26.35
44 71 313 2016-05-02T20:08:26.35
71 9 315 2016-05-03T11:53:10.06
71 72 315 2016-05-03T11:53:10.06
52 35 319 2016-05-03T19:27:02.897
52 66 319 2016-05-03T19:27:02.897
24 16 321 2016-05-03T19:30:04.217
24 64 321 2016-05-03T19:30:04.217
44 35 322 2016-05-03T19:53:03.687
24 16 323 2016-05-03T20:10:29.803
24 17 323 2016-05-03T20:10:29.803
199 9 326 2016-05-03T23:46:19.953
199 19 326 2016-05-03T23:46:19.953
199 73 326 2016-05-03T23:46:19.953
44 25 330 2016-05-04T03:00:33.747
44 74 330 2016-05-04T03:00:33.747
44 9 348 2016-05-05T01:05:58.16
44 68 348 2016-05-05T01:05:58.16
44 75 348 2016-05-05T01:05:58.16
24 9 350 2016-05-05T02:24:45.71
24 68 350 2016-05-05T02:24:45.71
24 63 350 2016-05-05T02:24:45.71
24 67 350 2016-05-05T02:24:45.71
44 16 352 2016-05-05T02:37:36.643
44 65 352 2016-05-05T02:37:36.643
59 32 355 2016-05-05T16:08:04.697
59 9 355 2016-05-05T16:08:04.697
20 1 356 2016-05-05T18:38:39.677
20 50 356 2016-05-05T18:38:39.677
199 1 361 2016-05-06T01:55:10.553
199 50 361 2016-05-06T01:55:10.553
71 11 364 2016-05-06T08:58:46.973
163 43 365 2016-05-06T10:53:38.973
163 47 365 2016-05-06T10:53:38.973
24 55 366 2016-05-06T20:43:44.47
96 76 371 2016-05-07T00:09:50.03
96 77 371 2016-05-07T00:09:50.03
17 30 374 2016-05-07T05:35:56.267
17 66 374 2016-05-07T05:35:56.267
17 54 375 2016-05-07T05:46:11.707
17 19 375 2016-05-07T05:46:11.707
17 32 376 2016-05-07T05:58:42.98
17 6 376 2016-05-07T05:58:42.98
17 51 376 2016-05-07T05:58:42.98
24 22 384 2016-05-07T20:50:00.76
24 78 384 2016-05-07T20:50:00.76
30 20 389 2016-05-08T15:29:06.833
30 18 389 2016-05-08T15:29:06.833
20 50 390 2016-05-09T17:39:39.503
156 26 391 2016-05-09T18:10:31.477
156 58 391 2016-05-09T18:10:31.477
137 43 395 2016-05-10T15:28:40.923
20 50 397 2016-05-10T20:27:25.243
220 79 401 2016-05-11T20:44:47.483
220 80 401 2016-05-11T20:44:47.483
220 81 401 2016-05-11T20:44:47.483
44 9 404 2016-05-13T19:03:00.103
44 44 404 2016-05-13T19:03:00.103
44 82 404 2016-05-13T19:03:00.103
20 1 406 2016-05-13T20:09:31.133
20 50 406 2016-05-13T20:09:31.133
20 24 406 2016-05-13T20:09:31.133
223 20 407 2016-05-13T21:14:35.307
223 83 407 2016-05-13T21:14:35.307
223 18 407 2016-05-13T21:14:35.307
20 50 410 2016-05-14T00:54:06.573
20 84 410 2016-05-14T00:54:06.573
44 32 411 2016-05-14T00:58:29.06
44 51 411 2016-05-14T00:58:29.06
20 9 413 2016-05-14T02:33:34.88
20 16 413 2016-05-14T02:33:34.88
72 1 418 2016-05-14T12:15:19.07
72 14 418 2016-05-14T12:15:19.07
72 57 418 2016-05-14T12:15:19.07
92 9 421 2016-05-15T15:12:13.013
92 4 421 2016-05-15T15:12:13.013
92 71 421 2016-05-15T15:12:13.013
46 8 422 2016-05-15T16:31:46.61
46 85 422 2016-05-15T16:31:46.61
44 86 435 2016-05-17T00:49:44.483
44 4 442 2016-05-17T01:27:08.14
44 25 442 2016-05-17T01:27:08.14
230 60 446 2016-05-17T16:54:51.283
63 79 449 2016-05-17T17:36:39.767
63 80 449 2016-05-17T17:36:39.767
63 87 449 2016-05-17T17:36:39.767
232 30 454 2016-05-17T23:33:51.67
24 51 455 2016-05-18T03:49:14.6
24 88 455 2016-05-18T03:49:14.6
96 51 457 2016-05-18T10:09:17.277
96 88 457 2016-05-18T10:09:17.277
96 89 457 2016-05-18T10:09:17.277
85 29 474 2016-05-18T21:40:11.4
85 29 475 2016-05-18T21:47:59.03
24 1 477 2016-05-19T01:04:51.703
24 32 477 2016-05-19T01:04:51.703
20 50 483 2016-05-19T18:03:33.307
20 90 483 2016-05-19T18:03:33.307
44 32 485 2016-05-19T18:56:49.597
44 91 485 2016-05-19T18:56:49.597
24 13 488 2016-05-19T19:29:07.873
24 89 488 2016-05-19T19:29:07.873
24 19 489 2016-05-19T20:21:03.433
24 20 489 2016-05-19T20:21:03.433
24 23 489 2016-05-19T20:21:03.433
24 1 490 2016-05-19T20:25:14.487
24 19 490 2016-05-19T20:25:14.487
24 92 490 2016-05-19T20:25:14.487
24 93 490 2016-05-19T20:25:14.487
24 37 490 2016-05-19T20:25:14.487
30 4 491 2016-05-19T22:10:16.413
30 94 491 2016-05-19T22:10:16.413
44 32 493 2016-05-20T02:11:06.49
44 13 493 2016-05-20T02:11:06.49
44 91 493 2016-05-20T02:11:06.49
30 19 498 2016-05-20T21:39:03.05
30 94 498 2016-05-20T21:39:03.05
24 27 500 2016-05-21T02:12:24.74
24 36 500 2016-05-21T02:12:24.74
234 57 506 2016-05-21T16:44:34.24
234 95 506 2016-05-21T16:44:34.24
234 96 506 2016-05-21T16:44:34.24
23 97 507 2016-05-21T17:25:02.093
199 45 511 2016-05-22T00:43:51.417
199 86 511 2016-05-22T00:43:51.417
24 1 528 2016-05-22T20:17:42.96
24 32 528 2016-05-22T20:17:42.96
24 6 528 2016-05-22T20:17:42.96
85 29 529 2016-05-22T22:29:59.863
85 27 529 2016-05-22T22:29:59.863
85 56 529 2016-05-22T22:29:59.863
232 32 532 2016-05-22T23:40:11.5
232 51 532 2016-05-22T23:40:11.5
232 60 532 2016-05-22T23:40:11.5
44 98 540 2016-05-23T04:11:20.39
232 19 542 2016-05-23T11:01:09.163
232 83 542 2016-05-23T11:01:09.163
234 1 543 2016-05-23T14:25:36.47
30 44 544 2016-05-23T17:27:34.81
30 74 544 2016-05-23T17:27:34.81
30 20 545 2016-05-23T17:31:45.147
30 44 545 2016-05-23T17:31:45.147
30 18 545 2016-05-23T17:31:45.147
30 1 546 2016-05-23T17:44:44.347
30 18 546 2016-05-23T17:44:44.347
44 20 547 2016-05-23T17:45:59.017
20 59 555 2016-05-23T21:48:46.343
20 70 555 2016-05-23T21:48:46.343
24 2 556 2016-05-23T23:03:41.837
314 18 561 2016-05-24T04:57:19.737
314 99 561 2016-05-24T04:57:19.737
33 50 562 2016-05-24T13:51:10.147
33 18 562 2016-05-24T13:51:10.147
30 4 579 2016-05-25T13:20:52.18
281 27 587 2016-05-25T22:55:00.673
281 2 587 2016-05-25T22:55:00.673
72 32 588 2016-05-25T23:10:03.797
72 9 588 2016-05-25T23:10:03.797
349 54 590 2016-05-26T01:46:19.523
44 100 594 2016-05-26T13:47:05.227
30 44 595 2016-05-26T14:47:16.04
30 74 595 2016-05-26T14:47:16.04
30 99 595 2016-05-26T14:47:16.04
33 64 598 2016-05-26T17:50:58.767
365 100 607 2016-05-27T00:58:48.843
44 50 613 2016-05-27T13:40:50.917
96 1 620 2016-05-28T13:49:30.283
96 27 620 2016-05-28T13:49:30.283
96 56 620 2016-05-28T13:49:30.283
44 40 622 2016-05-29T00:58:17.533
44 101 622 2016-05-29T00:58:17.533
96 41 626 2016-05-29T13:35:31.133
24 32 629 2016-05-29T23:22:49.823
24 27 629 2016-05-29T23:22:49.823
24 66 629 2016-05-29T23:22:49.823
96 41 630 2016-05-30T09:41:51.07
71 19 631 2016-05-30T10:15:07.557
71 81 631 2016-05-30T10:15:07.557
71 10 631 2016-05-30T10:15:07.557
399 25 633 2016-05-30T14:32:25.243
399 102 633 2016-05-30T14:32:25.243
44 101 634 2016-05-30T14:34:56.193
44 103 634 2016-05-30T14:34:56.193
24 32 635 2016-05-30T15:40:32.297
24 104 635 2016-05-30T15:40:32.297
71 9 640 2016-05-31T08:31:44.503
71 81 640 2016-05-31T08:31:44.503
24 24 644 2016-05-31T18:44:01.04
24 52 644 2016-05-31T18:44:01.04
96 13 648 2016-06-01T07:09:53.153
96 1 649 2016-06-01T08:16:15.957
96 13 649 2016-06-01T08:16:15.957
408 19 651 2016-06-01T10:44:29.563
408 54 651 2016-06-01T10:44:29.563
408 39 651 2016-06-01T10:44:29.563
96 1 655 2016-06-01T12:25:09.723
96 1 657 2016-06-01T13:15:20.097
96 13 657 2016-06-01T13:15:20.097
412 66 661 2016-06-01T15:21:22.44
412 86 661 2016-06-01T15:21:22.44
412 87 661 2016-06-01T15:21:22.44
96 32 665 2016-06-02T09:32:12.663
96 13 665 2016-06-02T09:32:12.663
96 105 665 2016-06-02T09:32:12.663
44 64 669 2016-06-03T03:18:47.077
44 76 669 2016-06-03T03:18:47.077
426 32 672 2016-06-03T09:35:23.727
426 60 672 2016-06-03T09:35:23.727
426 106 672 2016-06-03T09:35:23.727
96 32 675 2016-06-03T10:34:00.753
96 77 675 2016-06-03T10:34:00.753
430 15 680 2016-06-03T13:47:15.647
343 19 681 2016-06-03T14:08:07.74
343 31 681 2016-06-03T14:08:07.74
435 20 687 2016-06-03T22:32:27.983
435 22 687 2016-06-03T22:32:27.983
435 99 687 2016-06-03T22:32:27.983
435 107 687 2016-06-03T22:32:27.983
380 73 688 2016-06-04T13:48:23.177
63 1 690 2016-06-04T19:40:26.67
63 108 690 2016-06-04T19:40:26.67
24 109 1692 2016-06-05T19:03:49.85
96 13 1701 2016-06-06T16:18:17.603
358 11 1704 2016-06-06T17:49:43.283
358 110 1704 2016-06-06T17:49:43.283
358 19 1706 2016-06-06T18:34:30.737
358 54 1706 2016-06-06T18:34:30.737
358 111 1706 2016-06-06T18:34:30.737
358 110 1706 2016-06-06T18:34:30.737
44 35 1710 2016-06-07T03:19:09.703
71 19 1713 2016-06-07T12:31:10.473
71 9 1713 2016-06-07T12:31:10.473
92 15 1716 2016-06-07T13:28:20.747
92 97 1716 2016-06-07T13:28:20.747
71 20 1721 2016-06-08T08:35:58.39
71 18 1721 2016-06-08T08:35:58.39
30 4 1726 2016-06-08T18:13:20.233
30 25 1726 2016-06-08T18:13:20.233
96 1 1730 2016-06-09T13:21:53.803
96 6 1730 2016-06-09T13:21:53.803
467 59 1733 2016-06-09T19:17:05.703
24 43 1734 2016-06-09T22:59:43.757
24 43 1735 2016-06-09T23:04:39.983
24 47 1735 2016-06-09T23:04:39.983
24 24 1736 2016-06-09T23:20:14.707
24 22 1736 2016-06-09T23:20:14.707
24 112 1736 2016-06-09T23:20:14.707
473 77 1742 2016-06-10T14:49:29.817
72 32 1743 2016-06-10T15:44:58.61
72 113 1743 2016-06-10T15:44:58.61
72 114 1743 2016-06-10T15:44:58.61
24 57 1744 2016-06-10T18:13:31.283
24 93 1744 2016-06-10T18:13:31.283
408 6 1750 2016-06-11T07:39:20.753
408 20 1750 2016-06-11T07:39:20.753
408 115 1750 2016-06-11T07:39:20.753
480 77 1751 2016-06-11T12:37:18.933
480 70 1751 2016-06-11T12:37:18.933
480 26 1751 2016-06-11T12:37:18.933
480 116 1751 2016-06-11T12:37:18.933
137 117 1753 2016-06-11T20:27:34.823
137 118 1753 2016-06-11T20:27:34.823
137 119 1753 2016-06-11T20:27:34.823
486 32 1757 2016-06-13T00:14:06.34
486 77 1757 2016-06-13T00:14:06.34
486 3 1757 2016-06-13T00:14:06.34
486 106 1757 2016-06-13T00:14:06.34
96 13 1760 2016-06-13T09:21:31.49
71 20 1761 2016-06-13T10:24:25.007
71 18 1761 2016-06-13T10:24:25.007
71 44 1761 2016-06-13T10:24:25.007
426 13 1764 2016-06-13T13:06:16.843
426 86 1764 2016-06-13T13:06:16.843
467 24 1767 2016-06-13T13:42:09.297
467 120 1767 2016-06-13T13:42:09.297
443 6 1777 2016-06-15T16:03:36.287
443 29 1777 2016-06-15T16:03:36.287
443 15 1777 2016-06-15T16:03:36.287
44 30 1780 2016-06-16T01:01:00.14
44 52 1780 2016-06-16T01:01:00.14
502 32 1782 2016-06-16T04:07:54.153
502 3 1782 2016-06-16T04:07:54.153
502 106 1782 2016-06-16T04:07:54.153
426 32 1785 2016-06-16T07:46:41.64
426 6 1785 2016-06-16T07:46:41.64
426 51 1785 2016-06-16T07:46:41.64
426 61 1785 2016-06-16T07:46:41.64
44 6 1801 2016-06-17T13:21:41.22
44 29 1801 2016-06-17T13:21:41.22
232 57 1803 2016-06-17T21:51:25.59
232 121 1803 2016-06-17T21:51:25.59
96 32 1807 2016-06-19T13:29:00.503
44 122 1808 2016-06-20T01:38:48.55
44 123 1808 2016-06-20T01:38:48.55
24 124 1817 2016-06-20T16:39:32.673
343 4 1819 2016-06-20T23:20:13.833
96 32 1820 2016-06-21T07:00:03.197
96 60 1820 2016-06-21T07:00:03.197
539 77 1828 2016-06-22T06:59:04.967
543 32 1834 2016-06-23T03:05:52.603
543 77 1834 2016-06-23T03:05:52.603
426 4 1839 2016-06-24T10:10:45.457
426 71 1839 2016-06-24T10:10:45.457
556 1 1844 2016-06-25T01:42:09.543
24 6 1848 2016-06-26T23:53:35.293
561 32 1849 2016-06-27T00:01:22.37
561 77 1849 2016-06-27T00:01:22.37
71 20 1852 2016-06-27T13:11:26.423
71 18 1852 2016-06-27T13:11:26.423
71 22 1852 2016-06-27T13:11:26.423
30 4 1853 2016-06-28T01:41:38.037
71 1 1859 2016-06-29T08:05:16.697
71 59 1859 2016-06-29T08:05:16.697
232 50 1862 2016-06-29T12:01:42.807
232 96 1862 2016-06-29T12:01:42.807
565 27 1872 2016-07-01T01:14:22.163
24 109 1873 2016-07-01T12:24:11.733
24 125 1873 2016-07-01T12:24:11.733
30 19 1874 2016-07-01T14:01:39.997
30 18 1874 2016-07-01T14:01:39.997
30 54 1874 2016-07-01T14:01:39.997
24 20 1878 2016-07-01T20:17:35.393
24 109 1878 2016-07-01T20:17:35.393
598 1 1882 2016-07-05T05:01:48
598 41 1882 2016-07-05T05:01:48
606 4 1884 2016-07-05T22:47:25.557
606 57 1884 2016-07-05T22:47:25.557
606 26 1884 2016-07-05T22:47:25.557
44 44 1887 2016-07-07T01:46:29.31
44 40 1887 2016-07-07T01:46:29.31
565 24 1889 2016-07-08T03:50:36.233
565 65 1889 2016-07-08T03:50:36.233
96 27 1890 2016-07-08T06:17:58.413
96 77 1890 2016-07-08T06:17:58.413
24 18 1894 2016-07-08T22:10:27.903
24 28 1894 2016-07-08T22:10:27.903
24 40 1895 2016-07-08T22:17:18.38
24 58 1895 2016-07-08T22:17:18.38
24 126 1895 2016-07-08T22:17:18.38
619 1 1899 2016-07-09T08:39:31.063
619 19 1899 2016-07-09T08:39:31.063
24 72 1901 2016-07-09T17:39:22.9
24 127 1901 2016-07-09T17:39:22.9
44 30 1903 2016-07-09T18:56:40.99
44 25 1903 2016-07-09T18:56:40.99
44 74 1903 2016-07-09T18:56:40.99
30 58 1904 2016-07-09T21:17:20.103
30 124 1904 2016-07-09T21:17:20.103
30 128 1904 2016-07-09T21:17:20.103
24 93 1905 2016-07-09T22:51:59.113
24 115 1905 2016-07-09T22:51:59.113
24 93 1916 2016-07-09T23:17:47.817
623 19 1917 2016-07-09T22:49:16.393
623 112 1917 2016-07-09T22:49:16.393
623 129 1917 2016-07-09T22:49:16.393
44 44 1918 2016-07-10T00:42:43.833
44 82 1918 2016-07-10T00:42:43.833
24 57 1923 2016-07-10T19:44:43.333
44 93 1937 2016-07-11T11:39:04.6
44 40 1939 2016-07-11T12:30:01.237
44 123 1939 2016-07-11T12:30:01.237
52 35 1944 2016-07-12T20:02:08.053
45 1 1946 2016-07-13T19:54:23.863
45 9 1946 2016-07-13T19:54:23.863
45 19 1946 2016-07-13T19:54:23.863
30 67 1947 2016-07-13T22:48:41.11
30 33 1949 2016-07-14T17:02:17.043
30 67 1949 2016-07-14T17:02:17.043
638 20 1952 2016-07-15T01:02:48.793
44 93 1954 2016-07-15T12:00:18.507
30 26 1957 2016-07-15T18:33:55.02
30 130 1957 2016-07-15T18:33:55.02
343 20 1958 2016-07-15T18:41:17.843
343 50 1958 2016-07-15T18:41:17.843
24 109 1965 2016-07-16T20:25:14.447
24 48 1965 2016-07-16T20:25:14.447
163 1 1967 2016-07-17T14:15:06.117
163 57 1967 2016-07-17T14:15:06.117
163 19 1967 2016-07-17T14:15:06.117
24 9 1972 2016-07-17T22:14:19.867
24 109 1972 2016-07-17T22:14:19.867
163 1 1975 2016-07-18T08:30:01.813
163 57 1975 2016-07-18T08:30:01.813
24 72 1979 2016-07-19T00:10:31.6
24 120 1979 2016-07-19T00:10:31.6
664 27 1980 2016-07-19T01:21:45.777
669 20 1986 2016-07-20T11:44:27.91
307 1 1989 2016-07-21T19:30:54.89
307 66 1989 2016-07-21T19:30:54.89
145 54 2009 2016-07-28T06:17:24.263
145 11 2009 2016-07-28T06:17:24.263
145 55 2009 2016-07-28T06:17:24.263
703 108 2010 2016-07-28T21:58:37.183
24 109 2013 2016-07-29T14:23:53.11
716 4 2017 2016-07-31T13:43:40.81
717 66 2018 2016-07-31T14:02:00.38
726 20 2028 2016-08-01T20:56:44.753
726 2 2028 2016-08-01T20:56:44.753
726 86 2028 2016-08-01T20:56:44.753
731 32 2030 2016-08-02T10:41:00.923
731 20 2030 2016-08-02T10:41:00.923
45 20 2038 2016-08-03T07:42:49.04
45 18 2038 2016-08-03T07:42:49.04
45 54 2038 2016-08-03T07:42:49.04
45 11 2038 2016-08-03T07:42:49.04
725 24 2042 2016-08-03T21:35:52.653
749 70 2050 2016-08-04T12:47:27.377
752 1 2053 2016-08-05T02:46:38.583
752 86 2053 2016-08-05T02:46:38.583
763 32 2061 2016-08-07T16:49:46.17
763 17 2061 2016-08-07T16:49:46.17
44 35 2067 2016-08-08T17:17:45.467
44 35 2068 2016-08-08T18:03:52.883
343 20 2070 2016-08-09T13:37:07.613
343 44 2070 2016-08-09T13:37:07.613
776 1 2074 2016-08-10T00:54:46.353
778 20 2080 2016-08-10T20:02:15.203
778 54 2080 2016-08-10T20:02:15.203
659 87 2084 2016-08-12T00:33:58.967
770 19 2085 2016-08-12T02:25:41.817
783 1 2089 2016-08-12T09:07:15.723
783 56 2089 2016-08-12T09:07:15.723
783 73 2089 2016-08-12T09:07:15.723
788 4 2091 2016-08-12T19:12:23.48
796 6 2095 2016-08-15T16:58:32.487
796 131 2095 2016-08-15T16:58:32.487
58 40 2096 2016-08-15T19:40:07.233
58 19 2096 2016-08-15T19:40:07.233
44 35 2098 2016-08-16T00:06:14.553
813 4 2102 2016-08-17T21:07:21.193
70 6 2103 2016-08-17T22:19:58.743
70 59 2103 2016-08-17T22:19:58.743
820 32 2104 2016-08-18T17:10:50.677
822 65 2107 2016-08-18T22:02:47.78
24 1 2118 2016-08-22T18:01:21.773
24 78 2121 2016-08-23T00:35:46.83
843 47 2126 2016-08-25T10:20:16.783
137 35 2130 2016-08-26T17:28:44.763
137 49 2130 2016-08-26T17:28:44.763
855 66 2133 2016-08-27T10:26:45.657
24 19 2135 2016-08-29T01:31:56.83
24 57 2135 2016-08-29T01:31:56.83
24 117 2135 2016-08-29T01:31:56.83
44 35 2136 2016-08-29T01:43:39.3
44 40 2136 2016-08-29T01:43:39.3
862 29 2141 2016-08-29T18:10:09.527
862 18 2141 2016-08-29T18:10:09.527
862 29 2142 2016-08-29T19:28:07.363
862 36 2142 2016-08-29T19:28:07.363
866 32 2144 2016-08-30T12:52:26.15
866 51 2144 2016-08-30T12:52:26.15
871 3 2153 2016-08-31T16:55:40.73
94 40 2154 2016-08-31T17:39:54.673
94 43 2154 2016-08-31T17:39:54.673
72 9 2155 2016-08-31T17:42:35.087
72 18 2155 2016-08-31T17:42:35.087
875 9 2159 2016-09-01T04:45:52.777
877 20 2162 2016-09-01T17:20:41.697
877 7 2162 2016-09-01T17:20:41.697
878 70 2163 2016-09-01T22:11:20.613
879 32 2165 2016-09-02T09:30:25.237
879 13 2171 2016-09-03T05:32:33.533
879 12 2171 2016-09-03T05:32:33.533
879 32 2175 2016-09-05T06:00:45.733
879 60 2175 2016-09-05T06:00:45.733
879 3 2175 2016-09-05T06:00:45.733
897 44 2177 2016-09-06T01:34:30.06
897 22 2177 2016-09-06T01:34:30.06
897 15 2177 2016-09-06T01:34:30.06
897 107 2177 2016-09-06T01:34:30.06
904 57 2181 2016-09-06T20:48:32.827
904 59 2181 2016-09-06T20:48:32.827
919 54 2183 2016-09-06T21:33:46.257
909 57 2186 2016-09-07T19:39:01.12
909 24 2186 2016-09-07T19:39:01.12
96 6 2200 2016-09-12T03:54:08.897
930 36 2201 2016-09-12T21:55:05.503
930 39 2201 2016-09-12T21:55:05.503
44 9 2205 2016-09-15T02:22:37.637
44 71 2205 2016-09-15T02:22:37.637
44 49 2206 2016-09-16T03:23:17.007
44 120 2206 2016-09-16T03:23:17.007
879 32 2207 2016-09-16T11:38:51.68
879 13 2207 2016-09-16T11:38:51.68
879 132 2207 2016-09-16T11:38:51.68
58 9 2214 2016-09-17T03:52:29.923
58 53 2214 2016-09-17T03:52:29.923
951 24 2215 2016-09-17T05:14:02.69
951 22 2215 2016-09-17T05:14:02.69
960 12 2220 2016-09-19T07:35:08.783
380 19 2225 2016-09-19T12:57:49.91
380 115 2225 2016-09-19T12:57:49.91
92 4 2231 2016-09-20T12:36:05.893
92 71 2231 2016-09-20T12:36:05.893
968 68 2232 2016-09-21T03:17:52.823
968 63 2232 2016-09-21T03:17:52.823
92 4 2233 2016-09-21T14:46:34.707
92 25 2233 2016-09-21T14:46:34.707
92 133 2233 2016-09-21T14:46:34.707
96 91 2242 2016-09-23T05:24:36.823
984 6 2246 2016-09-24T04:25:18.003
984 85 2246 2016-09-24T04:25:18.003
996 20 2255 2016-09-26T13:46:26.523
996 40 2255 2016-09-26T13:46:26.523
20 50 2260 2016-09-28T18:27:44.26
20 134 2260 2016-09-28T18:27:44.26
1006 29 2261 2016-09-28T21:54:30.577
996 9 2262 2016-09-28T22:47:45.237
996 24 2262 2016-09-28T22:47:45.237
996 111 2262 2016-09-28T22:47:45.237
44 18 2266 2016-09-30T03:54:55.14
44 116 2266 2016-09-30T03:54:55.14
1013 1 2267 2016-09-30T09:46:22.853
1013 19 2267 2016-09-30T09:46:22.853
1015 66 2268 2016-09-30T19:48:35.163
1017 16 2269 2016-10-01T02:02:14.02
1017 17 2269 2016-10-01T02:02:14.02
955 43 2272 2016-10-01T20:29:34.82
955 68 2272 2016-10-01T20:29:34.82
1026 32 2279 2016-10-03T19:40:12.063
1026 51 2279 2016-10-03T19:40:12.063
1026 106 2279 2016-10-03T19:40:12.063
1028 115 2281 2016-10-04T02:20:53.687
1026 27 2287 2016-10-06T13:30:29.593
1026 51 2287 2016-10-06T13:30:29.593
1026 2 2287 2016-10-06T13:30:29.593
24 4 2289 2016-10-06T18:57:31.65
24 133 2289 2016-10-06T18:57:31.65
24 125 2291 2016-10-06T22:20:37.637
24 127 2291 2016-10-06T22:20:37.637
44 35 2293 2016-10-07T12:14:22.503
1043 4 2294 2016-10-07T13:54:04.543
1043 65 2294 2016-10-07T13:54:04.543
34 66 2300 2016-10-09T02:54:47.377
34 56 2300 2016-10-09T02:54:47.377
34 125 2300 2016-10-09T02:54:47.377
34 135 2300 2016-10-09T02:54:47.377
1049 32 2302 2016-10-09T20:40:15.323
1049 66 2302 2016-10-09T20:40:15.323
1052 70 2309 2016-10-10T11:15:13.683
996 22 2312 2016-10-11T00:18:10.563
996 107 2312 2016-10-11T00:18:10.563
996 40 2313 2016-10-11T00:24:32.553
996 22 2313 2016-10-11T00:24:32.553
996 107 2313 2016-10-11T00:24:32.553
1026 32 2319 2016-10-11T17:56:18.46
1026 9 2319 2016-10-11T17:56:18.46
1026 8 2331 2016-10-12T12:10:18.84
1026 30 2331 2016-10-12T12:10:18.84
996 9 2339 2016-10-12T20:44:15.773
996 24 2339 2016-10-12T20:44:15.773
996 63 2339 2016-10-12T20:44:15.773
996 111 2339 2016-10-12T20:44:15.773
1026 1 2342 2016-10-13T12:50:08.237
1026 9 2342 2016-10-13T12:50:08.237
1026 91 2342 2016-10-13T12:50:08.237
1026 136 2342 2016-10-13T12:50:08.237
1070 11 2345 2016-10-14T16:48:42.783
1070 55 2345 2016-10-14T16:48:42.783
1091 50 2349 2016-10-17T15:26:16.92
1093 9 2351 2016-10-17T23:12:36.33
1093 49 2351 2016-10-17T23:12:36.33
1094 1 2353 2016-10-18T02:36:05.483
1097 29 2359 2016-10-18T21:29:58.223
1097 13 2359 2016-10-18T21:29:58.223
1097 41 2359 2016-10-18T21:29:58.223
1097 56 2359 2016-10-18T21:29:58.223
1097 62 2359 2016-10-18T21:29:58.223
1070 9 2361 2016-10-19T09:49:38.857
1070 63 2361 2016-10-19T09:49:38.857
1026 6 2362 2016-10-19T12:28:20.84
1026 100 2362 2016-10-19T12:28:20.84
92 4 2370 2016-10-20T16:36:37.473
92 57 2370 2016-10-20T16:36:37.473
92 25 2370 2016-10-20T16:36:37.473
1026 19 2373 2016-10-21T15:54:42.9
1026 136 2373 2016-10-21T15:54:42.9
1121 94 2377 2016-10-23T00:03:41.443
1097 17 2380 2016-10-24T07:14:23.56
1097 137 2380 2016-10-24T07:14:23.56
1132 107 2385 2016-10-26T14:28:59.81
1026 19 2393 2016-10-27T14:27:34.673
1097 20 2395 2016-10-27T17:17:16.34
1097 93 2395 2016-10-27T17:17:16.34
1137 22 2397 2016-10-27T20:29:54.513
1137 93 2397 2016-10-27T20:29:54.513
1139 19 2399 2016-10-28T03:28:31.947
1139 44 2399 2016-10-28T03:28:31.947
1139 93 2399 2016-10-28T03:28:31.947
1142 1 2402 2016-10-29T02:21:40.193
1142 59 2402 2016-10-29T02:21:40.193
1147 1 2404 2016-10-30T08:02:48
1147 32 2404 2016-10-30T08:02:48
1144 32 2405 2016-10-28T06:45:27.36
24 27 2410 2016-11-02T01:55:54.6
24 39 2410 2016-11-02T01:55:54.6
24 127 2410 2016-11-02T01:55:54.6
90 138 2421 2016-11-07T14:19:17.393
1189 1 2422 2016-11-07T17:28:23.293
1189 18 2422 2016-11-07T17:28:23.293
1189 38 2422 2016-11-07T17:28:23.293
1190 54 2425 2016-11-08T14:38:53.913
1230 57 2437 2016-11-15T11:35:24.607
1230 26 2437 2016-11-15T11:35:24.607
1238 19 2441 2016-11-17T00:41:35.163
1238 94 2441 2016-11-17T00:41:35.163
1238 129 2441 2016-11-17T00:41:35.163
1249 63 2443 2016-11-19T10:07:06.073
1261 1 2447 2016-11-23T00:34:19.107
1261 19 2447 2016-11-23T00:34:19.107
1261 139 2447 2016-11-23T00:34:19.107
96 32 2450 2016-11-25T03:56:56.277
96 32 2452 2016-11-25T08:51:01.983
96 66 2452 2016-11-25T08:51:01.983
52 97 2456 2016-11-26T04:39:01.32
1279 29 2460 2016-11-27T17:09:21.143
1279 58 2460 2016-11-27T17:09:21.143
1282 4 2462 2016-11-28T17:36:58.633
1282 71 2462 2016-11-28T17:36:58.633
34 56 2464 2016-11-30T04:02:33.157
34 132 2464 2016-11-30T04:02:33.157
817 4 2468 2016-11-30T14:18:36.113
817 140 2468 2016-11-30T14:18:36.113
92 30 2472 2016-12-01T22:20:43.793
92 45 2472 2016-12-01T22:20:43.793
1257 4 2482 2016-12-07T01:58:28.997
1323 66 2483 2016-12-07T08:13:21.877
606 32 2488 2016-12-08T22:40:59.567
606 9 2488 2016-12-08T22:40:59.567
44 1 2492 2016-12-09T03:08:22.47
1336 20 2494 2016-12-09T16:01:09.663
1336 130 2494 2016-12-09T16:01:09.663
1303 57 2500 2016-12-13T12:10:06.167
1303 27 2500 2016-12-13T12:10:06.167
1303 2 2500 2016-12-13T12:10:06.167
996 9 2501 2016-12-13T20:31:45.64
996 111 2501 2016-12-13T20:31:45.64
1356 4 2509 2016-12-14T17:55:23.667
1358 4 2514 2016-12-15T10:53:32.183
1357 20 2515 2016-12-15T10:55:21.273
1357 40 2515 2016-12-15T10:55:21.273
1357 7 2515 2016-12-15T10:55:21.273
1361 35 2519 2016-12-16T06:39:30.747
1366 4 2522 2016-12-16T16:22:32.707
1361 35 2524 2016-12-19T06:23:11.343
1361 8 2524 2016-12-19T06:23:11.343
70 97 2525 2016-12-19T08:01:32.117
24 117 2526 2016-12-19T23:17:01.75
44 64 2527 2016-12-20T15:53:36.47
1385 50 2532 2016-12-21T14:40:19.133
1385 141 2532 2016-12-21T14:40:19.133
1390 44 2545 2016-12-22T17:47:32.043
1390 80 2545 2016-12-22T17:47:32.043
1393 120 2549 2016-12-24T04:22:01.573
1393 103 2549 2016-12-24T04:22:01.573
1404 19 2552 2016-12-26T22:25:00.42
1404 54 2552 2016-12-26T22:25:00.42
1404 111 2552 2016-12-26T22:25:00.42
30 4 2557 2016-12-28T01:00:07.747
1426 6 2575 2016-12-30T07:30:32.78
1426 100 2575 2016-12-30T07:30:32.78
1426 128 2575 2016-12-30T07:30:32.78
1423 8 2576 2016-12-30T11:48:25.023
1430 26 2577 2016-12-30T13:08:10.09
1426 100 2579 2016-12-30T13:31:13.69
44 6 2580 2016-12-30T14:31:07.343
1431 27 2583 2016-12-30T18:00:13.52
1431 13 2583 2016-12-30T18:00:13.52
1431 60 2583 2016-12-30T18:00:13.52
1132 107 2585 2016-12-30T19:02:45.86
1132 111 2585 2016-12-30T19:02:45.86
1432 19 2587 2016-12-31T13:10:11.55
1432 11 2587 2016-12-31T13:10:11.55
1432 83 2587 2016-12-31T13:10:11.55
1390 8 2590 2017-01-01T16:36:59.957
1390 30 2590 2017-01-01T16:36:59.957
1390 46 2590 2017-01-01T16:36:59.957
1437 66 2593 2017-01-02T10:39:17.837
1443 18 2600 2017-01-02T23:34:44.02
1443 86 2600 2017-01-02T23:34:44.02
1443 65 2600 2017-01-02T23:34:44.02
1443 21 2600 2017-01-02T23:34:44.02
1448 9 2605 2017-01-04T12:07:01.143
1448 120 2605 2017-01-04T12:07:01.143
1469 4 2609 2017-01-08T17:13:27.957
1469 140 2609 2017-01-08T17:13:27.957
1448 19 2614 2017-01-09T13:29:50.65
1448 130 2614 2017-01-09T13:29:50.65
1482 18 2618 2017-01-12T10:35:48.847
1344 95 2627 2017-01-15T17:58:37.05
1495 20 2634 2017-01-16T18:23:47.453
1495 107 2634 2017-01-16T18:23:47.453
1495 94 2634 2017-01-16T18:23:47.453
1344 44 2638 2017-01-19T04:16:58.553
606 47 2641 2017-01-19T23:43:54.867
70 97 2642 2017-01-22T08:22:58.813
1512 139 2643 2017-01-22T19:39:16.897
44 50 2644 2017-01-23T03:39:29.69
44 141 2644 2017-01-23T03:39:29.69
1344 82 2647 2017-01-24T05:55:37.693
1344 77 2648 2017-01-24T07:13:48.667
1344 82 2648 2017-01-24T07:13:48.667
1515 20 2649 2017-01-24T10:12:01.143
1515 27 2649 2017-01-24T10:12:01.143
1515 86 2649 2017-01-24T10:12:01.143
1517 19 2650 2017-01-24T16:36:07.733
1517 112 2650 2017-01-24T16:36:07.733
1520 14 2651 2017-01-24T22:12:27.6
1529 1 2655 2017-01-26T15:43:04.357
1529 19 2655 2017-01-26T15:43:04.357
1529 70 2655 2017-01-26T15:43:04.357
1532 1 2659 2017-01-27T13:49:26.173
1532 57 2659 2017-01-27T13:49:26.173
1534 4 2660 2017-01-27T15:44:03.4
1534 21 2660 2017-01-27T15:44:03.4
1534 133 2660 2017-01-27T15:44:03.4
606 9 2664 2017-01-29T21:21:40.457
606 24 2664 2017-01-29T21:21:40.457
44 9 2665 2017-01-30T02:09:12.277
44 63 2665 2017-01-30T02:09:12.277
44 67 2665 2017-01-30T02:09:12.277
1547 22 2668 2017-01-30T23:10:56.487
137 20 2673 2017-02-01T15:04:27.26
137 18 2673 2017-02-01T15:04:27.26
137 98 2673 2017-02-01T15:04:27.26
656 4 2677 2017-02-03T03:57:01.033
1570 26 2686 2017-02-05T18:13:58.613
44 57 2690 2017-02-06T20:15:24.297
44 93 2690 2017-02-06T20:15:24.297
1582 24 2698 2017-02-08T05:07:28.263
1582 54 2698 2017-02-08T05:07:28.263
1583 32 2699 2017-02-08T05:54:10.263
1584 109 2700 2017-02-08T08:19:31.533
1588 32 2707 2017-02-09T19:08:43.79
1600 70 2711 2017-02-10T14:19:04.317
1601 19 2714 2017-02-12T04:50:04.557
1601 44 2714 2017-02-12T04:50:04.557
1601 107 2714 2017-02-12T04:50:04.557
1604 9 2715 2017-02-13T06:25:56.62
1604 24 2715 2017-02-13T06:25:56.62
1604 33 2715 2017-02-13T06:25:56.62
1604 83 2715 2017-02-13T06:25:56.62
1344 65 2725 2017-02-15T22:20:25.62
1584 20 2726 2017-02-16T16:12:52.06
1584 27 2726 2017-02-16T16:12:52.06
1584 2 2726 2017-02-16T16:12:52.06
1584 108 2726 2017-02-16T16:12:52.06
1615 32 2729 2017-02-18T07:57:30.74
1615 27 2729 2017-02-18T07:57:30.74
1615 32 2730 2017-02-18T08:39:56.433
1615 27 2730 2017-02-18T08:39:56.433
1615 47 2730 2017-02-18T08:39:56.433
1628 32 2732 2017-02-18T10:07:01.183
1628 106 2732 2017-02-18T10:07:01.183
70 4 2737 2017-02-21T07:43:16.52
70 97 2737 2017-02-21T07:43:16.52
1638 20 2742 2017-02-21T20:36:10.05
1638 27 2742 2017-02-21T20:36:10.05
1638 57 2742 2017-02-21T20:36:10.05
1638 132 2742 2017-02-21T20:36:10.05
1654 57 2746 2017-02-23T16:22:34.277
1658 66 2751 2017-02-24T06:04:28.487
92 53 2753 2017-02-24T14:33:38.173
1671 22 2760 2017-02-25T01:58:13.99
1671 107 2760 2017-02-25T01:58:13.99
1674 4 2763 2017-02-25T19:03:36.97
1677 20 2769 2017-02-26T08:51:28.823
1677 125 2769 2017-02-26T08:51:28.823
1677 135 2769 2017-02-26T08:51:28.823
1679 19 2772 2017-02-26T23:00:33.973
1680 19 2773 2017-02-26T23:26:42.563
1680 44 2773 2017-02-26T23:26:42.563
44 44 2778 2017-02-28T02:03:58.63
44 67 2778 2017-02-28T02:03:58.63
1344 103 2779 2017-02-28T22:02:12.533
1344 142 2779 2017-02-28T22:02:12.533
1390 44 2781 2017-02-28T23:00:22.493
1700 1 2786 2017-03-02T05:00:55.53
1700 9 2786 2017-03-02T05:00:55.53
1700 73 2786 2017-03-02T05:00:55.53
1705 9 2787 2017-03-02T10:51:05.517
1721 35 2800 2017-03-06T06:17:12.763
1721 133 2800 2017-03-06T06:17:12.763
1723 94 2801 2017-03-06T18:01:13.367
1723 95 2801 2017-03-06T18:01:13.367
1723 102 2801 2017-03-06T18:01:13.367
1056 22 2805 2017-03-07T13:52:21.313
1731 4 2809 2017-03-07T21:40:59.31
1636 54 2811 2017-03-08T16:03:52.913
1636 70 2811 2017-03-08T16:03:52.913
1740 63 2814 2017-03-09T15:15:21.557
1636 54 2815 2017-03-09T16:36:45.15
1636 70 2815 2017-03-09T16:36:45.15
1636 55 2815 2017-03-09T16:36:45.15
96 20 2819 2017-03-10T04:23:18.427
96 36 2819 2017-03-10T04:23:18.427
96 39 2819 2017-03-10T04:23:18.427
1746 107 2821 2017-03-11T05:07:57.04
1749 18 2825 2017-03-11T19:39:05.67
1749 28 2825 2017-03-11T19:39:05.67
1750 19 2828 2017-03-13T07:39:34.427
1750 18 2828 2017-03-13T07:39:34.427
1750 44 2828 2017-03-13T07:39:34.427
24 78 2829 2017-03-14T00:43:26.93
1584 44 2832 2017-03-14T07:50:05.89
1584 107 2832 2017-03-14T07:50:05.89
1584 125 2832 2017-03-14T07:50:05.89
1757 67 2834 2017-03-14T16:42:40.257
1757 10 2834 2017-03-14T16:42:40.257
1757 128 2834 2017-03-14T16:42:40.257
1757 85 2834 2017-03-14T16:42:40.257
30 43 2838 2017-03-15T00:52:41.55
1776 19 2843 2017-03-16T01:02:33.023
1776 54 2843 2017-03-16T01:02:33.023
96 32 2844 2017-03-16T06:27:13.163
96 105 2844 2017-03-16T06:27:13.163
1796 20 2847 2017-03-18T01:44:57.797
955 27 2850 2017-03-18T21:56:55.55
1797 15 2852 2017-03-18T23:46:11.883
96 1 2863 2017-03-21T06:01:52.17
96 18 2863 2017-03-21T06:01:52.17
96 13 2863 2017-03-21T06:01:52.17
904 59 2865 2017-03-21T22:37:16.703
1815 25 2866 2017-03-22T00:24:33.087
1815 63 2866 2017-03-22T00:24:33.087
1815 75 2866 2017-03-22T00:24:33.087
1819 25 2868 2017-03-22T16:53:26.727
232 19 2874 2017-03-24T01:37:14.683
1829 9 2884 2017-03-26T03:06:41.59
1829 27 2884 2017-03-26T03:06:41.59
186 19 2885 2017-03-26T03:07:15.09
186 4 2885 2017-03-26T03:07:15.09
186 25 2885 2017-03-26T03:07:15.09
186 26 2885 2017-03-26T03:07:15.09
1847 27 2895 2017-03-28T18:17:30.187
1847 57 2895 2017-03-28T18:17:30.187
1847 29 2895 2017-03-28T18:17:30.187
112 66 2897 2017-03-29T06:16:34.027
112 30 2897 2017-03-29T06:16:34.027
1854 50 2900 2017-03-30T00:49:13.16
1854 141 2900 2017-03-30T00:49:13.16
1854 134 2900 2017-03-30T00:49:13.16
44 4 2907 2017-03-31T12:58:43.117
1867 79 2911 2017-04-01T11:38:46.233
1873 27 2915 2017-04-03T12:48:34.473
1876 24 2917 2017-04-04T15:46:05.093
1880 44 2919 2017-04-05T00:29:28.387
1885 25 2924 2017-04-05T14:21:00.67
1885 26 2924 2017-04-05T14:21:00.67
1636 32 2927 2017-04-06T23:15:15.177
1636 60 2927 2017-04-06T23:15:15.177
1636 61 2927 2017-04-06T23:15:15.177
1636 143 2927 2017-04-06T23:15:15.177
1902 136 2934 2017-04-08T11:45:16.073
1776 20 2936 2017-04-09T13:24:01.907
1776 99 2936 2017-04-09T13:24:01.907
1636 32 2937 2017-04-09T15:10:17.613
1636 61 2937 2017-04-09T15:10:17.613
1636 106 2937 2017-04-09T15:10:17.613
1636 143 2937 2017-04-09T15:10:17.613
985 19 2938 2017-04-09T18:52:52.993
985 81 2938 2017-04-09T18:52:52.993
1912 32 2946 2017-04-10T15:22:53.633
1727 40 2949 2017-04-10T21:31:44.747
1727 72 2949 2017-04-10T21:31:44.747
1727 126 2949 2017-04-10T21:31:44.747
1918 137 2951 2017-04-11T03:36:01.707
1932 71 2957 2017-04-12T20:32:48.603
1943 32 2968 2017-04-14T18:33:04.193
1943 19 2968 2017-04-14T18:33:04.193
1943 9 2968 2017-04-14T18:33:04.193
1943 20 2968 2017-04-14T18:33:04.193
1943 58 2968 2017-04-14T18:33:04.193
458 32 2972 2017-04-15T13:46:15.197
1948 32 2975 2017-04-16T16:23:53.037
1727 44 2976 2017-04-17T20:16:51.457
1727 63 2976 2017-04-17T20:16:51.457
1727 109 2976 2017-04-17T20:16:51.457
1962 4 2983 2017-04-19T18:20:55.96
1962 71 2983 2017-04-19T18:20:55.96
1962 76 2983 2017-04-19T18:20:55.96
96 1 2989 2017-04-21T04:37:29.007
96 66 2989 2017-04-21T04:37:29.007
1973 32 2990 2017-04-22T02:15:22.747
1973 56 2990 2017-04-22T02:15:22.747
1973 62 2990 2017-04-22T02:15:22.747
1980 1 2995 2017-04-23T16:06:10.23
1980 19 2995 2017-04-23T16:06:10.23
1980 79 2995 2017-04-23T16:06:10.23
1980 10 2995 2017-04-23T16:06:10.23
1070 20 2996 2017-04-23T20:21:18.37
1070 21 2996 2017-04-23T20:21:18.37
1948 32 2999 2017-04-24T13:46:02.8
1948 17 2999 2017-04-24T13:46:02.8
1985 77 3005 2017-04-25T09:12:03.487
1948 2 3007 2017-04-25T11:17:08.45
1948 17 3007 2017-04-25T11:17:08.45
1990 57 3009 2017-04-25T15:37:11.677
1990 59 3009 2017-04-25T15:37:11.677
343 20 3014 2017-04-26T18:28:18.3
44 32 3016 2017-04-27T02:53:11.84
44 66 3016 2017-04-27T02:53:11.84
44 51 3016 2017-04-27T02:53:11.84
1948 20 3024 2017-05-01T10:17:42.587
1948 2 3024 2017-05-01T10:17:42.587
2015 57 3026 2017-05-01T21:32:16
2015 86 3026 2017-05-01T21:32:16
2021 99 3028 2017-05-03T11:23:25.58
2023 53 3029 2017-05-04T04:18:58.6
2025 67 3030 2017-05-04T21:00:48.44
2040 51 3035 2017-05-07T18:08:02.327
30 94 3038 2017-05-08T23:46:35.93
44 9 3044 2017-05-12T12:49:09.273
44 22 3044 2017-05-12T12:49:09.273
2054 4 3045 2017-05-12T14:28:34.61
2054 25 3045 2017-05-12T14:28:34.61
2054 77 3045 2017-05-12T14:28:34.61
2057 20 3048 2017-05-13T07:12:52.53
2057 18 3048 2017-05-13T07:12:52.53
2057 22 3048 2017-05-13T07:12:52.53
2057 21 3048 2017-05-13T07:12:52.53
1829 27 3053 2017-05-16T22:55:28.057
1829 39 3053 2017-05-16T22:55:28.057
2071 27 3056 2017-05-17T04:58:22.83
2071 65 3056 2017-05-17T04:58:22.83
24 19 3058 2017-05-18T06:03:09.283
24 22 3058 2017-05-18T06:03:09.283
24 144 3058 2017-05-18T06:03:09.283
2079 27 3063 2017-05-19T12:06:16.987
2079 28 3063 2017-05-19T12:06:16.987
44 27 3064 2017-05-19T12:31:54.4
44 28 3064 2017-05-19T12:31:54.4
44 27 3065 2017-05-19T12:39:09.423
44 28 3065 2017-05-19T12:39:09.423
1948 9 3069 2017-05-20T14:14:30.52
1948 6 3069 2017-05-20T14:14:30.52
1948 2 3069 2017-05-20T14:14:30.52
2091 1 3070 2017-05-21T18:06:23.397
2091 50 3070 2017-05-21T18:06:23.397
2093 24 3071 2017-05-22T02:02:29.94
1948 2 3073 2017-05-22T07:29:34.777
1948 65 3074 2017-05-22T07:41:18.583
1948 36 3074 2017-05-22T07:41:18.583
606 32 3078 2017-05-23T01:55:14.633
606 9 3078 2017-05-23T01:55:14.633
606 13 3078 2017-05-23T01:55:14.633
2112 27 3089 2017-05-26T18:38:49.31
2113 19 3091 2017-05-26T23:26:00.897
2115 32 3092 2017-05-27T10:34:43.2
50 57 3094 2017-05-27T21:56:42.58
879 32 3096 2017-05-28T02:08:10.103
2118 19 3097 2017-05-28T03:50:15.057
2118 44 3097 2017-05-28T03:50:15.057
2118 26 3097 2017-05-28T03:50:15.057
2119 145 3100 2017-05-29T15:00:51.807
2119 146 3100 2017-05-29T15:00:51.807
2122 19 3101 2017-05-29T21:42:38.867
2122 54 3101 2017-05-29T21:42:38.867
2123 44 3102 2017-05-29T22:35:13.227
2124 4 3103 2017-05-30T04:06:58.97
2133 54 3105 2017-05-30T20:52:35.937
2149 4 3107 2017-06-01T14:32:43.743
2153 43 3110 2017-06-01T18:51:40.79
2149 4 3113 2017-06-02T13:24:22.683
2159 27 3117 2017-06-03T03:09:24.11
2159 29 3117 2017-06-03T03:09:24.11
2159 39 3117 2017-06-03T03:09:24.11
1948 1 3120 2017-06-03T08:29:24.443
1948 2 3120 2017-06-03T08:29:24.443
2172 19 3125 2017-06-05T14:22:10.343
1948 2 3127 2017-06-06T18:43:43.123
2187 83 3130 2017-06-08T11:02:48.917
2190 20 3133 2017-06-09T03:00:46.767
2190 26 3133 2017-06-09T03:00:46.767
1636 1 3139 2017-06-12T11:58:14.34
1636 29 3139 2017-06-12T11:58:14.34
1636 39 3139 2017-06-12T11:58:14.34
2201 27 3141 2017-06-12T21:51:49.07
2201 77 3141 2017-06-12T21:51:49.07
92 26 3145 2017-06-14T12:52:47.987
92 58 3145 2017-06-14T12:52:47.987
2159 1 3148 2017-06-14T17:13:32.93
2159 3 3148 2017-06-14T17:13:32.93
2214 77 3150 2017-06-15T18:01:18.797
324 93 3154 2017-06-17T08:31:14.81
606 19 3155 2017-06-17T23:24:00.58
606 27 3155 2017-06-17T23:24:00.58
606 57 3155 2017-06-17T23:24:00.58
2061 20 3158 2017-06-18T14:02:49.03
2228 118 3165 2017-06-20T03:35:32.63
2236 26 3170 2017-06-20T21:41:23.463
2251 77 3175 2017-06-24T07:20:17.763
2256 25 3176 2017-06-24T23:29:36.133
2256 145 3176 2017-06-24T23:29:36.133
2262 125 3180 2017-06-26T03:14:46.457
2262 146 3180 2017-06-26T03:14:46.457
2262 30 3181 2017-06-26T04:12:55.463
2262 27 3182 2017-06-26T04:53:05.14
2262 39 3182 2017-06-26T04:53:05.14
2262 28 3182 2017-06-26T04:53:05.14
2262 99 3182 2017-06-26T04:53:05.14
2275 4 3199 2017-06-28T16:33:50.987
2275 57 3199 2017-06-28T16:33:50.987
2275 111 3199 2017-06-28T16:33:50.987
2275 108 3199 2017-06-28T16:33:50.987
2277 32 3201 2017-06-29T02:34:22.91
2277 66 3201 2017-06-29T02:34:22.91
1960 24 3203 2017-06-29T13:56:58.88
1960 145 3203 2017-06-29T13:56:58.88
2181 19 3204 2017-06-29T22:18:16.943
2181 111 3204 2017-06-29T22:18:16.943
2181 67 3204 2017-06-29T22:18:16.943
2262 30 3205 2017-06-30T06:45:12.413
2299 57 3219 2017-07-06T16:30:26.257
2299 22 3219 2017-07-06T16:30:26.257
2299 47 3219 2017-07-06T16:30:26.257
2308 20 3224 2017-07-07T21:14:10.187
2308 44 3224 2017-07-07T21:14:10.187
2308 74 3224 2017-07-07T21:14:10.187
2305 70 3227 2017-07-08T04:01:23.247
2305 56 3227 2017-07-08T04:01:23.247
2305 17 3227 2017-07-08T04:01:23.247
96 32 3242 2017-07-14T03:41:31.75
2340 57 3246 2017-07-15T14:25:25.69
2340 83 3246 2017-07-15T14:25:25.69
2346 104 3249 2017-07-16T22:09:05.433
2347 20 3250 2017-07-16T23:49:18.173
2347 27 3250 2017-07-16T23:49:18.173
2347 2 3250 2017-07-16T23:49:18.173
2354 54 3254 2017-07-18T07:23:30.407
2354 70 3254 2017-07-18T07:23:30.407
2356 27 3259 2017-07-18T15:08:17.867
2356 44 3259 2017-07-18T15:08:17.867
2356 74 3259 2017-07-18T15:08:17.867
2356 144 3259 2017-07-18T15:08:17.867
2119 145 3267 2017-07-19T14:01:52.357
2382 39 3273 2017-07-25T05:06:18.403
2385 27 3275 2017-07-25T19:08:21.463
2385 54 3275 2017-07-25T19:08:21.463
2386 27 3277 2017-07-25T22:06:38.897
2386 44 3277 2017-07-25T22:06:38.897
2386 6 3277 2017-07-25T22:06:38.897
2387 8 3278 2017-07-25T22:43:45.187
2399 57 3284 2017-07-27T15:09:02.033
2399 22 3284 2017-07-27T15:09:02.033
2399 86 3284 2017-07-27T15:09:02.033
2407 63 3286 2017-07-29T15:33:39.137
2407 111 3286 2017-07-29T15:33:39.137
2313 4 3289 2017-07-31T11:21:00.563
2313 24 3289 2017-07-31T11:21:00.563
2313 25 3289 2017-07-31T11:21:00.563
2313 26 3289 2017-07-31T11:21:00.563
2313 58 3289 2017-07-31T11:21:00.563
2421 25 3299 2017-08-02T17:14:12.433
2421 94 3299 2017-08-02T17:14:12.433
1636 27 3304 2017-08-05T10:06:40.527
1636 29 3304 2017-08-05T10:06:40.527
1636 39 3304 2017-08-05T10:06:40.527
2433 32 3305 2017-08-05T20:28:35.24
2433 2 3305 2017-08-05T20:28:35.24
2433 56 3305 2017-08-05T20:28:35.24
2433 28 3305 2017-08-05T20:28:35.24
2433 7 3305 2017-08-05T20:28:35.24
50 47 3306 2017-08-06T16:55:20.297
1960 19 3307 2017-08-07T10:53:55.013
1960 145 3307 2017-08-07T10:53:55.013
2423 1 3313 2017-08-08T12:38:45.06
2423 19 3313 2017-08-08T12:38:45.06
2423 44 3313 2017-08-08T12:38:45.06
2446 25 3314 2017-08-08T13:16:36.93
2447 8 3315 2017-08-08T14:48:47.437
2447 77 3315 2017-08-08T14:48:47.437
2448 32 3316 2017-08-08T14:51:45.857
2448 104 3316 2017-08-08T14:51:45.857
2450 20 3320 2017-08-08T21:18:34.37
2450 26 3320 2017-08-08T21:18:34.37
2450 56 3320 2017-08-08T21:18:34.37
2464 4 3326 2017-08-10T15:47:38.773
2464 94 3326 2017-08-10T15:47:38.773
2472 57 3330 2017-08-11T16:14:02.23
2472 94 3330 2017-08-11T16:14:02.23
2313 4 3331 2017-08-11T18:43:08.7
2313 25 3331 2017-08-11T18:43:08.7
2313 74 3331 2017-08-11T18:43:08.7
2313 76 3331 2017-08-11T18:43:08.7
2246 44 3337 2017-08-14T16:27:51.747
2246 80 3337 2017-08-14T16:27:51.747
2484 27 3339 2017-08-14T18:56:14.987
2484 16 3339 2017-08-14T18:56:14.987
2484 17 3339 2017-08-14T18:56:14.987
2488 9 3342 2017-08-15T16:25:46.083
2488 62 3342 2017-08-15T16:25:46.083
2246 9 3344 2017-08-16T12:40:33.2
2246 65 3344 2017-08-16T12:40:33.2
2246 145 3344 2017-08-16T12:40:33.2
2464 70 3345 2017-08-16T15:01:39.98
2497 19 3355 2017-08-16T23:04:07.78
2497 79 3355 2017-08-16T23:04:07.78
2494 79 3358 2017-08-17T10:52:08.233
2504 20 3364 2017-08-19T17:59:00.807
2502 47 3367 2017-08-20T06:50:45.75
2502 109 3367 2017-08-20T06:50:45.75
2508 4 3368 2017-08-20T18:09:53.193
2508 66 3368 2017-08-20T18:09:53.193
551 66 3370 2017-08-21T11:00:11.92
551 67 3370 2017-08-21T11:00:11.92
2516 4 3374 2017-08-22T17:12:54.657
2516 24 3374 2017-08-22T17:12:54.657
2516 26 3374 2017-08-22T17:12:54.657
2517 67 3376 2017-08-22T22:23:21.053
2517 10 3376 2017-08-22T22:23:21.053
2517 85 3376 2017-08-22T22:23:21.053
2517 128 3376 2017-08-22T22:23:21.053
2265 79 3377 2017-08-22T22:41:39.883
2265 87 3377 2017-08-22T22:41:39.883
2518 32 3379 2017-08-23T01:46:39.83
2518 18 3379 2017-08-23T01:46:39.83
2518 22 3379 2017-08-23T01:46:39.83
2461 51 3380 2017-08-23T14:13:54.69
2461 62 3380 2017-08-23T14:13:54.69
2516 4 3383 2017-08-23T21:32:30.677
2516 24 3383 2017-08-23T21:32:30.677
2516 26 3383 2017-08-23T21:32:30.677
2488 1 3386 2017-08-24T00:03:57.333
2488 62 3386 2017-08-24T00:03:57.333
2159 20 3387 2017-08-24T22:10:26.597
1008 30 3389 2017-08-25T10:32:47.207
813 2 3395 2017-08-27T17:32:15.09
813 36 3395 2017-08-27T17:32:15.09
2546 32 3401 2017-08-31T00:04:40.69
2546 61 3401 2017-08-31T00:04:40.69
2546 20 3402 2017-08-31T01:13:45.48
2546 2 3402 2017-08-31T01:13:45.48
2546 32 3404 2017-08-31T16:33:02.963
2546 106 3404 2017-08-31T16:33:02.963
2549 137 3405 2017-08-31T18:45:34.59
2552 57 3408 2017-09-01T18:21:33.78
2552 98 3408 2017-09-01T18:21:33.78
2559 1 3411 2017-09-02T22:50:48.903
2559 77 3411 2017-09-02T22:50:48.903
2562 61 3412 2017-09-03T03:16:00.807
2159 13 3418 2017-09-06T02:42:27.03
2576 6 3420 2017-09-06T09:03:52.853
2576 79 3420 2017-09-06T09:03:52.853
2159 13 3430 2017-09-06T21:01:39.543
2159 62 3430 2017-09-06T21:01:39.543
2579 57 3431 2017-09-07T11:36:37.437
2579 109 3431 2017-09-07T11:36:37.437
2583 57 3434 2017-09-08T12:53:46.723
2583 109 3434 2017-09-08T12:53:46.723
2584 35 3435 2017-09-08T13:48:16.34
2584 77 3435 2017-09-08T13:48:16.34
2584 30 3435 2017-09-08T13:48:16.34
2591 4 3440 2017-09-11T23:26:16.85
2591 66 3440 2017-09-11T23:26:16.85
2591 22 3440 2017-09-11T23:26:16.85
2246 19 3444 2017-09-13T15:29:12.35
2246 108 3444 2017-09-13T15:29:12.35
2595 11 3447 2017-09-13T21:01:00.123
2602 9 3449 2017-09-14T04:40:43.31
2602 79 3449 2017-09-14T04:40:43.31
2602 81 3449 2017-09-14T04:40:43.31
2602 87 3449 2017-09-14T04:40:43.31
2602 7 3449 2017-09-14T04:40:43.31
2246 9 3451 2017-09-14T12:11:43.213
2246 63 3451 2017-09-14T12:11:43.213
2246 75 3451 2017-09-14T12:11:43.213
2603 57 3452 2017-09-14T12:16:23.35
2603 94 3452 2017-09-14T12:16:23.35
2612 19 3460 2017-09-16T14:47:39.193
2612 57 3460 2017-09-16T14:47:39.193
2612 70 3460 2017-09-16T14:47:39.193
1482 108 3463 2017-09-16T18:02:39.717
2617 29 3468 2017-09-18T09:07:18.663
2617 29 3470 2017-09-18T16:27:48.417
2191 57 3472 2017-09-19T01:24:16.777
2423 147 3475 2017-09-19T13:45:18.433
2625 14 3482 2017-09-20T07:17:30.793
2632 50 3484 2017-09-21T15:08:24.4
2640 71 3488 2017-09-23T19:40:27.667
2641 67 3490 2017-09-24T07:03:20.633
2246 44 3499 2017-09-27T20:06:43.513
343 111 3507 2017-09-29T18:23:49.017
2632 50 3513 2017-10-01T13:00:19.467
44 94 3518 2017-10-04T23:37:48.13
2682 32 3520 2017-10-05T03:02:16.007
2378 25 3521 2017-10-05T05:23:13.6
2378 145 3521 2017-10-05T05:23:13.6
855 22 3522 2017-10-05T21:24:50.287
855 142 3522 2017-10-05T21:24:50.287
2691 18 3527 2017-10-07T05:35:59.097
2692 109 3530 2017-10-07T17:23:12.19
2692 79 3530 2017-10-07T17:23:12.19
2692 87 3530 2017-10-07T17:23:12.19
2692 128 3530 2017-10-07T17:23:12.19
2693 67 3532 2017-10-07T20:34:29.143
2686 57 3534 2017-10-08T09:56:12.793
2697 77 3537 2017-10-09T04:29:12.85
77 8 3539 2017-10-09T21:02:08.927
343 4 3540 2017-10-10T01:56:38.243
2671 32 3542 2017-10-10T07:10:48.643
2423 145 3549 2017-10-12T09:10:07.147
2713 1 3555 2017-10-15T00:53:46.54
2713 9 3555 2017-10-15T00:53:46.54
2726 44 3559 2017-10-19T15:17:13.64
2726 122 3559 2017-10-19T15:17:13.64
2691 9 3563 2017-10-23T04:04:45.853
1448 19 3566 2017-10-23T13:47:21.94
1448 26 3566 2017-10-23T13:47:21.94
2745 27 3568 2017-10-27T02:40:09.93
2745 28 3568 2017-10-27T02:40:09.93
2746 57 3569 2017-10-27T08:47:25.777
2746 26 3569 2017-10-27T08:47:25.777
2746 86 3569 2017-10-27T08:47:25.777
2747 95 3570 2017-10-27T21:22:22.507
2747 148 3570 2017-10-27T21:22:22.507
2748 48 3571 2017-10-28T00:41:02.287
2748 137 3571 2017-10-28T00:41:02.287
762 4 3579 2017-10-30T05:57:54.867
762 71 3579 2017-10-30T05:57:54.867
1495 4 3584 2017-11-01T14:50:40.29
1495 57 3584 2017-11-01T14:50:40.29
1495 26 3584 2017-11-01T14:50:40.29
1495 25 3584 2017-11-01T14:50:40.29
1495 145 3584 2017-11-01T14:50:40.29
2762 54 3587 2017-11-02T01:55:05.81
2772 4 3590 2017-11-06T02:51:45.937
2772 26 3590 2017-11-06T02:51:45.937
24 9 3596 2017-11-07T17:21:00.987
24 24 3596 2017-11-07T17:21:00.987
2772 4 3599 2017-11-08T02:32:38.837
2772 26 3599 2017-11-08T02:32:38.837
2772 25 3599 2017-11-08T02:32:38.837
2756 27 3614 2017-11-15T18:54:38.633
2756 39 3614 2017-11-15T18:54:38.633
2756 86 3614 2017-11-15T18:54:38.633
92 30 3615 2017-11-15T21:15:58.777
2812 26 3617 2017-11-16T14:33:42.197
2423 57 3619 2017-11-17T10:53:31.84
2423 145 3619 2017-11-17T10:53:31.84
2621 19 3621 2017-11-20T17:48:40.347
2621 22 3621 2017-11-20T17:48:40.347
2824 1 3625 2017-11-21T14:09:51.39
2824 19 3625 2017-11-21T14:09:51.39
2836 57 3631 2017-11-24T23:27:02.537
2836 86 3631 2017-11-24T23:27:02.537
2836 94 3631 2017-11-24T23:27:02.537
2902 9 3643 2017-11-30T17:44:05.743
2902 14 3643 2017-11-30T17:44:05.743
2907 14 3645 2017-11-30T21:22:20.713
2619 54 3649 2017-12-02T19:47:24.557
2954 1 3651 2017-12-04T02:46:14.63
2954 19 3651 2017-12-04T02:46:14.63
2954 44 3651 2017-12-04T02:46:14.63
2995 32 3657 2017-12-08T15:58:15.247
2995 3 3657 2017-12-08T15:58:15.247
2994 54 3658 2017-12-07T19:28:33.143
2994 1 3663 2017-12-09T03:01:17.34
2994 19 3663 2017-12-09T03:01:17.34
2994 98 3663 2017-12-09T03:01:17.34
1453 17 3667 2017-12-09T16:14:06.257
1453 137 3667 2017-12-09T16:14:06.257
92 4 3668 2017-12-09T16:24:59.573
92 57 3668 2017-12-09T16:24:59.573
30 4 3673 2017-12-13T18:02:11.837
30 57 3673 2017-12-13T18:02:11.837
30 66 3673 2017-12-13T18:02:11.837
3015 28 3674 2017-12-13T21:20:09.397
1121 8 3682 2017-12-18T09:39:07.71
1121 3 3682 2017-12-18T09:39:07.71
231 19 3683 2017-12-18T18:33:20.77
231 57 3683 2017-12-18T18:33:20.77
3040 50 3684 2017-12-18T18:44:49.82
3042 27 3685 2017-12-18T19:34:32.56
3042 27 3686 2017-12-18T21:00:48.953
3042 66 3686 2017-12-18T21:00:48.953
3042 29 3686 2017-12-18T21:00:48.953
3119 27 3688 2017-12-19T01:05:29.847
1190 79 3690 2017-12-19T13:17:37.94
3021 32 3695 2017-12-20T13:16:22.477
1636 32 3702 2017-12-22T11:00:49.523
1636 6 3702 2017-12-22T11:00:49.523
1636 61 3702 2017-12-22T11:00:49.523
2488 44 3703 2017-12-22T15:11:46.963
286 125 3705 2017-12-23T09:28:44.077
286 100 3705 2017-12-23T09:28:44.077
3067 32 3706 2017-12-23T15:11:29.8
3067 1 3706 2017-12-23T15:11:29.8
3067 53 3706 2017-12-23T15:11:29.8
3074 1 3712 2017-12-26T15:21:36.313
3074 2 3712 2017-12-26T15:21:36.313
44 1 3714 2017-12-27T13:29:01.533
44 24 3714 2017-12-27T13:29:01.533
44 6 3716 2017-12-27T14:30:03.55
44 30 3716 2017-12-27T14:30:03.55
3084 1 3720 2017-12-28T20:13:10.913
3084 115 3720 2017-12-28T20:13:10.913
3084 31 3720 2017-12-28T20:13:10.913
3074 1 3725 2018-01-01T18:30:10.9
2246 8 3728 2018-01-03T15:08:41.873
1026 67 3733 2018-01-04T17:15:46.563
1026 124 3733 2018-01-04T17:15:46.563
1026 149 3733 2018-01-04T17:15:46.563
1026 19 3736 2018-01-04T18:29:57.917
1026 145 3736 2018-01-04T18:29:57.917
1026 150 3736 2018-01-04T18:29:57.917
3107 35 3741 2018-01-05T00:07:13.76
3109 79 3745 2018-01-05T17:50:41.283
2461 2 3751 2018-01-07T01:16:30.07
2461 13 3751 2018-01-07T01:16:30.07
2461 51 3751 2018-01-07T01:16:30.07
3094 95 3778 2018-01-10T08:43:52.577
3127 1 3779 2018-01-10T09:39:24.283
3127 19 3779 2018-01-10T09:39:24.283
3127 115 3779 2018-01-10T09:39:24.283
319 120 3788 2018-01-12T16:01:05.247
3137 26 3791 2018-01-13T05:15:32.437
3137 59 3791 2018-01-13T05:15:32.437
3137 45 3791 2018-01-13T05:15:32.437
3147 136 3793 2018-01-14T11:55:44.01
3149 8 3795 2018-01-14T21:36:06.87
3150 57 3796 2018-01-15T03:52:07.05
2262 18 3801 2018-01-16T02:41:51.977
1956 3 3802 2018-01-16T06:15:17.227
1956 60 3802 2018-01-16T06:15:17.227
3156 32 3804 2018-01-16T20:41:41.65
3156 77 3804 2018-01-16T20:41:41.65
2603 57 3807 2018-01-17T12:16:24.623
2603 94 3807 2018-01-17T12:16:24.623
3168 4 3812 2018-01-18T17:56:01.027
3168 26 3812 2018-01-18T17:56:01.027
3173 19 3815 2018-01-19T11:31:58.053
3173 4 3815 2018-01-19T11:31:58.053
3173 26 3815 2018-01-19T11:31:58.053
3173 86 3815 2018-01-19T11:31:58.053
3181 32 3821 2018-01-22T01:02:10.243
3181 27 3821 2018-01-22T01:02:10.243
3187 66 3823 2018-01-22T16:11:34.763
3187 77 3823 2018-01-22T16:11:34.763
817 6 3826 2018-01-23T15:28:06.967
817 54 3826 2018-01-23T15:28:06.967
24 20 3828 2018-01-24T02:48:37.203
24 18 3828 2018-01-24T02:48:37.203
24 22 3828 2018-01-24T02:48:37.203
2994 4 3832 2018-01-25T04:57:47.427
2994 26 3832 2018-01-25T04:57:47.427
3074 27 3840 2018-01-27T04:10:30.1
3212 19 3846 2018-01-28T13:57:09.78
3221 118 3853 2018-01-30T01:56:14.523
3135 65 3854 2018-01-30T04:16:14.957
3139 19 3857 2018-01-30T21:35:14.353
48 62 3859 2018-01-31T03:54:24.713
3231 27 3863 2018-01-31T16:04:40.043
3231 22 3863 2018-01-31T16:04:40.043
3231 29 3863 2018-01-31T16:04:40.043
3232 19 3864 2018-01-31T17:18:34.05
3232 115 3864 2018-01-31T17:18:34.05
2623 54 3870 2018-02-01T18:51:02.303
3238 54 3871 2018-02-01T22:43:06.85
3238 70 3871 2018-02-01T22:43:06.85
3247 26 3882 2018-02-04T15:00:28.203
3247 30 3882 2018-02-04T15:00:28.203
3247 86 3882 2018-02-04T15:00:28.203
3249 19 3883 2018-02-04T17:41:05.497
3249 39 3883 2018-02-04T17:41:05.497
3256 29 3887 2018-02-06T12:53:52.833
3256 39 3887 2018-02-06T12:53:52.833
3258 27 3889 2018-02-06T17:57:15.37
3262 27 3891 2018-02-08T02:18:42.96
92 4 3902 2018-02-12T14:39:23.437
92 25 3902 2018-02-12T14:39:23.437
92 94 3902 2018-02-12T14:39:23.437
2174 32 3906 2018-02-16T10:46:53.09
1740 63 3907 2018-02-17T02:41:02.487
3306 17 3913 2018-02-19T23:45:49.233
3306 137 3913 2018-02-19T23:45:49.233
231 1 3915 2018-02-21T00:51:40.18
231 70 3915 2018-02-21T00:51:40.18
3313 57 3921 2018-02-21T16:39:58.95
3313 86 3921 2018-02-21T16:39:58.95
3313 95 3921 2018-02-21T16:39:58.95
3318 66 3924 2018-02-23T20:17:11.423
3258 70 3930 2018-02-24T10:03:24.473
3335 70 3936 2018-02-27T08:47:55.72
3336 27 3938 2018-02-28T02:10:04.653
3336 106 3938 2018-02-28T02:10:04.653
2246 19 3939 2018-02-28T20:45:17.973
2246 54 3939 2018-02-28T20:45:17.973
2246 142 3939 2018-02-28T20:45:17.973
96 32 3941 2018-03-01T09:50:33.22
96 27 3941 2018-03-01T09:50:33.22
3355 32 3946 2018-03-06T09:01:53.163
3355 28 3946 2018-03-06T09:01:53.163
3365 26 3950 2018-03-07T16:43:36.41
2619 54 3951 2018-03-07T18:02:35.9
3369 4 3954 2018-03-08T14:12:39.29
3370 32 3956 2018-03-08T21:35:21.89
3375 32 3961 2018-03-09T14:10:23.913
3377 32 3963 2018-03-10T18:21:54.923
3377 13 3963 2018-03-10T18:21:54.923
3377 56 3963 2018-03-10T18:21:54.923
3109 109 3965 2018-03-11T07:08:06.12
3378 73 3966 2018-03-11T14:53:46.87
3386 57 3975 2018-03-12T23:00:00.99
3386 22 3975 2018-03-12T23:00:00.99
3386 107 3975 2018-03-12T23:00:00.99
3403 87 3980 2018-03-17T09:48:40.39
4408 70 3983 2018-03-18T18:01:14.107
4408 104 3983 2018-03-18T18:01:14.107
4407 19 3984 2018-03-18T19:04:20.333
4407 44 3984 2018-03-18T19:04:20.333
4407 111 3984 2018-03-18T19:04:20.333
92 57 3988 2018-03-19T19:53:58.21
92 67 3988 2018-03-19T19:53:58.21
1636 29 3989 2018-03-20T11:55:50.707
1636 39 3989 2018-03-20T11:55:50.707
1636 36 3989 2018-03-20T11:55:50.707
4418 32 3990 2018-03-20T15:18:45.823
4418 61 3990 2018-03-20T15:18:45.823
4418 143 3990 2018-03-20T15:18:45.823
1336 63 3995 2018-03-21T15:48:55.14
1336 111 3995 2018-03-21T15:48:55.14
1336 15 3995 2018-03-21T15:48:55.14
1336 68 3995 2018-03-21T15:48:55.14
4423 145 3998 2018-03-22T03:25:03.633
307 146 4003 2018-03-24T05:21:55.183
307 151 4003 2018-03-24T05:21:55.183
4449 27 4006 2018-03-27T14:25:30.98
4449 135 4006 2018-03-27T14:25:30.98
4451 22 4008 2018-03-27T19:49:04.167
3336 56 4010 2018-03-27T22:48:44.117
3336 41 4010 2018-03-27T22:48:44.117
4455 57 4011 2018-03-28T04:58:18.35
4455 50 4011 2018-03-28T04:58:18.35
4459 19 4015 2018-03-28T13:44:40.28
801 6 4016 2018-03-28T23:21:45.433
801 54 4016 2018-03-28T23:21:45.433
801 11 4016 2018-03-28T23:21:45.433
4463 4 4017 2018-03-29T10:37:38.513
4463 26 4017 2018-03-29T10:37:38.513
4463 21 4017 2018-03-29T10:37:38.513
4463 52 4017 2018-03-29T10:37:38.513
3375 32 4020 2018-03-29T13:44:45.317
4464 57 4024 2018-03-30T06:30:17.203
4464 54 4024 2018-03-30T06:30:17.203
4464 86 4024 2018-03-30T06:30:17.203
4464 65 4024 2018-03-30T06:30:17.203
4464 115 4024 2018-03-30T06:30:17.203
4470 79 4027 2018-03-31T07:09:36.563
4470 87 4027 2018-03-31T07:09:36.563
4470 81 4027 2018-03-31T07:09:36.563
1121 32 4030 2018-04-02T03:19:07.6
1121 1 4030 2018-04-02T03:19:07.6
1121 13 4030 2018-04-02T03:19:07.6
1121 51 4030 2018-04-02T03:19:07.6
1121 106 4030 2018-04-02T03:19:07.6
4482 77 4034 2018-04-03T11:30:07.627
4482 86 4034 2018-04-03T11:30:07.627
4486 19 4036 2018-04-04T01:28:56.737
4490 4 4040 2018-04-05T01:31:55.997
4490 133 4040 2018-04-05T01:31:55.997
4506 26 4042 2018-04-06T15:17:40.34
4506 95 4042 2018-04-06T15:17:40.34
4513 67 4043 2018-04-08T15:20:07.283
4518 8 4044 2018-04-09T03:47:43.72
4518 133 4044 2018-04-09T03:47:43.72
4521 57 4046 2018-04-10T14:06:50.61
4521 26 4046 2018-04-10T14:06:50.61
4521 18 4046 2018-04-10T14:06:50.61
4521 137 4046 2018-04-10T14:06:50.61
4455 26 4047 2018-04-10T16:25:43.273
4455 50 4047 2018-04-10T16:25:43.273
4531 19 4049 2018-04-10T23:40:34.69
4531 57 4049 2018-04-10T23:40:34.69
4531 86 4049 2018-04-10T23:40:34.69
4531 115 4049 2018-04-10T23:40:34.69
109 147 4055 2018-04-12T08:03:42.767
109 152 4055 2018-04-12T08:03:42.767
2423 145 4060 2018-04-13T12:31:41.76
2423 59 4060 2018-04-13T12:31:41.76
467 57 4061 2018-04-14T09:05:32.787
3336 27 4064 2018-04-15T19:15:11.237
3336 41 4064 2018-04-15T19:15:11.237
3336 108 4064 2018-04-15T19:15:11.237
4568 26 4075 2018-04-19T23:49:07.413
4568 125 4075 2018-04-19T23:49:07.413
4569 63 4079 2018-04-20T13:48:56.293
4571 8 4081 2018-04-20T22:31:18.083
4571 86 4081 2018-04-20T22:31:18.083
4572 19 4082 2018-04-21T19:46:25.913
4572 1 4082 2018-04-21T19:46:25.913
2461 27 4085 2018-04-22T14:45:14.26
2461 57 4085 2018-04-22T14:45:14.26
2461 86 4085 2018-04-22T14:45:14.26
4516 66 4088 2018-04-23T21:25:01.46
4516 86 4088 2018-04-23T21:25:01.46
4592 35 4092 2018-04-26T17:07:07.61
4594 8 4094 2018-04-26T21:24:52.123
4597 57 4096 2018-04-27T10:10:08.863
4597 35 4096 2018-04-27T10:10:08.863
4597 153 4096 2018-04-27T10:10:08.863
4600 57 4099 2018-04-28T08:09:52.017
4600 9 4099 2018-04-28T08:09:52.017
4600 54 4099 2018-04-28T08:09:52.017
4600 108 4099 2018-04-28T08:09:52.017
4606 32 4104 2018-04-29T20:03:03.907
4606 56 4104 2018-04-29T20:03:03.907
2246 1 4110 2018-05-01T13:36:37.977
2246 66 4110 2018-05-01T13:36:37.977
2246 59 4110 2018-05-01T13:36:37.977
4612 57 4111 2018-05-01T17:16:42.763
4612 68 4111 2018-05-01T17:16:42.763
4407 68 4113 2018-05-02T17:51:58.523
4407 69 4113 2018-05-02T17:51:58.523
4617 22 4114 2018-05-02T18:00:06.66
4617 125 4114 2018-05-02T18:00:06.66
4617 146 4114 2018-05-02T18:00:06.66
1121 20 4122 2018-05-04T22:07:48.717
1121 111 4122 2018-05-04T22:07:48.717
3336 56 4127 2018-05-08T23:16:19.647
1385 2 4129 2018-05-11T12:24:31.2
1385 108 4129 2018-05-11T12:24:31.2
1385 73 4129 2018-05-11T12:24:31.2
1584 57 4134 2018-05-12T21:56:28.92
1584 128 4134 2018-05-12T21:56:28.92
2246 19 4139 2018-05-17T15:45:45.313
2246 54 4139 2018-05-17T15:45:45.313
2246 52 4139 2018-05-17T15:45:45.313
4666 111 4145 2018-05-20T15:14:33.963
2159 1 4149 2018-05-21T22:00:41.147
2159 27 4149 2018-05-21T22:00:41.147
2159 2 4149 2018-05-21T22:00:41.147
2621 19 4154 2018-05-23T21:09:10.6
2621 28 4154 2018-05-23T21:09:10.6
2621 98 4154 2018-05-23T21:09:10.6
4682 4 4157 2018-05-25T13:25:45.317
4682 76 4157 2018-05-25T13:25:45.317
4692 94 4161 2018-05-29T19:55:16.657
4699 56 4169 2018-05-31T20:23:12.27
4699 132 4169 2018-05-31T20:23:12.27
4698 66 4170 2018-06-01T13:53:00.033
4715 8 4175 2018-06-05T18:42:49.927
4715 77 4175 2018-06-05T18:42:49.927
4715 30 4175 2018-06-05T18:42:49.927
4715 117 4175 2018-06-05T18:42:49.927
1448 19 4176 2018-06-06T08:49:42.12
1448 44 4176 2018-06-06T08:49:42.12
1448 54 4176 2018-06-06T08:49:42.12
2461 27 4185 2018-06-08T20:17:09.787
2461 29 4185 2018-06-08T20:17:09.787
2461 39 4185 2018-06-08T20:17:09.787
2756 32 4186 2018-06-09T22:38:53.477
2756 51 4186 2018-06-09T22:38:53.477
2756 61 4186 2018-06-09T22:38:53.477
2756 143 4186 2018-06-09T22:38:53.477
4732 59 4187 2018-06-10T10:25:09.92
4737 19 4196 2018-06-11T19:58:24.27
4738 63 4201 2018-06-12T00:25:45.303
4738 111 4201 2018-06-12T00:25:45.303
4744 6 4207 2018-06-12T15:29:34.593
4744 47 4207 2018-06-12T15:29:34.593
4757 27 4213 2018-06-15T22:29:08.667
4759 128 4215 2018-06-16T18:04:38.423
4761 32 4219 2018-06-18T07:05:40.187
4763 1 4224 2018-06-18T17:58:32.9
4763 50 4224 2018-06-18T17:58:32.9
1390 70 4226 2018-06-19T23:21:54.517
1390 59 4226 2018-06-19T23:21:54.517
1390 115 4226 2018-06-19T23:21:54.517
4407 107 4229 2018-06-20T19:34:32.783
4779 26 4236 2018-06-23T11:54:33.677
4781 132 4238 2018-06-24T01:50:29.083
4805 67 4247 2018-06-29T01:33:53.467
4482 19 4250 2018-06-30T12:02:24.44
1043 1 4251 2018-06-30T18:39:05.173
1043 57 4251 2018-06-30T18:39:05.173
1189 57 4253 2018-07-01T02:35:53.407
1189 115 4253 2018-07-01T02:35:53.407
4812 4 4257 2018-07-02T12:48:50.5
90 57 4262 2018-07-04T12:22:58.423
90 54 4262 2018-07-04T12:22:58.423
4820 145 4264 2018-07-05T01:46:36.813
4828 29 4273 2018-07-07T18:01:24.4
4455 1 4278 2018-07-08T19:37:34.273
4455 50 4278 2018-07-08T19:37:34.273
4824 128 4279 2018-07-09T12:15:22.807
4824 149 4279 2018-07-09T12:15:22.807
2246 19 4280 2018-07-09T14:36:45.213
2246 54 4280 2018-07-09T14:36:45.213
2246 22 4280 2018-07-09T14:36:45.213
4842 70 4285 2018-07-10T20:16:29.38
4855 1 4289 2018-07-13T15:05:17.543
4856 1 4290 2018-07-13T18:29:39.677
4856 59 4290 2018-07-13T18:29:39.677
4860 57 4293 2018-07-14T12:41:39.76
4860 86 4293 2018-07-14T12:41:39.76
2803 50 5293 2018-07-14T20:58:39.547
24 111 5295 2018-07-15T01:24:46.92
5860 24 5298 2018-07-15T06:50:08.737
5867 145 5304 2018-07-17T16:03:20.89
4828 32 5306 2018-07-19T10:16:48.28
4828 13 5306 2018-07-19T10:16:48.28
4828 124 5306 2018-07-19T10:16:48.28
5872 4 5307 2018-07-19T22:26:19.747
5872 71 5307 2018-07-19T22:26:19.747
5884 19 5313 2018-07-21T02:05:43.617
5884 27 5313 2018-07-21T02:05:43.617
5884 54 5313 2018-07-21T02:05:43.617
5885 26 5314 2018-07-21T09:47:27.477
3312 57 5318 2018-07-23T06:33:34.46
3312 154 5318 2018-07-23T06:33:34.46
2531 27 5325 2018-07-23T16:51:19.6
2531 10 5325 2018-07-23T16:51:19.6
5893 51 5327 2018-07-24T14:54:07.683
5899 4 5334 2018-07-26T11:42:18.73
5899 57 5334 2018-07-26T11:42:18.73
5899 26 5334 2018-07-26T11:42:18.73
5900 32 5335 2018-07-26T13:21:48.477
5904 48 5338 2018-07-28T17:26:25.523
5901 57 5348 2018-08-01T06:51:04.23
5901 16 5348 2018-08-01T06:51:04.23
5901 20 5349 2018-08-01T09:37:23.027
5901 18 5349 2018-08-01T09:37:23.027
2423 18 5355 2018-08-03T09:37:10.303
2423 111 5355 2018-08-03T09:37:10.303
5935 85 5359 2018-08-06T22:38:52.403
5935 149 5359 2018-08-06T22:38:52.403
5945 4 5364 2018-08-10T02:47:06.15
44 32 5376 2018-08-12T16:02:08.737
44 1 5376 2018-08-12T16:02:08.737
44 51 5376 2018-08-12T16:02:08.737
5965 8 5379 2018-08-14T08:07:51.97
5973 32 5384 2018-08-15T13:14:42.537
5973 3 5384 2018-08-15T13:14:42.537
5943 19 5386 2018-08-16T21:19:11.047
5943 57 5386 2018-08-16T21:19:11.047
5980 132 5387 2018-08-17T20:50:29.973
2461 39 5392 2018-08-19T22:06:09.427
5989 57 5393 2018-08-20T07:06:49.967
5989 13 5393 2018-08-20T07:06:49.967
5989 2 5393 2018-08-20T07:06:49.967
6012 19 5398 2018-08-21T01:47:08.527
6014 4 5401 2018-08-21T04:24:09.753
6015 27 5402 2018-08-21T04:46:13.323
4744 57 5408 2018-08-22T17:53:25.197
4744 6 5408 2018-08-22T17:53:25.197
6035 57 5409 2018-08-24T13:38:29.28
6035 22 5409 2018-08-24T13:38:29.28
6037 67 5410 2018-08-24T17:21:05.343
6037 111 5410 2018-08-24T17:21:05.343
6037 63 5410 2018-08-24T17:21:05.343
3139 48 5413 2018-08-25T20:31:05.377
3139 142 5413 2018-08-25T20:31:05.377
2835 57 5414 2018-08-26T00:17:36.88
2835 9 5414 2018-08-26T00:17:36.88
2461 29 5416 2018-08-26T14:05:07.343
2461 39 5416 2018-08-26T14:05:07.343
6044 32 5417 2018-08-26T15:47:21.887
6045 27 5421 2018-08-27T09:25:49.463
6045 20 5421 2018-08-27T09:25:49.463
6045 111 5421 2018-08-27T09:25:49.463
6051 22 5427 2018-08-28T19:18:51.61
6051 128 5427 2018-08-28T19:18:51.61
3336 104 5428 2018-08-30T00:32:43.227
6058 9 5432 2018-08-31T19:50:06.05
6058 44 5432 2018-08-31T19:50:06.05
