27 1 2 2017-05-23T14:20:02.403
27 2 2 2017-05-23T14:20:02.403
27 3 2 2017-05-23T14:20:02.403
7 4 3 2017-05-23T14:20:35.397
27 5 4 2017-05-23T14:21:14.293
27 6 4 2017-05-23T14:21:14.293
27 7 4 2017-05-23T14:21:14.293
27 8 6 2017-05-23T14:24:14.79
27 9 6 2017-05-23T14:24:14.79
27 10 6 2017-05-23T14:24:14.79
28 11 7 2017-05-23T14:25:23.343
27 12 14 2017-05-23T14:51:40.05
27 6 14 2017-05-23T14:51:40.05
27 13 14 2017-05-23T14:51:40.05
27 14 14 2017-05-23T14:51:40.05
48 15 17 2017-05-23T15:00:50.667
48 16 17 2017-05-23T15:00:50.667
21 17 19 2017-05-23T15:05:29.497
21 18 19 2017-05-23T15:05:29.497
59 17 27 2017-05-23T15:18:39.073
59 19 27 2017-05-23T15:18:39.073
58 8 30 2017-05-23T15:26:30.363
58 20 30 2017-05-23T15:26:30.363
58 21 30 2017-05-23T15:26:30.363
58 22 30 2017-05-23T15:26:30.363
58 17 35 2017-05-23T15:32:39.113
58 20 35 2017-05-23T15:32:39.113
58 23 35 2017-05-23T15:32:39.113
58 24 35 2017-05-23T15:32:39.113
55 20 44 2017-05-23T16:00:31.34
55 25 44 2017-05-23T16:00:31.34
55 26 44 2017-05-23T16:00:31.34
62 8 46 2017-05-23T16:02:52.527
62 27 46 2017-05-23T16:02:52.527
59 28 59 2017-05-23T16:28:52.3
59 29 59 2017-05-23T16:28:52.3
59 30 59 2017-05-23T16:28:52.3
59 31 59 2017-05-23T16:28:52.3
59 32 63 2017-05-23T16:43:48.343
86 33 64 2017-05-23T16:43:57.557
86 34 64 2017-05-23T16:43:57.557
62 35 66 2017-05-23T16:57:27.693
62 36 66 2017-05-23T16:57:27.693
62 37 66 2017-05-23T16:57:27.693
62 17 66 2017-05-23T16:57:27.693
53 34 69 2017-05-23T17:13:34.757
24 12 76 2017-05-23T18:23:51.483
24 38 76 2017-05-23T18:23:51.483
24 25 76 2017-05-23T18:23:51.483
24 39 76 2017-05-23T18:23:51.483
69 20 79 2017-05-23T18:42:46.13
69 40 79 2017-05-23T18:42:46.13
99 41 80 2017-05-23T18:44:01.25
111 42 84 2017-05-23T19:38:55.947
111 12 89 2017-05-23T20:14:55.943
111 2 89 2017-05-23T20:14:55.943
111 43 89 2017-05-23T20:14:55.943
111 44 89 2017-05-23T20:14:55.943
116 17 93 2017-05-23T20:30:50.18
116 20 93 2017-05-23T20:30:50.18
116 45 93 2017-05-23T20:30:50.18
116 46 93 2017-05-23T20:30:50.18
116 47 93 2017-05-23T20:30:50.18
134 48 104 2017-05-24T00:06:19.733
134 49 104 2017-05-24T00:06:19.733
27 50 106 2017-05-24T01:45:34.143
27 51 106 2017-05-24T01:45:34.143
58 20 108 2017-05-24T02:32:33.657
58 52 108 2017-05-24T02:32:33.657
58 53 108 2017-05-24T02:32:33.657
58 23 108 2017-05-24T02:32:33.657
76 51 112 2017-05-24T06:01:01.98
76 54 112 2017-05-24T06:01:01.98
76 55 112 2017-05-24T06:01:01.98
76 56 112 2017-05-24T06:01:01.98
150 8 113 2017-05-24T06:31:43.727
150 22 113 2017-05-24T06:31:43.727
150 57 113 2017-05-24T06:31:43.727
150 58 113 2017-05-24T06:31:43.727
111 59 114 2017-05-24T06:33:40.037
51 9 120 2017-05-24T10:03:52.703
51 60 120 2017-05-24T10:03:52.703
51 61 120 2017-05-24T10:03:52.703
164 57 121 2017-05-24T10:09:05.03
164 62 121 2017-05-24T10:09:05.03
164 46 121 2017-05-24T10:09:05.03
170 63 129 2017-05-24T12:45:17.417
172 38 130 2017-05-24T12:58:03.36
162 27 134 2017-05-24T14:14:04.353
46 64 137 2017-05-24T14:35:51.37
27 2 143 2017-05-24T16:33:04.063
27 7 143 2017-05-24T16:33:04.063
58 5 146 2017-05-24T21:17:32.717
58 16 146 2017-05-24T21:17:32.717
76 1 153 2017-05-25T04:42:03.477
76 7 153 2017-05-25T04:42:03.477
76 25 153 2017-05-25T04:42:03.477
76 65 153 2017-05-25T04:42:03.477
166 54 154 2017-05-25T05:06:17.207
166 66 154 2017-05-25T05:06:17.207
51 12 161 2017-05-25T11:39:47.08
51 51 161 2017-05-25T11:39:47.08
58 67 172 2017-05-25T15:56:56.273
58 28 172 2017-05-25T15:56:56.273
58 20 172 2017-05-25T15:56:56.273
58 23 172 2017-05-25T15:56:56.273
58 68 172 2017-05-25T15:56:56.273
27 8 174 2017-05-25T16:18:27.437
27 69 174 2017-05-25T16:18:27.437
59 49 180 2017-05-25T18:46:41.21
59 70 180 2017-05-25T18:46:41.21
116 51 185 2017-05-25T19:20:27.04
27 6 198 2017-05-26T04:23:47.207
27 53 198 2017-05-26T04:23:47.207
27 28 198 2017-05-26T04:23:47.207
27 71 201 2017-05-26T14:00:29.137
116 17 203 2017-05-26T15:04:19.167
116 72 203 2017-05-26T15:04:19.167
27 67 206 2017-05-26T17:42:51.67
27 6 206 2017-05-26T17:42:51.67
27 12 206 2017-05-26T17:42:51.67
27 73 206 2017-05-26T17:42:51.67
76 8 211 2017-05-27T07:32:59.593
76 66 211 2017-05-27T07:32:59.593
76 47 211 2017-05-27T07:32:59.593
76 43 211 2017-05-27T07:32:59.593
76 74 211 2017-05-27T07:32:59.593
215 17 212 2017-05-27T07:39:27.567
76 8 213 2017-05-27T07:40:34.477
76 66 213 2017-05-27T07:40:34.477
76 74 213 2017-05-27T07:40:34.477
58 51 226 2017-05-27T11:36:21.047
58 17 226 2017-05-27T11:36:21.047
58 75 226 2017-05-27T11:36:21.047
150 8 228 2017-05-27T12:03:27.483
150 17 228 2017-05-27T12:03:27.483
27 17 235 2017-05-27T17:45:53.66
27 35 235 2017-05-27T17:45:53.66
27 76 235 2017-05-27T17:45:53.66
2 2 248 2017-05-28T09:21:45.02
2 38 248 2017-05-28T09:21:45.02
2 3 248 2017-05-28T09:21:45.02
166 49 251 2017-05-28T10:52:17.37
150 1 261 2017-05-28T16:54:06.45
150 16 261 2017-05-28T16:54:06.45
150 67 261 2017-05-28T16:54:06.45
150 77 261 2017-05-28T16:54:06.45
76 1 272 2017-05-29T20:06:36.97
76 7 272 2017-05-29T20:06:36.97
76 33 272 2017-05-29T20:06:36.97
27 8 282 2017-05-30T00:50:29.61
27 27 282 2017-05-30T00:50:29.61
58 8 287 2017-05-30T02:20:17.633
58 20 287 2017-05-30T02:20:17.633
58 23 287 2017-05-30T02:20:17.633
76 8 299 2017-05-30T16:39:13.243
76 47 299 2017-05-30T16:39:13.243
76 78 299 2017-05-30T16:39:13.243
76 79 299 2017-05-30T16:39:13.243
76 8 302 2017-05-30T19:43:37.223
27 1 307 2017-05-30T23:54:56.27
27 7 307 2017-05-30T23:54:56.27
27 80 307 2017-05-30T23:54:56.27
27 12 327 2017-06-01T02:09:21.283
27 81 327 2017-06-01T02:09:21.283
76 17 330 2017-06-01T05:12:51.317
27 82 335 2017-06-01T13:33:47.917
30 8 339 2017-06-01T20:26:36.617
30 67 339 2017-06-01T20:26:36.617
30 7 340 2017-06-01T20:35:47.647
30 67 340 2017-06-01T20:35:47.647
124 83 342 2017-06-01T21:23:50.67
124 84 342 2017-06-01T21:23:50.67
76 17 347 2017-06-02T06:19:29.097
76 18 347 2017-06-02T06:19:29.097
76 17 349 2017-06-02T07:07:09.197
76 22 349 2017-06-02T07:07:09.197
51 8 353 2017-06-02T13:00:54.46
51 85 353 2017-06-02T13:00:54.46
282 44 358 2017-06-02T20:40:06.89
283 1 360 2017-06-02T21:40:07.187
283 6 360 2017-06-02T21:40:07.187
283 71 360 2017-06-02T21:40:07.187
27 8 372 2017-06-03T02:39:04.223
27 27 372 2017-06-03T02:39:04.223
27 50 372 2017-06-03T02:39:04.223
27 86 372 2017-06-03T02:39:04.223
104 68 375 2017-06-03T07:10:51.037
104 28 375 2017-06-03T07:10:51.037
104 82 375 2017-06-03T07:10:51.037
150 5 376 2017-06-03T08:10:19.823
150 87 376 2017-06-03T08:10:19.823
150 8 378 2017-06-03T09:26:11.59
150 5 378 2017-06-03T09:26:11.59
150 85 378 2017-06-03T09:26:11.59
283 2 380 2017-06-03T16:50:02.02
283 53 380 2017-06-03T16:50:02.02
76 1 392 2017-06-04T01:04:38.467
76 7 392 2017-06-04T01:04:38.467
150 1 396 2017-06-04T06:42:23.273
150 88 396 2017-06-04T06:42:23.273
150 29 396 2017-06-04T06:42:23.273
150 89 396 2017-06-04T06:42:23.273
58 8 400 2017-06-04T10:40:46.307
58 12 400 2017-06-04T10:40:46.307
58 38 400 2017-06-04T10:40:46.307
27 8 408 2017-06-05T14:11:49.8
27 9 408 2017-06-05T14:11:49.8
27 10 408 2017-06-05T14:11:49.8
27 51 410 2017-06-05T18:25:19.277
27 19 410 2017-06-05T18:25:19.277
76 17 412 2017-06-05T23:47:54.437
76 90 412 2017-06-05T23:47:54.437
76 8 415 2017-06-06T03:55:51.077
76 17 415 2017-06-06T03:55:51.077
274 28 421 2017-06-06T14:30:21.853
274 72 421 2017-06-06T14:30:21.853
150 67 430 2017-06-06T19:59:30.563
150 12 430 2017-06-06T19:59:30.563
150 28 430 2017-06-06T19:59:30.563
150 73 430 2017-06-06T19:59:30.563
394 12 437 2017-06-06T21:23:13.987
394 53 437 2017-06-06T21:23:13.987
394 4 437 2017-06-06T21:23:13.987
58 75 447 2017-06-07T00:38:30.61
58 91 447 2017-06-07T00:38:30.61
435 56 448 2017-06-07T00:52:28.39
475 8 451 2017-06-07T05:11:09.097
475 28 451 2017-06-07T05:11:09.097
475 15 451 2017-06-07T05:11:09.097
545 2 469 2017-06-07T16:03:57.537
545 12 469 2017-06-07T16:03:57.537
545 3 469 2017-06-07T16:03:57.537
545 38 469 2017-06-07T16:03:57.537
554 17 473 2017-06-07T17:06:37.317
554 92 473 2017-06-07T17:06:37.317
568 17 477 2017-06-07T21:45:33.547
568 93 477 2017-06-07T21:45:33.547
150 1 479 2017-06-08T05:54:29.043
150 67 479 2017-06-08T05:54:29.043
150 85 479 2017-06-08T05:54:29.043
150 94 479 2017-06-08T05:54:29.043
391 32 492 2017-06-08T15:04:39.093
391 95 492 2017-06-08T15:04:39.093
27 17 493 2017-06-08T15:13:46.243
27 76 493 2017-06-08T15:13:46.243
27 96 493 2017-06-08T15:13:46.243
589 36 494 2017-06-08T16:12:49.963
589 37 494 2017-06-08T16:12:49.963
589 96 494 2017-06-08T16:12:49.963
76 7 498 2017-06-09T00:04:58.18
76 97 498 2017-06-09T00:04:58.18
76 98 498 2017-06-09T00:04:58.18
51 17 502 2017-06-09T10:30:43.06
51 12 502 2017-06-09T10:30:43.06
51 38 502 2017-06-09T10:30:43.06
51 38 503 2017-06-09T10:37:04.287
150 38 505 2017-06-09T11:14:07.767
27 1 514 2017-06-09T16:09:02.803
27 5 514 2017-06-09T16:09:02.803
27 16 514 2017-06-09T16:09:02.803
76 99 517 2017-06-09T20:43:04.213
76 100 517 2017-06-09T20:43:04.213
76 21 517 2017-06-09T20:43:04.213
97 8 527 2017-06-10T12:40:26.11
97 101 527 2017-06-10T12:40:26.11
150 67 544 2017-06-11T06:51:16.51
150 1 544 2017-06-11T06:51:16.51
150 16 544 2017-06-11T06:51:16.51
150 5 544 2017-06-11T06:51:16.51
150 102 544 2017-06-11T06:51:16.51
76 8 548 2017-06-11T07:56:15.683
76 67 548 2017-06-11T07:56:15.683
76 68 548 2017-06-11T07:56:15.683
76 103 548 2017-06-11T07:56:15.683
76 104 548 2017-06-11T07:56:15.683
58 8 583 2017-06-11T23:07:08.337
58 16 583 2017-06-11T23:07:08.337
623 105 590 2017-06-12T12:12:08.41
623 106 590 2017-06-12T12:12:08.41
623 107 590 2017-06-12T12:12:08.41
27 8 592 2017-06-12T14:55:07.35
27 108 592 2017-06-12T14:55:07.35
631 16 598 2017-06-12T20:56:35.71
27 7 599 2017-06-12T21:02:41.043
27 6 599 2017-06-12T21:02:41.043
27 109 599 2017-06-12T21:02:41.043
150 110 612 2017-06-13T07:04:28.157
639 27 622 2017-06-13T18:42:20.633
118 67 628 2017-06-13T19:51:53.66
118 2 628 2017-06-13T19:51:53.66
118 45 628 2017-06-13T19:51:53.66
150 17 638 2017-06-14T06:47:43.477
150 8 638 2017-06-14T06:47:43.477
150 1 638 2017-06-14T06:47:43.477
150 111 638 2017-06-14T06:47:43.477
97 38 639 2017-06-14T07:39:23.48
674 27 650 2017-06-14T14:39:51.45
674 11 650 2017-06-14T14:39:51.45
674 112 650 2017-06-14T14:39:51.45
204 8 660 2017-06-14T17:46:53.653
204 113 660 2017-06-14T17:46:53.653
27 5 666 2017-06-14T19:54:40.297
27 114 666 2017-06-14T19:54:40.297
76 17 682 2017-06-15T01:34:08.19
76 115 682 2017-06-15T01:34:08.19
797 27 690 2017-06-15T16:08:33.187
797 11 690 2017-06-15T16:08:33.187
790 56 693 2017-06-15T17:01:49.95
790 98 693 2017-06-15T17:01:49.95
91 82 706 2017-06-16T00:02:05.043
91 116 706 2017-06-16T00:02:05.043
27 16 727 2017-06-16T13:34:58.013
27 69 727 2017-06-16T13:34:58.013
58 117 728 2017-06-16T14:05:32.067
868 51 733 2017-06-16T15:00:49.43
868 118 733 2017-06-16T15:00:49.43
919 96 764 2017-06-17T16:13:51.803
919 76 764 2017-06-17T16:13:51.803
919 119 764 2017-06-17T16:13:51.803
919 67 770 2017-06-17T18:21:36.837
919 78 770 2017-06-17T18:21:36.837
930 12 780 2017-06-17T22:11:56.417
930 45 780 2017-06-17T22:11:56.417
150 67 786 2017-06-18T07:01:20.447
150 16 786 2017-06-18T07:01:20.447
150 5 786 2017-06-18T07:01:20.447
150 120 786 2017-06-18T07:01:20.447
938 82 787 2017-06-18T07:08:19.167
77 16 791 2017-06-18T11:31:25.46
77 87 791 2017-06-18T11:31:25.46
919 17 797 2017-06-18T14:01:34.14
919 67 797 2017-06-18T14:01:34.14
919 119 797 2017-06-18T14:01:34.14
76 8 812 2017-06-18T21:32:33.107
76 65 812 2017-06-18T21:32:33.107
150 17 833 2017-06-19T10:28:01.137
150 67 833 2017-06-19T10:28:01.137
150 121 833 2017-06-19T10:28:01.137
27 56 860 2017-06-20T10:20:16.337
1065 122 868 2017-06-20T13:53:41.403
12 8 872 2017-06-20T16:00:37.923
12 67 872 2017-06-20T16:00:37.923
1144 67 905 2017-06-21T13:45:08.59
1144 123 905 2017-06-21T13:45:08.59
1144 17 908 2017-06-21T14:38:01.537
1144 45 908 2017-06-21T14:38:01.537
1144 124 908 2017-06-21T14:38:01.537
1079 28 914 2017-06-21T17:56:31.293
1079 53 914 2017-06-21T17:56:31.293
1079 56 914 2017-06-21T17:56:31.293
1168 17 917 2017-06-21T18:44:51.027
1168 45 917 2017-06-21T18:44:51.027
1166 9 918 2017-06-21T18:53:44.41
1166 122 918 2017-06-21T18:53:44.41
1144 73 927 2017-06-21T22:00:31.637
1216 28 948 2017-06-22T09:51:04.233
1216 122 948 2017-06-22T09:51:04.233
97 71 952 2017-06-22T11:46:52.63
1166 17 961 2017-06-22T14:44:50.527
541 17 973 2017-06-22T19:22:19.977
78 12 992 2017-06-23T14:09:21.11
78 28 992 2017-06-23T14:09:21.11
97 40 1023 2017-06-24T06:15:53.247
150 8 1030 2017-06-24T07:01:41.703
150 67 1030 2017-06-24T07:01:41.703
150 22 1030 2017-06-24T07:01:41.703
150 8 1036 2017-06-24T09:03:08.343
150 12 1036 2017-06-24T09:03:08.343
150 125 1036 2017-06-24T09:03:08.343
97 82 1037 2017-06-24T11:27:02.507
916 5 1049 2017-06-24T16:06:48.973
916 45 1049 2017-06-24T16:06:48.973
919 17 1052 2017-06-24T16:31:15.653
919 53 1052 2017-06-24T16:31:15.653
919 126 1052 2017-06-24T16:31:15.653
27 40 1079 2017-06-25T03:38:04.14
27 49 1079 2017-06-25T03:38:04.14
27 13 1079 2017-06-25T03:38:04.14
916 45 1090 2017-06-25T16:29:04.357
916 50 1090 2017-06-25T16:29:04.357
916 45 1092 2017-06-25T17:09:14.277
916 2 1092 2017-06-25T17:09:14.277
916 97 1092 2017-06-25T17:09:14.277
916 64 1099 2017-06-25T19:07:02.83
919 76 1105 2017-06-25T20:55:21.887
919 96 1105 2017-06-25T20:55:21.887
919 75 1105 2017-06-25T20:55:21.887
919 67 1106 2017-06-25T20:59:49.067
919 41 1106 2017-06-25T20:59:49.067
76 8 1109 2017-06-25T21:38:44.683
76 17 1109 2017-06-25T21:38:44.683
76 96 1109 2017-06-25T21:38:44.683
76 68 1109 2017-06-25T21:38:44.683
76 42 1109 2017-06-25T21:38:44.683
150 67 1118 2017-06-26T12:00:45.427
150 16 1118 2017-06-26T12:00:45.427
150 127 1118 2017-06-26T12:00:45.427
283 17 1121 2017-06-26T14:32:25.447
283 96 1121 2017-06-26T14:32:25.447
283 35 1121 2017-06-26T14:32:25.447
283 48 1126 2017-06-26T15:50:11.917
150 8 1143 2017-06-27T10:57:35.613
150 67 1143 2017-06-27T10:57:35.613
150 128 1143 2017-06-27T10:57:35.613
204 28 1150 2017-06-27T16:33:19.743
1463 17 1157 2017-06-27T17:28:33.88
1463 67 1157 2017-06-27T17:28:33.88
1463 98 1157 2017-06-27T17:28:33.88
1293 17 1180 2017-06-28T13:36:41.587
1293 12 1180 2017-06-28T13:36:41.587
1293 73 1180 2017-06-28T13:36:41.587
919 67 1193 2017-06-28T15:41:46.11
65 17 1198 2017-06-28T17:32:29.967
65 126 1198 2017-06-28T17:32:29.967
1397 2 1205 2017-06-28T23:08:31.76
1397 3 1205 2017-06-28T23:08:31.76
283 129 1218 2017-06-29T13:39:31.347
283 17 1224 2017-06-29T17:32:50.57
150 67 1226 2017-06-29T17:47:31.153
150 16 1226 2017-06-29T17:47:31.153
150 1 1226 2017-06-29T17:47:31.153
150 5 1226 2017-06-29T17:47:31.153
283 130 1233 2017-06-29T19:40:29.597
283 131 1233 2017-06-29T19:40:29.597
27 131 1238 2017-06-29T19:49:22.617
765 67 1259 2017-06-30T04:17:38.067
140 67 1260 2017-06-30T04:47:59
140 12 1260 2017-06-30T04:47:59
765 17 1262 2017-06-30T05:43:30.923
765 132 1262 2017-06-30T05:43:30.923
765 133 1262 2017-06-30T05:43:30.923
587 51 1282 2017-06-30T15:07:05.837
587 84 1282 2017-06-30T15:07:05.837
118 67 1290 2017-07-01T08:44:16.167
118 12 1290 2017-07-01T08:44:16.167
916 17 1296 2017-07-01T16:28:45.76
916 45 1296 2017-07-01T16:28:45.76
765 12 1299 2017-07-01T16:57:03.177
765 134 1299 2017-07-01T16:57:03.177
765 134 1300 2017-07-01T17:06:12.917
765 135 1300 2017-07-01T17:06:12.917
765 67 1301 2017-07-01T17:18:15.13
765 134 1301 2017-07-01T17:18:15.13
765 136 1301 2017-07-01T17:18:15.13
765 137 1302 2017-07-01T17:55:22.987
765 40 1327 2017-07-01T22:42:22.077
765 13 1327 2017-07-01T22:42:22.077
765 82 1328 2017-07-01T22:50:10.417
27 16 1331 2017-07-01T23:27:13.52
27 138 1331 2017-07-01T23:27:13.52
1293 17 1347 2017-07-02T09:02:03.87
1293 12 1347 2017-07-02T09:02:03.87
1293 45 1347 2017-07-02T09:02:03.87
1293 73 1347 2017-07-02T09:02:03.87
1293 12 1357 2017-07-02T16:35:42.11
1293 45 1357 2017-07-02T16:35:42.11
765 1 1363 2017-07-02T21:57:54.067
765 41 1363 2017-07-02T21:57:54.067
765 135 1363 2017-07-02T21:57:54.067
150 67 1373 2017-07-03T10:37:08.407
150 1 1373 2017-07-03T10:37:08.407
150 85 1373 2017-07-03T10:37:08.407
150 110 1373 2017-07-03T10:37:08.407
283 1 1380 2017-07-03T13:21:13.607
283 96 1380 2017-07-03T13:21:13.607
283 15 1380 2017-07-03T13:21:13.607
1293 12 1383 2017-07-03T14:36:45.407
1293 82 1383 2017-07-03T14:36:45.407
1293 137 1383 2017-07-03T14:36:45.407
765 67 1390 2017-07-03T16:36:27.267
765 98 1390 2017-07-03T16:36:27.267
765 96 1394 2017-07-03T21:35:48.017
765 60 1394 2017-07-03T21:35:48.017
1583 67 1397 2017-07-03T22:18:11.39
1583 2 1397 2017-07-03T22:18:11.39
1583 98 1397 2017-07-03T22:18:11.39
916 45 1406 2017-07-04T18:33:50.32
916 44 1406 2017-07-04T18:33:50.32
1688 8 1408 2017-07-04T20:05:51.64
1688 41 1408 2017-07-04T20:05:51.64
1688 22 1408 2017-07-04T20:05:51.64
283 28 1410 2017-07-05T02:51:19.497
938 117 1427 2017-07-05T18:40:44.69
150 17 1430 2017-07-05T19:56:47.033
150 1 1430 2017-07-05T19:56:47.033
1529 28 1444 2017-07-06T14:12:53.093
283 38 1456 2017-07-06T21:34:46.847
27 9 1463 2017-07-07T02:36:46.213
27 139 1463 2017-07-07T02:36:46.213
27 140 1463 2017-07-07T02:36:46.213
747 17 1471 2017-07-07T14:23:59.757
747 67 1471 2017-07-07T14:23:59.757
747 77 1471 2017-07-07T14:23:59.757
1144 92 1472 2017-07-07T14:40:45.4
1144 141 1472 2017-07-07T14:40:45.4
1770 8 1479 2017-07-07T15:19:03.297
1770 16 1479 2017-07-07T15:19:03.297
1770 96 1479 2017-07-07T15:19:03.297
204 108 1482 2017-07-07T15:54:41.36
1144 28 1493 2017-07-07T18:41:22.8
1144 12 1509 2017-07-08T10:21:08.2
1144 116 1509 2017-07-08T10:21:08.2
294 12 2511 2017-07-08T15:35:53.74
294 142 2511 2017-07-08T15:35:53.74
27 6 2530 2017-07-09T22:54:17.117
27 143 2530 2017-07-09T22:54:17.117
27 144 2530 2017-07-09T22:54:17.117
150 67 2532 2017-07-10T04:57:12.373
150 12 2532 2017-07-10T04:57:12.373
150 73 2532 2017-07-10T04:57:12.373
1293 12 2537 2017-07-10T12:13:03.953
1293 28 2537 2017-07-10T12:13:03.953
1293 73 2537 2017-07-10T12:13:03.953
919 12 2538 2017-07-10T15:40:04.457
919 76 2538 2017-07-10T15:40:04.457
919 134 2538 2017-07-10T15:40:04.457
919 145 2538 2017-07-10T15:40:04.457
1015 17 2540 2017-07-10T16:36:24.46
1015 8 2540 2017-07-10T16:36:24.46
1293 12 2542 2017-07-10T17:13:59.337
1293 45 2542 2017-07-10T17:13:59.337
1293 73 2542 2017-07-10T17:13:59.337
204 2 2543 2017-07-10T17:35:44.793
27 49 2547 2017-07-10T18:41:18.59
27 48 2547 2017-07-10T18:41:18.59
1144 116 2551 2017-07-10T19:55:18.01
65 12 2577 2017-07-11T09:05:08.78
1871 12 2583 2017-07-11T13:31:08.75
1871 28 2583 2017-07-11T13:31:08.75
1871 53 2586 2017-07-11T14:21:48.797
150 8 2594 2017-07-11T19:26:23.62
150 76 2594 2017-07-11T19:26:23.62
150 35 2594 2017-07-11T19:26:23.62
150 146 2594 2017-07-11T19:26:23.62
1144 12 2602 2017-07-12T10:34:25.223
1144 13 2602 2017-07-12T10:34:25.223
1144 147 2602 2017-07-12T10:34:25.223
283 48 2610 2017-07-12T19:30:02.81
27 148 2612 2017-07-12T21:22:01.887
27 101 2632 2017-07-13T21:10:27.14
27 1 2651 2017-07-14T20:36:36.527
27 101 2651 2017-07-14T20:36:36.527
919 17 2658 2017-07-14T23:10:11.943
919 96 2658 2017-07-14T23:10:11.943
919 76 2658 2017-07-14T23:10:11.943
919 149 2658 2017-07-14T23:10:11.943
919 76 2660 2017-07-14T23:18:29.973
919 149 2660 2017-07-14T23:18:29.973
919 150 2660 2017-07-14T23:18:29.973
919 76 2687 2017-07-15T19:40:14.383
919 81 2687 2017-07-15T19:40:14.383
1293 12 2691 2017-07-15T23:59:59.657
1293 5 2691 2017-07-15T23:59:59.657
1293 78 2691 2017-07-15T23:59:59.657
76 17 2699 2017-07-16T15:41:00.05
76 151 2699 2017-07-16T15:41:00.05
2040 45 2710 2017-07-17T00:13:54.703
2040 43 2710 2017-07-17T00:13:54.703
2045 22 2712 2017-07-17T00:54:35.037
104 50 2730 2017-07-17T19:05:25.547
104 84 2730 2017-07-17T19:05:25.547
104 83 2730 2017-07-17T19:05:25.547
104 86 2730 2017-07-17T19:05:25.547
76 8 2749 2017-07-18T20:29:40.977
76 22 2749 2017-07-18T20:29:40.977
76 98 2749 2017-07-18T20:29:40.977
76 47 2749 2017-07-18T20:29:40.977
27 8 2750 2017-07-18T21:36:55.223
27 148 2750 2017-07-18T21:36:55.223
27 140 2750 2017-07-18T21:36:55.223
150 1 2757 2017-07-19T07:16:22.07
150 22 2757 2017-07-19T07:16:22.07
150 152 2757 2017-07-19T07:16:22.07
76 17 2777 2017-07-19T22:50:45.787
76 67 2777 2017-07-19T22:50:45.787
76 153 2777 2017-07-19T22:50:45.787
2045 129 2779 2017-07-20T01:35:18.017
1251 17 2793 2017-07-20T17:39:52.357
1251 135 2793 2017-07-20T17:39:52.357
38 16 2800 2017-07-20T19:28:18.96
38 122 2800 2017-07-20T19:28:18.96
59 17 2808 2017-07-20T22:22:06.357
59 135 2808 2017-07-20T22:22:06.357
76 1 2818 2017-07-21T05:12:55.7
76 7 2818 2017-07-21T05:12:55.7
76 151 2818 2017-07-21T05:12:55.7
76 154 2818 2017-07-21T05:12:55.7
76 155 2818 2017-07-21T05:12:55.7
919 76 2844 2017-07-22T19:23:09.17
919 4 2844 2017-07-22T19:23:09.17
919 132 2844 2017-07-22T19:23:09.17
59 17 2845 2017-07-22T21:17:49.53
2145 1 2871 2017-07-23T16:00:01.133
2145 76 2871 2017-07-23T16:00:01.133
2145 96 2871 2017-07-23T16:00:01.133
2145 60 2871 2017-07-23T16:00:01.133
150 17 2874 2017-07-23T17:46:19.69
150 67 2874 2017-07-23T17:46:19.69
150 43 2874 2017-07-23T17:46:19.69
283 49 2875 2017-07-23T17:54:01.313
283 48 2875 2017-07-23T17:54:01.313
204 96 2897 2017-07-24T09:03:34.14
204 76 2897 2017-07-24T09:03:34.14
204 34 2897 2017-07-24T09:03:34.14
204 105 2897 2017-07-24T09:03:34.14
150 67 2903 2017-07-24T11:22:06.24
150 1 2903 2017-07-24T11:22:06.24
150 139 2903 2017-07-24T11:22:06.24
732 45 2933 2017-07-25T00:20:12.833
732 87 2933 2017-07-25T00:20:12.833
283 28 2942 2017-07-25T17:41:44.613
283 49 2942 2017-07-25T17:41:44.613
58 156 2946 2017-07-26T02:57:15.39
150 67 2953 2017-07-26T08:04:23.047
150 2 2953 2017-07-26T08:04:23.047
150 15 2953 2017-07-26T08:04:23.047
150 157 2953 2017-07-26T08:04:23.047
76 17 2970 2017-07-27T17:44:37.42
76 27 2970 2017-07-27T17:44:37.42
27 8 2982 2017-07-28T16:58:06.06
27 6 2982 2017-07-28T16:58:06.06
27 144 2982 2017-07-28T16:58:06.06
2315 76 2984 2017-07-29T09:09:09.703
2315 96 2984 2017-07-29T09:09:09.703
1293 28 2985 2017-07-29T12:32:56.7
1293 158 2985 2017-07-29T12:32:56.7
150 8 2998 2017-07-30T07:22:01.63
150 20 2998 2017-07-30T07:22:01.63
150 57 2998 2017-07-30T07:22:01.63
150 62 2998 2017-07-30T07:22:01.63
541 40 3022 2017-07-30T22:57:08.043
765 96 3033 2017-07-31T14:13:14.07
765 49 3033 2017-07-31T14:13:14.07
765 98 3033 2017-07-31T14:13:14.07
27 140 3038 2017-07-31T16:17:06.333
276 17 3052 2017-08-01T15:47:13.54
276 13 3052 2017-08-01T15:47:13.54
204 16 3063 2017-08-01T22:30:34.513
204 40 3063 2017-08-01T22:30:34.513
76 96 3069 2017-08-02T15:42:28.12
76 40 3069 2017-08-02T15:42:28.12
76 126 3069 2017-08-02T15:42:28.12
1293 17 3070 2017-08-02T15:42:40.803
1293 12 3070 2017-08-02T15:42:40.803
1293 13 3070 2017-08-02T15:42:40.803
150 56 3072 2017-08-02T17:06:08.767
150 159 3072 2017-08-02T17:06:08.767
204 132 3084 2017-08-03T12:27:16.127
58 22 3086 2017-08-03T12:53:34.557
58 30 3086 2017-08-03T12:53:34.557
283 16 3092 2017-08-03T23:59:49.593
2329 12 3095 2017-08-04T09:13:58.173
2329 134 3095 2017-08-04T09:13:58.173
76 17 3101 2017-08-04T16:27:33.63
76 160 3101 2017-08-04T16:27:33.63
76 161 3101 2017-08-04T16:27:33.63
76 151 3101 2017-08-04T16:27:33.63
27 6 3102 2017-08-04T17:04:59.163
283 28 3105 2017-08-04T18:18:08.727
283 70 3105 2017-08-04T18:18:08.727
1293 17 3124 2017-08-05T12:11:53.49
1293 45 3124 2017-08-05T12:11:53.49
150 8 3132 2017-08-05T18:40:28.573
150 162 3132 2017-08-05T18:40:28.573
2434 76 3150 2017-08-06T18:46:42.82
2434 53 3150 2017-08-06T18:46:42.82
27 96 3152 2017-08-07T01:20:46.767
27 151 3152 2017-08-07T01:20:46.767
1293 17 3155 2017-08-07T12:24:03.327
1293 12 3155 2017-08-07T12:24:03.327
1293 13 3155 2017-08-07T12:24:03.327
433 1 3166 2017-08-08T16:16:04.807
433 6 3166 2017-08-08T16:16:04.807
433 151 3166 2017-08-08T16:16:04.807
433 145 3166 2017-08-08T16:16:04.807
2478 51 3170 2017-08-08T22:01:30.7
150 76 3175 2017-08-09T08:01:28.15
150 5 3175 2017-08-09T08:01:28.15
150 50 3175 2017-08-09T08:01:28.15
27 136 3189 2017-08-09T16:55:06.377
27 163 3189 2017-08-09T16:55:06.377
2103 96 3196 2017-08-10T11:02:17.097
2103 151 3196 2017-08-10T11:02:17.097
2103 84 3196 2017-08-10T11:02:17.097
150 2 3199 2017-08-10T16:11:32.25
150 69 3199 2017-08-10T16:11:32.25
732 76 3208 2017-08-11T15:43:22.88
732 156 3208 2017-08-11T15:43:22.88
2550 28 3210 2017-08-11T18:09:13.94
2550 22 3210 2017-08-11T18:09:13.94
27 96 3218 2017-08-12T23:35:45.17
1873 1 3221 2017-08-13T12:36:08.963
1873 96 3221 2017-08-13T12:36:08.963
1873 5 3221 2017-08-13T12:36:08.963
1873 145 3221 2017-08-13T12:36:08.963
732 96 3223 2017-08-13T18:40:29.783
732 72 3223 2017-08-13T18:40:29.783
732 76 3228 2017-08-14T20:08:04.123
732 53 3228 2017-08-14T20:08:04.123
24 16 3232 2017-08-15T06:34:27.693
24 134 3232 2017-08-15T06:34:27.693
2480 8 3241 2017-08-16T17:17:27.503
2480 12 3241 2017-08-16T17:17:27.503
2480 16 3241 2017-08-16T17:17:27.503
2589 22 3244 2017-08-16T19:21:01.113
2589 50 3244 2017-08-16T19:21:01.113
2589 72 3244 2017-08-16T19:21:01.113
732 45 3248 2017-08-17T04:08:22.813
732 53 3248 2017-08-17T04:08:22.813
732 137 3248 2017-08-17T04:08:22.813
27 22 3256 2017-08-18T13:41:51.043
27 137 3256 2017-08-18T13:41:51.043
2055 19 3259 2017-08-18T22:48:13.547
2055 164 3259 2017-08-18T22:48:13.547
1293 165 3261 2017-08-19T22:54:33.133
919 76 3266 2017-08-20T18:03:18.92
919 38 3266 2017-08-20T18:03:18.92
2605 28 3273 2017-08-21T05:22:03.873
2605 145 3273 2017-08-21T05:22:03.873
51 117 3277 2017-08-21T14:43:08.767
58 67 3287 2017-08-22T20:36:39.943
58 16 3287 2017-08-22T20:36:39.943
58 75 3287 2017-08-22T20:36:39.943
58 166 3287 2017-08-22T20:36:39.943
2632 17 3291 2017-08-23T05:30:22.223
2632 96 3291 2017-08-23T05:30:22.223
2632 2 3291 2017-08-23T05:30:22.223
2632 44 3291 2017-08-23T05:30:22.223
2638 67 3296 2017-08-23T12:19:10.197
2638 96 3296 2017-08-23T12:19:10.197
51 17 3323 2017-08-25T11:30:08.16
51 135 3323 2017-08-25T11:30:08.16
2574 17 3325 2017-08-25T14:51:33.483
2574 8 3325 2017-08-25T14:51:33.483
2574 22 3325 2017-08-25T14:51:33.483
2709 8 3330 2017-08-26T00:29:16.677
2709 45 3330 2017-08-26T00:29:16.677
2537 53 3339 2017-08-26T08:55:00.41
2537 167 3339 2017-08-26T08:55:00.41
2605 28 3363 2017-08-27T07:36:07.82
2605 129 3363 2017-08-27T07:36:07.82
2605 158 3363 2017-08-27T07:36:07.82
24 28 3372 2017-08-28T06:38:24.49
24 50 3372 2017-08-28T06:38:24.49
2741 41 3374 2017-08-28T07:57:19.3
2741 25 3374 2017-08-28T07:57:19.3
2605 17 3393 2017-08-29T03:12:11.453
2605 168 3393 2017-08-29T03:12:11.453
2791 8 3395 2017-08-29T06:48:44.437
2791 169 3395 2017-08-29T06:48:44.437
2791 170 3395 2017-08-29T06:48:44.437
118 67 3401 2017-08-29T14:02:16.323
118 115 3401 2017-08-29T14:02:16.323
1293 167 3408 2017-08-29T17:15:10.427
1293 171 3408 2017-08-29T17:15:10.427
2706 8 3414 2017-08-29T23:49:34.48
2706 67 3414 2017-08-29T23:49:34.48
2706 16 3414 2017-08-29T23:49:34.48
2706 22 3414 2017-08-29T23:49:34.48
2706 72 3414 2017-08-29T23:49:34.48
2605 172 3422 2017-08-30T14:39:36.56
2848 17 3441 2017-08-31T02:09:15.18
2848 67 3441 2017-08-31T02:09:15.18
2848 73 3441 2017-08-31T02:09:15.18
2605 45 3450 2017-08-31T13:32:31.36
2605 47 3450 2017-08-31T13:32:31.36
2537 17 3455 2017-09-01T05:46:24.427
2537 28 3455 2017-09-01T05:46:24.427
2317 93 3456 2017-09-01T05:52:05.807
2317 173 3456 2017-09-01T05:52:05.807
2877 45 3462 2017-09-01T20:11:50.173
2877 95 3462 2017-09-01T20:11:50.173
2480 17 3469 2017-09-02T17:04:45.653
2480 51 3469 2017-09-02T17:04:45.653
2480 86 3469 2017-09-02T17:04:45.653
150 1 3480 2017-09-04T08:33:07.363
150 20 3480 2017-09-04T08:33:07.363
150 51 3480 2017-09-04T08:33:07.363
2317 43 3485 2017-09-04T17:01:16.66
2317 93 3485 2017-09-04T17:01:16.66
732 8 3491 2017-09-05T00:57:48.99
732 25 3491 2017-09-05T00:57:48.99
24 96 3504 2017-09-05T11:52:55.223
24 116 3504 2017-09-05T11:52:55.223
27 95 3535 2017-09-05T21:29:20.343
27 174 3535 2017-09-05T21:29:20.343
283 45 3555 2017-09-06T19:11:45.543
283 119 3555 2017-09-06T19:11:45.543
283 45 3558 2017-09-06T21:37:27.723
283 50 3558 2017-09-06T21:37:27.723
283 84 3558 2017-09-06T21:37:27.723
2923 82 3560 2017-09-07T12:18:58.327
1293 45 3572 2017-09-10T13:01:37.697
1293 76 3572 2017-09-10T13:01:37.697
204 53 3573 2017-09-10T14:34:43.31
2968 12 3580 2017-09-11T06:36:39.58
2968 43 3580 2017-09-11T06:36:39.58
2923 17 3582 2017-09-11T11:45:41.28
2981 34 3590 2017-09-11T14:21:57.263
41 16 3610 2017-09-12T12:29:28.39
41 164 3610 2017-09-12T12:29:28.39
2025 34 3613 2017-09-12T15:59:34.583
3036 8 3623 2017-09-13T03:26:01.097
3036 53 3623 2017-09-13T03:26:01.097
3036 50 3623 2017-09-13T03:26:01.097
2605 50 3627 2017-09-13T13:27:59.977
3049 17 3631 2017-09-14T07:29:45.35
3049 40 3631 2017-09-14T07:29:45.35
3049 95 3631 2017-09-14T07:29:45.35
3049 138 3631 2017-09-14T07:29:45.35
2605 86 3637 2017-09-15T11:09:00.05
2605 96 3638 2017-09-15T11:12:11.943
2605 86 3638 2017-09-15T11:12:11.943
1532 96 3646 2017-09-16T22:05:33.553
1532 76 3646 2017-09-16T22:05:33.553
1532 145 3646 2017-09-16T22:05:33.553
1532 32 3646 2017-09-16T22:05:33.553
3078 28 3656 2017-09-19T02:55:27.11
3078 97 3656 2017-09-19T02:55:27.11
27 28 3666 2017-09-20T20:09:38.837
27 73 3666 2017-09-20T20:09:38.837
3092 28 3670 2017-09-21T16:24:45.127
3092 72 3670 2017-09-21T16:24:45.127
3095 96 3672 2017-09-21T20:44:07.27
3095 145 3672 2017-09-21T20:44:07.27
3103 8 3675 2017-09-22T18:15:58.553
3103 16 3675 2017-09-22T18:15:58.553
3103 74 3675 2017-09-22T18:15:58.553
3103 175 3675 2017-09-22T18:15:58.553
2197 17 3679 2017-09-23T22:49:16.733
2197 72 3679 2017-09-23T22:49:16.733
2197 7 3679 2017-09-23T22:49:16.733
3117 28 3684 2017-09-25T10:20:47.42
3117 176 3684 2017-09-25T10:20:47.42
51 12 3691 2017-09-26T13:53:45.937
51 28 3691 2017-09-26T13:53:45.937
150 67 3695 2017-09-27T13:06:37.743
150 51 3695 2017-09-27T13:06:37.743
150 46 3695 2017-09-27T13:06:37.743
204 112 3696 2017-09-27T16:36:40.92
204 177 3696 2017-09-27T16:36:40.92
204 11 3713 2017-09-28T12:50:26.97
587 140 3716 2017-09-28T15:15:11.08
3163 28 3728 2017-09-29T15:31:01.76
3163 72 3728 2017-09-29T15:31:01.76
3163 129 3728 2017-09-29T15:31:01.76
3163 158 3728 2017-09-29T15:31:01.76
830 1 3734 2017-10-01T21:53:09.53
830 22 3734 2017-10-01T21:53:09.53
830 101 3734 2017-10-01T21:53:09.53
830 79 3734 2017-10-01T21:53:09.53
27 101 3741 2017-10-03T14:24:52.487
27 148 3741 2017-10-03T14:24:52.487
3209 16 3747 2017-10-04T16:19:46.85
3209 22 3747 2017-10-04T16:19:46.85
3211 22 3751 2017-10-04T18:51:56.44
2045 96 3758 2017-10-05T02:12:21.973
2045 30 3758 2017-10-05T02:12:21.973
2045 148 3758 2017-10-05T02:12:21.973
3214 117 3761 2017-10-05T07:32:50.39
44 44 3766 2017-10-05T10:19:41.07
44 74 3766 2017-10-05T10:19:41.07
44 113 3766 2017-10-05T10:19:41.07
3219 96 3767 2017-10-05T13:19:34.6
3219 138 3767 2017-10-05T13:19:34.6
3219 178 3767 2017-10-05T13:19:34.6
3219 26 3767 2017-10-05T13:19:34.6
41 17 3797 2017-10-07T16:39:03.037
41 28 3797 2017-10-07T16:39:03.037
41 31 3797 2017-10-07T16:39:03.037
3270 2 3803 2017-10-09T15:53:03.09
3270 72 3803 2017-10-09T15:53:03.09
3270 44 3803 2017-10-09T15:53:03.09
3270 157 3803 2017-10-09T15:53:03.09
1293 28 3811 2017-10-13T12:35:15.653
1293 82 3811 2017-10-13T12:35:15.653
1293 179 3811 2017-10-13T12:35:15.653
204 180 3815 2017-10-13T14:10:00.797
204 181 3815 2017-10-13T14:10:00.797
3292 8 3819 2017-10-13T16:00:50.85
3292 60 3819 2017-10-13T16:00:50.85
3292 87 3819 2017-10-13T16:00:50.85
3292 169 3819 2017-10-13T16:00:50.85
3292 182 3819 2017-10-13T16:00:50.85
58 5 3831 2017-10-15T02:27:39.823
58 43 3831 2017-10-15T02:27:39.823
58 29 3831 2017-10-15T02:27:39.823
1015 8 3836 2017-10-16T21:41:39.987
1015 28 3836 2017-10-16T21:41:39.987
3307 76 3840 2017-10-18T12:39:08.543
3307 41 3840 2017-10-18T12:39:08.543
3307 46 3840 2017-10-18T12:39:08.543
830 97 3844 2017-10-19T13:59:12.093
830 113 3844 2017-10-19T13:59:12.093
830 17 3848 2017-10-20T16:30:19.61
830 113 3848 2017-10-20T16:30:19.61
1293 12 3854 2017-10-21T18:55:03.743
1293 28 3854 2017-10-21T18:55:03.743
1293 82 3854 2017-10-21T18:55:03.743
27 96 3859 2017-10-23T18:20:09.377
27 10 3859 2017-10-23T18:20:09.377
2045 183 3860 2017-10-23T19:25:38.54
2045 96 3862 2017-10-23T21:43:38.087
2045 183 3862 2017-10-23T21:43:38.087
3331 16 3869 2017-10-26T00:38:29.94
3331 22 3869 2017-10-26T00:38:29.94
3333 8 3870 2017-10-26T05:49:06.16
3333 41 3870 2017-10-26T05:49:06.16
27 28 3881 2017-10-30T18:27:45.833
27 184 3881 2017-10-30T18:27:45.833
204 28 3893 2017-10-31T13:58:09.6
204 185 3895 2017-10-31T18:20:08.213
204 96 3907 2017-11-02T10:34:03.87
204 186 3907 2017-11-02T10:34:03.87
3330 22 3913 2017-11-02T15:02:07.917
2584 45 3916 2017-11-03T15:21:20.623
3427 67 3920 2017-11-03T22:46:40.16
76 98 3923 2017-11-04T16:09:42.583
3438 12 3925 2017-11-05T03:46:16.727
3438 96 3925 2017-11-05T03:46:16.727
3438 76 3925 2017-11-05T03:46:16.727
3438 184 3925 2017-11-05T03:46:16.727
150 16 3926 2017-11-05T15:38:38.16
150 1 3926 2017-11-05T15:38:38.16
150 47 3926 2017-11-05T15:38:38.16
3447 1 3931 2017-11-06T08:19:16.413
3447 121 3931 2017-11-06T08:19:16.413
48 96 3933 2017-11-06T10:53:31.853
48 187 3933 2017-11-06T10:53:31.853
3451 44 3934 2017-11-06T14:32:42.913
3451 113 3934 2017-11-06T14:32:42.913
3464 16 3939 2017-11-07T16:32:44
3464 5 3939 2017-11-07T16:32:44
3464 60 3939 2017-11-07T16:32:44
732 8 3948 2017-11-09T06:02:12.833
732 162 3948 2017-11-09T06:02:12.833
732 188 3948 2017-11-09T06:02:12.833
27 189 3951 2017-11-09T22:28:22.78
3482 76 3953 2017-11-11T15:59:17.467
204 157 3956 2017-11-14T19:44:54.923
3493 28 3957 2017-11-14T20:14:33.913
3493 54 3957 2017-11-14T20:14:33.913
3493 118 3957 2017-11-14T20:14:33.913
830 96 3962 2017-11-15T12:18:21.617
830 60 3962 2017-11-15T12:18:21.617
76 8 3971 2017-11-19T22:46:23.743
76 27 3971 2017-11-19T22:46:23.743
3512 105 3973 2017-11-20T14:05:06.27
204 96 3975 2017-11-21T13:46:07.847
204 186 3975 2017-11-21T13:46:07.847
3515 141 3977 2017-11-21T14:17:08.767
3524 28 3986 2017-11-26T05:56:27.197
1660 17 3998 2017-11-29T16:17:33.953
1660 96 3998 2017-11-29T16:17:33.953
1415 76 4002 2017-11-29T23:26:05.513
27 6 4009 2017-12-04T19:59:49.433
27 110 4009 2017-12-04T19:59:49.433
3673 82 4010 2017-12-05T17:05:54.733
3673 6 4010 2017-12-05T17:05:54.733
3673 148 4010 2017-12-05T17:05:54.733
3714 5 4025 2017-12-08T10:47:59.463
48 44 4027 2017-12-08T13:51:17.833
48 83 4027 2017-12-08T13:51:17.833
27 137 4035 2017-12-13T03:43:22.557
27 6 4044 2017-12-15T00:10:36.753
27 27 4044 2017-12-15T00:10:36.753
27 9 4044 2017-12-15T00:10:36.753
27 101 4044 2017-12-15T00:10:36.753
27 66 4044 2017-12-15T00:10:36.753
3761 8 4057 2017-12-19T13:53:58.63
3761 148 4057 2017-12-19T13:53:58.63
3761 178 4057 2017-12-19T13:53:58.63
150 8 4058 2017-12-19T14:44:17.343
150 47 4058 2017-12-19T14:44:17.343
150 190 4058 2017-12-19T14:44:17.343
27 157 4063 2017-12-20T20:52:22.823
1868 17 4065 2017-12-21T12:09:07.953
1868 12 4065 2017-12-21T12:09:07.953
1868 38 4065 2017-12-21T12:09:07.953
1868 47 4065 2017-12-21T12:09:07.953
204 96 4068 2017-12-21T16:46:18.86
204 60 4068 2017-12-21T16:46:18.86
3778 25 4071 2017-12-21T19:31:34.98
3778 186 4071 2017-12-21T19:31:34.98
27 17 4082 2017-12-22T18:12:52.797
27 5 4082 2017-12-22T18:12:52.797
27 102 4082 2017-12-22T18:12:52.797
27 191 4082 2017-12-22T18:12:52.797
204 12 4087 2017-12-23T12:49:13.863
204 192 4087 2017-12-23T12:49:13.863
204 12 4092 2017-12-24T13:50:36.14
204 191 4092 2017-12-24T13:50:36.14
3809 56 4099 2017-12-27T00:40:56.753
3809 153 4099 2017-12-27T00:40:56.753
204 115 4104 2017-12-28T12:15:34.727
1873 17 4113 2017-12-30T17:54:05.75
1873 1 4113 2017-12-30T17:54:05.75
1873 45 4113 2017-12-30T17:54:05.75
1873 47 4113 2017-12-30T17:54:05.75
1873 82 4122 2018-01-04T16:36:25.293
1873 85 4122 2018-01-04T16:36:25.293
27 134 4126 2018-01-04T20:04:47.567
1568 8 4129 2018-01-06T15:41:56.653
3851 28 4130 2018-01-06T17:15:20.477
3851 76 4130 2018-01-06T17:15:20.477
3851 158 4130 2018-01-06T17:15:20.477
3851 184 4130 2018-01-06T17:15:20.477
76 1 4140 2018-01-09T20:29:02.807
76 45 4140 2018-01-09T20:29:02.807
76 7 4140 2018-01-09T20:29:02.807
27 8 4143 2018-01-09T21:39:43.517
27 15 4143 2018-01-09T21:39:43.517
27 8 4157 2018-01-10T23:39:42.923
3897 41 4159 2018-01-11T01:49:14.4
1873 28 4177 2018-01-13T17:00:50.487
1873 1 4177 2018-01-13T17:00:50.487
1873 51 4177 2018-01-13T17:00:50.487
1873 193 4177 2018-01-13T17:00:50.487
150 67 4182 2018-01-17T07:32:12.333
150 53 4182 2018-01-17T07:32:12.333
150 34 4182 2018-01-17T07:32:12.333
3982 51 4183 2018-01-17T12:53:48.22
3982 54 4183 2018-01-17T12:53:48.22
3990 67 4185 2018-01-17T17:18:42.993
3990 36 4185 2018-01-17T17:18:42.993
4002 67 4193 2018-01-19T19:54:49.513
4002 40 4193 2018-01-19T19:54:49.513
4002 194 4193 2018-01-19T19:54:49.513
1873 85 4195 2018-01-21T16:09:55.437
1873 151 4195 2018-01-21T16:09:55.437
1873 97 4195 2018-01-21T16:09:55.437
1873 157 4195 2018-01-21T16:09:55.437
4017 8 4197 2018-01-21T16:55:23.953
4017 135 4197 2018-01-21T16:55:23.953
4017 54 4197 2018-01-21T16:55:23.953
3896 19 4211 2018-01-22T04:21:38.893
732 8 4232 2018-01-23T08:32:09.413
732 27 4232 2018-01-23T08:32:09.413
732 87 4232 2018-01-23T08:32:09.413
313 121 4239 2018-01-23T22:11:26.7
204 101 4241 2018-01-24T10:41:23.88
204 83 4241 2018-01-24T10:41:23.88
4137 76 4249 2018-01-24T13:54:18.19
4137 184 4249 2018-01-24T13:54:18.19
1293 96 4252 2018-01-24T21:21:36.777
1293 76 4252 2018-01-24T21:21:36.777
1293 195 4252 2018-01-24T21:21:36.777
3842 8 4263 2018-01-28T00:51:35.847
3842 67 4263 2018-01-28T00:51:35.847
204 191 4269 2018-01-29T10:39:38.017
1144 116 4282 2018-01-30T11:47:38.91
1144 115 4282 2018-01-30T11:47:38.91
27 5 4288 2018-01-30T19:36:20.023
27 114 4288 2018-01-30T19:36:20.023
27 67 4298 2018-02-04T01:50:15.79
27 45 4298 2018-02-04T01:50:15.79
27 188 4298 2018-02-04T01:50:15.79
150 28 4302 2018-02-07T07:32:53.8
150 5 4302 2018-02-07T07:32:53.8
150 74 4302 2018-02-07T07:32:53.8
204 28 4304 2018-02-07T09:53:45.483
3840 17 4317 2018-02-08T16:50:10.747
3840 1 4317 2018-02-08T16:50:10.747
3840 5 4317 2018-02-08T16:50:10.747
4284 28 4319 2018-02-08T18:49:51.86
3524 140 4324 2018-02-11T16:19:18.36
27 8 4329 2018-02-12T20:14:43.797
27 5 4329 2018-02-12T20:14:43.797
4299 19 4332 2018-02-13T03:27:43.147
150 136 4334 2018-02-13T16:57:38.52
150 196 4334 2018-02-13T16:57:38.52
150 197 4334 2018-02-13T16:57:38.52
3524 8 4346 2018-02-18T16:01:46.387
3524 22 4346 2018-02-18T16:01:46.387
3524 140 4346 2018-02-18T16:01:46.387
765 27 4353 2018-02-21T16:20:50.273
765 29 4353 2018-02-21T16:20:50.273
765 198 4353 2018-02-21T16:20:50.273
4333 28 4364 2018-02-23T16:32:41.03
58 67 4369 2018-02-24T06:07:30.95
58 98 4369 2018-02-24T06:07:30.95
58 43 4369 2018-02-24T06:07:30.95
58 135 4369 2018-02-24T06:07:30.95
58 46 4369 2018-02-24T06:07:30.95
150 53 4374 2018-02-25T20:32:44.147
150 46 4374 2018-02-25T20:32:44.147
150 196 4374 2018-02-25T20:32:44.147
1293 12 4379 2018-02-26T17:27:18.407
1873 84 4389 2018-02-28T11:04:15.293
1873 167 4389 2018-02-28T11:04:15.293
1873 157 4389 2018-02-28T11:04:15.293
541 145 4401 2018-03-04T19:51:01.87
4338 12 4410 2018-03-05T22:02:44.847
4407 96 4416 2018-03-07T02:11:52.86
4407 194 4416 2018-03-07T02:11:52.86
4407 199 4416 2018-03-07T02:11:52.86
58 12 4417 2018-03-07T02:57:10.53
58 20 4417 2018-03-07T02:57:10.53
58 23 4417 2018-03-07T02:57:10.53
58 62 4417 2018-03-07T02:57:10.53
4340 119 4425 2018-03-09T15:17:03.777
77 12 4427 2018-03-09T18:09:57.72
77 67 4427 2018-03-09T18:09:57.72
4507 184 4448 2018-03-11T00:45:39.307
4507 185 4448 2018-03-11T00:45:39.307
815 1 4461 2018-03-13T19:10:19.17
4622 17 4462 2018-03-13T19:20:58.823
4338 12 4464 2018-03-13T19:33:00.213
4338 67 4464 2018-03-13T19:33:00.213
4338 53 4464 2018-03-13T19:33:00.213
4338 82 4464 2018-03-13T19:33:00.213
76 8 4477 2018-03-14T22:21:01.34
76 1 4477 2018-03-14T22:21:01.34
76 7 4477 2018-03-14T22:21:01.34
4338 129 4483 2018-03-15T13:40:49.947
4338 172 4483 2018-03-15T13:40:49.947
1873 5 4494 2018-03-16T11:54:32.417
1873 85 4494 2018-03-16T11:54:32.417
1873 97 4494 2018-03-16T11:54:32.417
1873 193 4494 2018-03-16T11:54:32.417
2877 184 4498 2018-03-16T15:13:15.593
2877 158 4498 2018-03-16T15:13:15.593
2877 143 4498 2018-03-16T15:13:15.593
4689 17 4503 2018-03-16T18:39:27.103
4689 85 4503 2018-03-16T18:39:27.103
1293 12 4513 2018-03-19T11:59:34.763
1293 2 4513 2018-03-19T11:59:34.763
4689 12 4515 2018-03-19T12:56:53.08
4689 16 4515 2018-03-19T12:56:53.08
4721 6 4519 2018-03-19T18:31:26.43
4721 169 4519 2018-03-19T18:31:26.43
4721 176 4519 2018-03-19T18:31:26.43
4338 12 4528 2018-03-20T12:02:12.53
4338 67 4528 2018-03-20T12:02:12.53
4338 45 4528 2018-03-20T12:02:12.53
4338 129 4528 2018-03-20T12:02:12.53
4338 33 4528 2018-03-20T12:02:12.53
4743 2 4541 2018-03-21T18:47:09.833
4760 156 4549 2018-03-23T13:47:04.553
4338 17 4554 2018-03-26T12:07:46.043
4338 8 4554 2018-03-26T12:07:46.043
4338 67 4554 2018-03-26T12:07:46.043
4790 157 4564 2018-03-27T16:48:21.467
4818 17 4569 2018-04-01T11:13:00.07
4818 76 4569 2018-04-01T11:13:00.07
4818 51 4569 2018-04-01T11:13:00.07
30 2 4585 2018-04-06T15:59:52.747
30 53 4585 2018-04-06T15:59:52.747
154 53 4589 2018-04-08T14:41:46.427
154 35 4589 2018-04-08T14:41:46.427
154 186 4589 2018-04-08T14:41:46.427
1293 12 4594 2018-04-09T12:17:32.44
1293 1 4594 2018-04-09T12:17:32.44
4338 17 4605 2018-04-10T14:47:57.317
4338 28 4605 2018-04-10T14:47:57.317
4886 6 4613 2018-04-11T05:18:35.01
4898 67 4616 2018-04-12T01:15:56.92
27 44 4626 2018-04-16T17:06:56.417
4251 8 4631 2018-04-16T18:39:32.733
4251 27 4631 2018-04-16T18:39:32.733
76 2 4636 2018-04-17T22:31:25.003
76 44 4636 2018-04-17T22:31:25.003
76 6 4640 2018-04-18T15:23:55.607
76 7 4640 2018-04-18T15:23:55.607
4929 123 4643 2018-04-19T09:21:11.91
830 67 4655 2018-04-26T11:08:18.75
830 151 4655 2018-04-26T11:08:18.75
830 200 4655 2018-04-26T11:08:18.75
4338 87 4658 2018-04-26T11:46:37.21
76 7 4667 2018-04-27T16:54:57.567
76 98 4667 2018-04-27T16:54:57.567
2537 17 4670 2018-04-28T12:53:52.68
2537 12 4670 2018-04-28T12:53:52.68
4338 136 4677 2018-04-30T12:25:02.21
4985 8 4689 2018-05-01T15:08:26.71
4985 5 4689 2018-05-01T15:08:26.71
4985 41 4689 2018-05-01T15:08:26.71
5012 17 4700 2018-05-02T16:53:54.713
150 17 4712 2018-05-06T10:53:05.127
150 191 4712 2018-05-06T10:53:05.127
4689 194 4714 2018-05-07T21:22:11.623
283 12 4717 2018-05-07T22:38:02.957
5065 51 4727 2018-05-08T13:10:46.35
813 76 4734 2018-05-09T04:08:11.71
813 45 4734 2018-05-09T04:08:11.71
813 53 4734 2018-05-09T04:08:11.71
813 157 4734 2018-05-09T04:08:11.71
813 115 4734 2018-05-09T04:08:11.71
5065 27 4740 2018-05-09T13:43:04.58
283 12 4747 2018-05-09T19:00:28.82
1144 201 4750 2018-05-09T21:38:24.15
5155 8 4757 2018-05-12T13:14:43.303
5155 134 4757 2018-05-12T13:14:43.303
5161 17 4759 2018-05-12T23:23:08.347
5161 45 4759 2018-05-12T23:23:08.347
5161 50 4759 2018-05-12T23:23:08.347
204 12 4762 2018-05-14T11:54:14.36
204 22 4762 2018-05-14T11:54:14.36
27 50 4767 2018-05-14T20:45:41.287
50 44 4769 2018-05-14T23:41:15.597
5202 67 4772 2018-05-16T02:10:13.56
5202 96 4772 2018-05-16T02:10:13.56
5202 118 4772 2018-05-16T02:10:13.56
4022 28 4781 2018-05-17T14:19:22.603
5272 158 4816 2018-05-21T16:47:16.023
5272 196 4816 2018-05-21T16:47:16.023
1293 28 4821 2018-05-22T13:36:39.153
1293 201 4821 2018-05-22T13:36:39.153
5291 8 4824 2018-05-22T17:14:19.207
58 194 4832 2018-05-24T15:37:13.263
5308 76 4836 2018-05-25T10:01:17.25
5308 129 4836 2018-05-25T10:01:17.25
3778 46 4847 2018-05-29T20:55:18.04
3778 166 4847 2018-05-29T20:55:18.04
5318 12 4849 2018-05-29T23:38:29.913
5318 28 4849 2018-05-29T23:38:29.913
5318 16 4849 2018-05-29T23:38:29.913
5326 72 4855 2018-05-31T05:11:31.533
5326 65 4855 2018-05-31T05:11:31.533
5335 45 4858 2018-06-01T22:29:00.733
5335 27 4858 2018-06-01T22:29:00.733
5335 97 4858 2018-06-01T22:29:00.733
5342 28 4864 2018-06-04T13:58:44.023
5342 151 4864 2018-06-04T13:58:44.023
5344 96 4867 2018-06-04T22:39:21.773
5344 76 4867 2018-06-04T22:39:21.773
5344 145 4867 2018-06-04T22:39:21.773
5351 96 4870 2018-06-08T10:03:22.58
5351 145 4870 2018-06-08T10:03:22.58
5351 129 4870 2018-06-08T10:03:22.58
1293 28 4875 2018-06-11T12:02:23.543
5349 8 4883 2018-06-13T14:35:55.827
5349 27 4883 2018-06-13T14:35:55.827
5349 9 4883 2018-06-13T14:35:55.827
5349 87 4883 2018-06-13T14:35:55.827
5349 35 4883 2018-06-13T14:35:55.827
204 96 4887 2018-06-16T10:17:16.32
204 202 4887 2018-06-16T10:17:16.32
5378 12 4891 2018-06-18T12:27:10.413
5399 151 4904 2018-06-20T05:27:00.693
5399 157 4904 2018-06-20T05:27:00.693
58 82 4916 2018-06-26T02:02:06.71
58 203 4916 2018-06-26T02:02:06.71
5478 20 4922 2018-07-04T09:30:35.487
3990 20 4929 2018-07-08T17:36:05.43
3990 60 4929 2018-07-08T17:36:05.43
3990 204 4929 2018-07-08T17:36:05.43
5491 12 4932 2018-07-10T03:38:29.237
5491 53 4932 2018-07-10T03:38:29.237
5 54 4944 2018-07-31T06:46:04.057
613 45 4947 2018-07-31T23:13:30.36
5576 76 4968 2018-08-10T07:00:12.493
5586 20 4974 2018-08-13T13:40:52.193
5586 71 4974 2018-08-13T13:40:52.193
5586 61 4974 2018-08-13T13:40:52.193
5589 98 4976 2018-08-14T16:02:00.6
5592 76 4981 2018-08-15T14:52:13.417
5592 204 4981 2018-08-15T14:52:13.417
5596 76 4985 2018-08-16T08:41:11.88
5603 76 4991 2018-08-17T22:22:36.93
613 84 4998 2018-08-20T12:20:47.647
3252 67 5001 2018-08-20T23:14:28.977
3252 76 5001 2018-08-20T23:14:28.977
3252 26 5001 2018-08-20T23:14:28.977
5146 78 5003 2018-08-21T21:44:44.447
5636 119 5009 2018-08-27T13:41:46.66
5636 161 5009 2018-08-27T13:41:46.66
5651 8 5012 2018-08-29T23:11:38.427
5651 113 5012 2018-08-29T23:11:38.427
4689 17 5017 2018-08-31T14:17:10.4
5659 28 5019 2018-09-01T11:39:36.987
5659 76 5019 2018-09-01T11:39:36.987
5659 45 5019 2018-09-01T11:39:36.987
