13 1 1 2018-05-08T16:12:35.153
13 2 1 2018-05-08T16:12:35.153
13 3 1 2018-05-08T16:12:35.153
13 4 1 2018-05-08T16:12:35.153
13 5 1 2018-05-08T16:12:35.153
22 6 2 2018-05-08T16:16:22.287
2 7 3 2018-05-08T16:17:06.55
24 8 4 2018-05-08T16:18:17.153
24 2 4 2018-05-08T16:18:17.153
24 1 4 2018-05-08T16:18:17.153
21 9 5 2018-05-08T16:24:06.367
15 10 6 2018-05-08T16:31:22.16
15 11 6 2018-05-08T16:31:22.16
15 12 6 2018-05-08T16:31:22.16
27 13 7 2018-05-08T16:36:03.343
27 10 7 2018-05-08T16:36:03.343
27 14 7 2018-05-08T16:36:03.343
27 15 7 2018-05-08T16:36:03.343
27 16 7 2018-05-08T16:36:03.343
61 17 10 2018-05-08T16:48:16.003
61 18 10 2018-05-08T16:48:16.003
61 17 12 2018-05-08T16:49:38.6
61 18 12 2018-05-08T16:49:38.6
61 19 13 2018-05-08T16:50:38.603
61 20 13 2018-05-08T16:50:38.603
61 21 14 2018-05-08T16:52:03.613
61 22 14 2018-05-08T16:52:03.613
61 23 14 2018-05-08T16:52:03.613
61 13 15 2018-05-08T16:54:07.9
61 8 15 2018-05-08T16:54:07.9
61 24 15 2018-05-08T16:54:07.9
61 25 15 2018-05-08T16:54:07.9
57 26 16 2018-05-08T16:56:48.47
54 7 18 2018-05-08T16:57:04.463
54 1 18 2018-05-08T16:57:04.463
61 27 19 2018-05-08T16:59:21.807
54 1 20 2018-05-08T17:00:23.523
54 15 20 2018-05-08T17:00:23.523
74 28 24 2018-05-08T17:17:39.677
74 29 24 2018-05-08T17:17:39.677
8 30 25 2018-05-08T17:20:16.2
8 31 25 2018-05-08T17:20:16.2
41 32 27 2018-05-08T17:26:05.587
61 1 28 2018-05-08T17:26:23.88
61 18 28 2018-05-08T17:26:23.88
61 33 30 2018-05-08T17:34:00.423
61 34 30 2018-05-08T17:34:00.423
61 35 30 2018-05-08T17:34:00.423
61 36 30 2018-05-08T17:34:00.423
54 1 31 2018-05-08T17:35:22.91
54 10 31 2018-05-08T17:35:22.91
54 15 31 2018-05-08T17:35:22.91
41 37 33 2018-05-08T17:38:16.96
41 38 33 2018-05-08T17:38:16.96
41 39 33 2018-05-08T17:38:16.96
96 40 36 2018-05-08T17:54:44.117
96 41 36 2018-05-08T17:54:44.117
94 42 37 2018-05-08T18:00:07.49
94 43 37 2018-05-08T18:00:07.49
94 44 37 2018-05-08T18:00:07.49
94 45 37 2018-05-08T18:00:07.49
102 28 39 2018-05-08T18:06:16.603
100 9 40 2018-05-08T18:12:12.27
8 46 41 2018-05-08T18:15:23.483
30 1 42 2018-05-08T18:34:58.12
30 31 42 2018-05-08T18:34:58.12
30 47 42 2018-05-08T18:34:58.12
30 48 42 2018-05-08T18:34:58.12
39 2 43 2018-05-08T18:50:35.233
39 49 43 2018-05-08T18:50:35.233
39 50 45 2018-05-08T18:57:33.607
8 51 47 2018-05-08T19:06:12.13
91 17 54 2018-05-08T19:44:24.73
91 35 54 2018-05-08T19:44:24.73
91 52 54 2018-05-08T19:44:24.73
167 49 59 2018-05-08T21:03:57.56
167 37 59 2018-05-08T21:03:57.56
41 7 64 2018-05-08T21:42:03.66
41 3 64 2018-05-08T21:42:03.66
96 41 65 2018-05-08T22:06:52.567
96 26 65 2018-05-08T22:06:52.567
96 53 65 2018-05-08T22:06:52.567
96 54 65 2018-05-08T22:06:52.567
96 55 65 2018-05-08T22:06:52.567
178 17 66 2018-05-08T22:09:34.007
155 37 72 2018-05-08T23:30:23.213
155 56 72 2018-05-08T23:30:23.213
155 57 72 2018-05-08T23:30:23.213
155 58 72 2018-05-08T23:30:23.213
61 17 78 2018-05-09T01:34:33.543
61 18 78 2018-05-09T01:34:33.543
203 17 79 2018-05-09T02:14:58.13
203 59 79 2018-05-09T02:14:58.13
91 17 84 2018-05-09T03:27:45.067
91 60 84 2018-05-09T03:27:45.067
233 61 85 2018-05-09T03:32:20.187
233 62 85 2018-05-09T03:32:20.187
233 63 85 2018-05-09T03:32:20.187
233 64 85 2018-05-09T03:32:20.187
202 13 86 2018-05-09T03:38:13.453
202 65 86 2018-05-09T03:38:13.453
226 66 87 2018-05-09T04:03:40.28
226 67 87 2018-05-09T04:03:40.28
226 68 87 2018-05-09T04:03:40.28
226 69 87 2018-05-09T04:03:40.28
226 70 87 2018-05-09T04:03:40.28
226 61 88 2018-05-09T04:18:26.217
226 71 89 2018-05-09T04:25:43.207
240 58 90 2018-05-09T04:28:43.087
226 66 93 2018-05-09T05:37:18.68
275 17 99 2018-05-09T09:09:20.613
275 18 99 2018-05-09T09:09:20.613
275 72 99 2018-05-09T09:09:20.613
286 35 101 2018-05-09T10:10:59.773
310 26 102 2018-05-09T10:36:56.743
310 51 102 2018-05-09T10:36:56.743
61 37 104 2018-05-09T11:07:26.207
61 73 105 2018-05-09T11:16:05.893
61 74 105 2018-05-09T11:16:05.893
61 66 107 2018-05-09T11:27:12.623
61 57 107 2018-05-09T11:27:12.623
61 73 111 2018-05-09T11:44:18.173
61 75 111 2018-05-09T11:44:18.173
61 37 116 2018-05-09T12:36:41.75
310 51 118 2018-05-09T13:03:30.187
375 61 122 2018-05-09T14:06:53.297
375 28 122 2018-05-09T14:06:53.297
191 37 125 2018-05-09T14:19:02.323
191 21 125 2018-05-09T14:19:02.323
191 76 125 2018-05-09T14:19:02.323
54 1 128 2018-05-09T14:37:14.213
54 51 128 2018-05-09T14:37:14.213
54 14 128 2018-05-09T14:37:14.213
392 2 131 2018-05-09T15:10:33.313
392 77 131 2018-05-09T15:10:33.313
273 37 133 2018-05-09T15:20:23.65
273 43 133 2018-05-09T15:20:23.65
273 78 133 2018-05-09T15:20:23.65
403 60 136 2018-05-09T16:32:57.357
403 39 136 2018-05-09T16:32:57.357
41 7 138 2018-05-09T16:57:30.587
41 79 138 2018-05-09T16:57:30.587
41 80 138 2018-05-09T16:57:30.587
442 1 143 2018-05-09T19:57:36.297
442 49 143 2018-05-09T19:57:36.297
442 2 143 2018-05-09T19:57:36.297
442 81 143 2018-05-09T19:57:36.297
8 26 146 2018-05-09T20:39:41.58
8 38 146 2018-05-09T20:39:41.58
61 37 148 2018-05-09T20:58:07.103
61 28 148 2018-05-09T20:58:07.103
231 51 151 2018-05-09T21:11:30.45
231 24 151 2018-05-09T21:11:30.45
8 1 153 2018-05-09T21:23:37.757
8 41 153 2018-05-09T21:23:37.757
475 26 164 2018-05-10T00:31:02.053
475 55 164 2018-05-10T00:31:02.053
461 82 165 2018-05-10T01:08:11.53
461 83 167 2018-05-10T01:12:59.553
226 49 176 2018-05-10T02:38:55.31
226 84 176 2018-05-10T02:38:55.31
226 85 176 2018-05-10T02:38:55.31
226 49 177 2018-05-10T02:47:43.633
226 85 177 2018-05-10T02:47:43.633
226 49 178 2018-05-10T03:02:00.637
226 86 178 2018-05-10T03:02:00.637
514 87 179 2018-05-10T07:11:29.807
514 88 179 2018-05-10T07:11:29.807
514 89 179 2018-05-10T07:11:29.807
514 90 179 2018-05-10T07:11:29.807
514 91 179 2018-05-10T07:11:29.807
202 13 180 2018-05-10T07:41:09.023
478 92 185 2018-05-10T10:50:42.093
475 93 186 2018-05-10T10:56:13.123
54 1 188 2018-05-10T11:25:45.27
54 10 188 2018-05-10T11:25:45.27
54 15 188 2018-05-10T11:25:45.27
216 7 191 2018-05-10T12:50:50.083
216 32 191 2018-05-10T12:50:50.083
216 94 191 2018-05-10T12:50:50.083
226 79 194 2018-05-10T13:05:47.93
226 80 194 2018-05-10T13:05:47.93
4 17 196 2018-05-10T13:16:02.047
4 49 196 2018-05-10T13:16:02.047
4 28 196 2018-05-10T13:16:02.047
4 73 196 2018-05-10T13:16:02.047
216 13 198 2018-05-10T13:23:13.163
216 95 198 2018-05-10T13:23:13.163
216 96 198 2018-05-10T13:23:13.163
549 17 200 2018-05-10T13:39:46.457
549 73 200 2018-05-10T13:39:46.457
8 47 206 2018-05-10T17:49:57.117
216 7 207 2018-05-10T18:45:14.913
216 97 207 2018-05-10T18:45:14.913
248 20 212 2018-05-11T02:58:44.377
248 87 212 2018-05-11T02:58:44.377
248 98 212 2018-05-11T02:58:44.377
600 1 213 2018-05-11T04:16:01.683
600 99 213 2018-05-11T04:16:01.683
611 100 214 2018-05-11T06:11:11.99
600 1 216 2018-05-11T07:02:46.937
600 99 216 2018-05-11T07:02:46.937
27 13 219 2018-05-11T08:12:04.787
27 101 219 2018-05-11T08:12:04.787
27 102 219 2018-05-11T08:12:04.787
27 103 219 2018-05-11T08:12:04.787
623 104 220 2018-05-11T08:55:19.71
623 105 220 2018-05-11T08:55:19.71
623 106 220 2018-05-11T08:55:19.71
588 13 221 2018-05-11T09:18:39.97
588 7 221 2018-05-11T09:18:39.97
588 24 221 2018-05-11T09:18:39.97
54 1 233 2018-05-11T15:39:06.787
54 15 233 2018-05-11T15:39:06.787
54 107 233 2018-05-11T15:39:06.787
54 108 233 2018-05-11T15:39:06.787
647 17 234 2018-05-11T15:46:26.763
647 59 234 2018-05-11T15:46:26.763
478 109 235 2018-05-11T17:50:16.397
360 37 238 2018-05-11T22:27:25.033
360 87 238 2018-05-11T22:27:25.033
360 37 239 2018-05-11T23:09:21.88
360 58 239 2018-05-11T23:09:21.88
360 20 239 2018-05-11T23:09:21.88
360 43 239 2018-05-11T23:09:21.88
273 78 240 2018-05-11T23:36:43.263
226 49 242 2018-05-12T01:33:14.427
226 110 242 2018-05-12T01:33:14.427
160 49 243 2018-05-12T03:18:13.65
695 111 246 2018-05-12T07:13:31.983
478 44 248 2018-05-12T11:27:29.907
478 28 249 2018-05-12T11:34:50.627
54 1 250 2018-05-12T12:11:49.197
54 15 250 2018-05-12T12:11:49.197
54 108 250 2018-05-12T12:11:49.197
226 49 251 2018-05-12T12:56:28.747
226 73 251 2018-05-12T12:56:28.747
226 74 251 2018-05-12T12:56:28.747
226 112 251 2018-05-12T12:56:28.747
226 113 251 2018-05-12T12:56:28.747
27 114 254 2018-05-12T17:27:53.26
27 115 254 2018-05-12T17:27:53.26
27 116 254 2018-05-12T17:27:53.26
226 49 259 2018-05-13T06:13:58.423
188 117 262 2018-05-13T09:52:18.427
188 118 262 2018-05-13T09:52:18.427
363 1 263 2018-05-13T12:33:52.557
363 49 263 2018-05-13T12:33:52.557
363 119 263 2018-05-13T12:33:52.557
363 120 263 2018-05-13T12:33:52.557
255 24 266 2018-05-13T16:01:28.12
255 60 266 2018-05-13T16:01:28.12
41 2 268 2018-05-13T23:59:58.223
41 29 268 2018-05-13T23:59:58.223
41 121 268 2018-05-13T23:59:58.223
202 13 270 2018-05-14T06:16:30.78
806 7 271 2018-05-14T06:27:37.3
806 122 271 2018-05-14T06:27:37.3
816 1 272 2018-05-14T07:10:24.807
427 83 274 2018-05-14T12:47:06.68
427 114 274 2018-05-14T12:47:06.68
105 1 275 2018-05-14T16:42:06.037
105 81 275 2018-05-14T16:42:06.037
105 106 275 2018-05-14T16:42:06.037
105 109 275 2018-05-14T16:42:06.037
105 123 275 2018-05-14T16:42:06.037
573 13 276 2018-05-14T17:07:41.737
573 14 276 2018-05-14T17:07:41.737
573 106 276 2018-05-14T17:07:41.737
573 124 276 2018-05-14T17:07:41.737
573 125 276 2018-05-14T17:07:41.737
133 11 279 2018-05-14T18:08:13.547
167 17 283 2018-05-14T19:32:06.723
167 18 283 2018-05-14T19:32:06.723
167 126 283 2018-05-14T19:32:06.723
167 127 283 2018-05-14T19:32:06.723
231 37 285 2018-05-14T20:47:41.347
231 14 285 2018-05-14T20:47:41.347
478 14 286 2018-05-14T21:28:38.183
231 51 288 2018-05-14T21:51:01.647
231 38 288 2018-05-14T21:51:01.647
231 124 288 2018-05-14T21:51:01.647
231 51 289 2018-05-14T21:59:17.92
231 128 289 2018-05-14T21:59:17.92
231 51 290 2018-05-14T22:06:45.2
231 129 290 2018-05-14T22:06:45.2
231 130 290 2018-05-14T22:06:45.2
432 131 293 2018-05-14T23:18:27.577
432 13 294 2018-05-14T23:24:55.65
432 46 294 2018-05-14T23:24:55.65
432 132 294 2018-05-14T23:24:55.65
432 13 295 2018-05-14T23:28:46.313
432 81 295 2018-05-14T23:28:46.313
432 133 295 2018-05-14T23:28:46.313
816 13 298 2018-05-15T01:54:30.937
816 133 298 2018-05-15T01:54:30.937
54 1 299 2018-05-15T02:17:28.857
54 15 299 2018-05-15T02:17:28.857
54 108 299 2018-05-15T02:17:28.857
226 37 301 2018-05-15T02:37:01.503
226 19 301 2018-05-15T02:37:01.503
13 13 306 2018-05-15T05:52:54.58
13 2 306 2018-05-15T05:52:54.58
13 73 306 2018-05-15T05:52:54.58
555 17 307 2018-05-15T08:58:03.313
555 122 307 2018-05-15T08:58:03.313
478 14 310 2018-05-15T12:44:25.24
431 61 317 2018-05-15T20:49:59.103
431 34 317 2018-05-15T20:49:59.103
431 134 317 2018-05-15T20:49:59.103
231 1 318 2018-05-15T21:02:11.313
231 51 318 2018-05-15T21:02:11.313
231 14 318 2018-05-15T21:02:11.313
573 29 321 2018-05-16T00:37:39.723
573 135 321 2018-05-16T00:37:39.723
573 136 321 2018-05-16T00:37:39.723
202 13 322 2018-05-16T01:13:09.45
202 61 322 2018-05-16T01:13:09.45
191 137 323 2018-05-16T01:40:58.99
202 121 324 2018-05-16T02:06:14.723
906 121 331 2018-05-16T06:16:55.61
494 14 332 2018-05-16T09:51:51.777
274 17 333 2018-05-16T10:04:03.277
274 138 333 2018-05-16T10:04:03.277
274 139 333 2018-05-16T10:04:03.277
920 17 334 2018-05-16T14:01:20.13
920 140 334 2018-05-16T14:01:20.13
573 13 339 2018-05-16T23:39:38.777
573 14 339 2018-05-16T23:39:38.777
573 141 339 2018-05-16T23:39:38.777
310 51 340 2018-05-16T23:56:36.5
96 83 341 2018-05-16T23:59:31.467
96 88 341 2018-05-16T23:59:31.467
96 142 341 2018-05-16T23:59:31.467
96 143 341 2018-05-16T23:59:31.467
96 144 341 2018-05-16T23:59:31.467
248 37 344 2018-05-17T03:13:51.793
248 87 344 2018-05-17T03:13:51.793
248 20 344 2018-05-17T03:13:51.793
938 37 345 2018-05-17T03:19:40.777
938 121 345 2018-05-17T03:19:40.777
938 111 345 2018-05-17T03:19:40.777
600 1 347 2018-05-17T04:10:50.49
600 145 347 2018-05-17T04:10:50.49
226 49 350 2018-05-17T06:23:15.313
226 146 350 2018-05-17T06:23:15.313
226 147 350 2018-05-17T06:23:15.313
226 148 350 2018-05-17T06:23:15.313
954 149 351 2018-05-17T09:30:57.047
475 14 353 2018-05-17T10:54:19.95
50 30 355 2018-05-17T15:42:49.93
50 145 355 2018-05-17T15:42:49.93
50 150 355 2018-05-17T15:42:49.93
50 151 355 2018-05-17T15:42:49.93
50 152 355 2018-05-17T15:42:49.93
432 107 356 2018-05-17T20:44:36.783
432 20 357 2018-05-17T20:47:13.317
432 107 357 2018-05-17T20:47:13.317
975 1 358 2018-05-17T21:18:00.073
975 92 358 2018-05-17T21:18:00.073
231 1 360 2018-05-18T00:24:17.873
231 51 360 2018-05-18T00:24:17.873
231 153 360 2018-05-18T00:24:17.873
231 154 360 2018-05-18T00:24:17.873
215 1 362 2018-05-18T02:26:05.86
215 14 362 2018-05-18T02:26:05.86
215 155 362 2018-05-18T02:26:05.86
231 1 364 2018-05-18T03:49:12.783
231 154 364 2018-05-18T03:49:12.783
231 1 365 2018-05-18T03:55:20.753
231 153 365 2018-05-18T03:55:20.753
231 1 366 2018-05-18T04:03:44.723
231 153 366 2018-05-18T04:03:44.723
755 78 367 2018-05-18T04:16:16.017
755 156 367 2018-05-18T04:16:16.017
913 157 371 2018-05-18T06:05:38.09
612 17 373 2018-05-18T06:54:08.85
612 49 373 2018-05-18T06:54:08.85
231 7 374 2018-05-18T07:09:33.627
231 66 374 2018-05-18T07:09:33.627
231 158 374 2018-05-18T07:09:33.627
231 159 374 2018-05-18T07:09:33.627
816 1 375 2018-05-18T07:56:54.16
816 1 376 2018-05-18T08:02:46.353
202 47 377 2018-05-18T09:36:39.28
193 21 382 2018-05-18T22:46:19.68
975 1 383 2018-05-19T11:14:43.027
975 92 383 2018-05-19T11:14:43.027
975 137 383 2018-05-19T11:14:43.027
432 107 385 2018-05-19T15:10:42.83
432 20 387 2018-05-19T22:24:09.477
432 107 387 2018-05-19T22:24:09.477
432 34 387 2018-05-19T22:24:09.477
226 66 388 2018-05-20T01:52:48.173
755 37 390 2018-05-20T05:05:52.503
755 121 390 2018-05-20T05:05:52.503
755 160 390 2018-05-20T05:05:52.503
199 121 391 2018-05-20T05:57:21.593
199 78 391 2018-05-20T05:57:21.593
199 156 391 2018-05-20T05:57:21.593
202 51 395 2018-05-20T14:57:16.003
898 161 397 2018-05-20T18:00:11.993
854 122 400 2018-05-21T06:54:22.96
854 162 400 2018-05-21T06:54:22.96
854 163 400 2018-05-21T06:54:22.96
975 1 401 2018-05-21T07:39:04.807
975 92 401 2018-05-21T07:39:04.807
975 164 401 2018-05-21T07:39:04.807
177 13 403 2018-05-21T18:53:05.733
960 106 404 2018-05-21T21:59:04.297
960 157 404 2018-05-21T21:59:04.297
431 61 408 2018-05-22T02:07:17.15
431 34 408 2018-05-22T02:07:17.15
431 134 408 2018-05-22T02:07:17.15
215 13 409 2018-05-22T04:34:10.407
215 51 409 2018-05-22T04:34:10.407
215 14 409 2018-05-22T04:34:10.407
215 18 409 2018-05-22T04:34:10.407
215 165 409 2018-05-22T04:34:10.407
1099 43 410 2018-05-22T05:17:05.767
651 166 411 2018-05-22T05:25:52.233
651 167 411 2018-05-22T05:25:52.233
651 168 411 2018-05-22T05:25:52.233
651 169 411 2018-05-22T05:25:52.233
612 29 413 2018-05-22T12:07:13.107
612 164 413 2018-05-22T12:07:13.107
969 37 415 2018-05-22T13:47:48.31
969 78 415 2018-05-22T13:47:48.31
992 10 417 2018-05-22T16:05:37.453
992 170 417 2018-05-22T16:05:37.453
571 11 418 2018-05-22T16:29:10.297
571 30 418 2018-05-22T16:29:10.297
571 171 418 2018-05-22T16:29:10.297
571 172 418 2018-05-22T16:29:10.297
571 173 418 2018-05-22T16:29:10.297
969 37 419 2018-05-22T18:26:56.97
969 35 419 2018-05-22T18:26:56.97
969 120 419 2018-05-22T18:26:56.97
1120 14 421 2018-05-22T22:19:58.743
1120 174 421 2018-05-22T22:19:58.743
1120 175 421 2018-05-22T22:19:58.743
1120 176 421 2018-05-22T22:19:58.743
1119 121 422 2018-05-22T22:47:31.163
249 177 428 2018-05-23T05:48:13.357
249 178 428 2018-05-23T05:48:13.357
1077 179 433 2018-05-23T12:12:13.507
265 2 442 2018-05-24T07:27:21.397
265 87 442 2018-05-24T07:27:21.397
265 88 442 2018-05-24T07:27:21.397
265 98 442 2018-05-24T07:27:21.397
265 2 443 2018-05-24T08:10:28.497
265 87 443 2018-05-24T08:10:28.497
573 14 444 2018-05-24T11:44:40.04
573 137 444 2018-05-24T11:44:40.04
573 180 444 2018-05-24T11:44:40.04
281 27 445 2018-05-24T13:38:34.29
281 129 445 2018-05-24T13:38:34.29
281 128 445 2018-05-24T13:38:34.29
281 181 445 2018-05-24T13:38:34.29
24 66 450 2018-05-24T15:58:06.1
24 182 450 2018-05-24T15:58:06.1
1063 7 454 2018-05-24T18:30:04.63
226 17 456 2018-05-25T02:14:33.693
1195 88 457 2018-05-25T02:56:13.69
1195 183 457 2018-05-25T02:56:13.69
1195 184 457 2018-05-25T02:56:13.69
1195 185 457 2018-05-25T02:56:13.69
1195 186 457 2018-05-25T02:56:13.69
226 49 465 2018-05-25T17:08:58.653
226 146 465 2018-05-25T17:08:58.653
226 187 465 2018-05-25T17:08:58.653
1214 78 467 2018-05-25T18:08:52.13
478 26 468 2018-05-25T18:43:18.363
1120 61 472 2018-05-26T05:09:01.567
1120 66 472 2018-05-26T05:09:01.567
1120 188 472 2018-05-26T05:09:01.567
1120 189 472 2018-05-26T05:09:01.567
363 66 473 2018-05-26T12:18:32.493
299 106 474 2018-05-26T13:32:06.1
299 47 474 2018-05-26T13:32:06.1
299 190 474 2018-05-26T13:32:06.1
23 1 478 2018-05-27T02:44:21.867
23 13 478 2018-05-27T02:44:21.867
23 95 478 2018-05-27T02:44:21.867
23 121 479 2018-05-27T12:17:29.833
23 8 479 2018-05-27T12:17:29.833
992 1 481 2018-05-27T15:53:13.127
992 170 481 2018-05-27T15:53:13.127
612 164 482 2018-05-27T17:30:37.257
273 7 483 2018-05-28T02:19:36.377
273 122 483 2018-05-28T02:19:36.377
273 120 483 2018-05-28T02:19:36.377
1265 51 484 2018-05-28T02:23:08.077
273 17 485 2018-05-28T02:53:08.973
22 1 486 2018-05-28T03:21:05.907
1278 1 489 2018-05-28T09:53:58.413
1278 17 489 2018-05-28T09:53:58.413
1278 7 489 2018-05-28T09:53:58.413
1278 60 489 2018-05-28T09:53:58.413
10 25 490 2018-05-28T14:24:54.9
1291 7 492 2018-05-28T16:58:16.72
1291 191 492 2018-05-28T16:58:16.72
992 1 493 2018-05-28T17:05:31.96
226 71 494 2018-05-28T17:41:30.167
226 84 494 2018-05-28T17:41:30.167
612 192 496 2018-05-28T17:49:00.533
992 1 498 2018-05-28T19:07:56.287
992 17 498 2018-05-28T19:07:56.287
22 1 501 2018-05-28T20:49:33.983
612 40 506 2018-05-28T22:17:51.963
816 1 508 2018-05-29T02:23:51.417
10 83 510 2018-05-29T08:39:10.49
10 193 510 2018-05-29T08:39:10.49
638 1 511 2018-05-29T08:42:55.697
638 49 511 2018-05-29T08:42:55.697
638 14 511 2018-05-29T08:42:55.697
638 10 511 2018-05-29T08:42:55.697
1077 7 512 2018-05-29T13:29:27.783
1077 78 512 2018-05-29T13:29:27.783
299 14 515 2018-05-29T20:40:54.223
299 51 515 2018-05-29T20:40:54.223
299 106 515 2018-05-29T20:40:54.223
274 193 517 2018-05-30T09:33:30.507
274 194 517 2018-05-30T09:33:30.507
274 195 517 2018-05-30T09:33:30.507
274 196 517 2018-05-30T09:33:30.507
1356 1 520 2018-05-30T14:45:17.073
1356 17 520 2018-05-30T14:45:17.073
1348 1 521 2018-05-30T16:15:10.317
1348 197 521 2018-05-30T16:15:10.317
432 198 522 2018-05-30T19:03:00.657
1370 26 525 2018-05-30T20:52:47.623
1370 156 525 2018-05-30T20:52:47.623
1364 1 527 2018-05-30T21:54:39.653
1364 17 527 2018-05-30T21:54:39.653
1364 49 527 2018-05-30T21:54:39.653
1364 29 527 2018-05-30T21:54:39.653
1364 164 527 2018-05-30T21:54:39.653
191 51 532 2018-05-31T01:07:21.963
1195 14 535 2018-05-31T03:41:27.29
1195 15 535 2018-05-31T03:41:27.29
1195 88 535 2018-05-31T03:41:27.29
1195 124 535 2018-05-31T03:41:27.29
1195 98 535 2018-05-31T03:41:27.29
1387 25 537 2018-05-31T07:16:58.017
1077 51 538 2018-05-31T07:37:04.09
1077 140 538 2018-05-31T07:37:04.09
1389 81 539 2018-05-31T07:45:56.447
1393 3 543 2018-05-31T11:28:37.337
854 88 544 2018-05-31T12:43:42.48
274 193 549 2018-05-31T15:08:21.593
274 199 549 2018-05-31T15:08:21.593
274 200 549 2018-05-31T15:08:21.593
432 8 552 2018-05-31T20:41:55.527
432 198 552 2018-05-31T20:41:55.527
1119 13 555 2018-05-31T22:08:39.103
1119 24 555 2018-05-31T22:08:39.103
22 1 557 2018-05-31T23:25:19.923
22 12 557 2018-05-31T23:25:19.923
1285 1 559 2018-06-01T02:07:23.003
226 49 561 2018-06-01T03:01:25.377
226 146 561 2018-06-01T03:01:25.377
226 201 561 2018-06-01T03:01:25.377
202 37 564 2018-06-01T03:42:02.14
638 1 572 2018-06-01T08:39:26.12
638 92 572 2018-06-01T08:39:26.12
1161 87 584 2018-06-01T13:45:24.29
54 1 585 2018-06-01T14:21:31.613
611 121 590 2018-06-02T07:35:51.567
611 111 590 2018-06-02T07:35:51.567
612 1 591 2018-06-02T08:16:12.213
612 13 591 2018-06-02T08:16:12.213
612 51 591 2018-06-02T08:16:12.213
1307 8 593 2018-06-02T09:03:39.463
363 61 594 2018-06-02T10:55:56.94
177 2 595 2018-06-02T11:03:05.043
177 87 595 2018-06-02T11:03:05.043
177 88 595 2018-06-02T11:03:05.043
177 98 595 2018-06-02T11:03:05.043
1077 51 596 2018-06-02T11:08:19.713
1077 140 596 2018-06-02T11:08:19.713
1462 7 598 2018-06-02T13:34:33.547
4 20 600 2018-06-02T14:50:45.637
226 37 602 2018-06-02T15:21:00.483
226 202 602 2018-06-02T15:21:00.483
72 107 603 2018-06-02T15:57:55.823
571 30 606 2018-06-02T16:57:38.213
571 193 606 2018-06-02T16:57:38.213
571 128 606 2018-06-02T16:57:38.213
1454 10 610 2018-06-02T19:22:40.117
360 121 612 2018-06-02T22:53:49.117
360 78 612 2018-06-02T22:53:49.117
360 35 612 2018-06-02T22:53:49.117
360 138 612 2018-06-02T22:53:49.117
442 20 613 2018-06-02T23:18:47.057
442 19 613 2018-06-02T23:18:47.057
1471 121 616 2018-06-03T03:15:56.64
1479 196 618 2018-06-03T17:26:42.28
1479 198 618 2018-06-03T17:26:42.28
612 13 619 2018-06-03T18:08:45.477
851 35 621 2018-06-03T23:23:40.94
1161 155 624 2018-06-04T04:26:13.403
1495 43 627 2018-06-04T16:58:48.577
1495 111 627 2018-06-04T16:58:48.577
1497 17 630 2018-06-04T22:54:00.78
1497 61 630 2018-06-04T22:54:00.78
1497 107 630 2018-06-04T22:54:00.78
1498 121 631 2018-06-05T00:10:14.987
1119 1 633 2018-06-05T01:34:38.657
1119 14 633 2018-06-05T01:34:38.657
1119 11 633 2018-06-05T01:34:38.657
927 78 635 2018-06-05T03:08:28.27
1285 119 638 2018-06-05T05:56:35.657
851 1 639 2018-06-05T06:06:23.143
1502 24 640 2018-06-05T08:10:51.407
573 1 643 2018-06-05T10:06:27.45
573 10 643 2018-06-05T10:06:27.45
1256 24 644 2018-06-05T10:32:02.583
1505 7 647 2018-06-05T12:04:41.993
1505 155 647 2018-06-05T12:04:41.993
1505 50 647 2018-06-05T12:04:41.993
1195 24 649 2018-06-05T14:08:13
874 107 650 2018-06-05T14:38:32.847
1509 2 653 2018-06-05T20:16:12.2
1180 51 658 2018-06-06T06:02:09.01
1180 26 658 2018-06-06T06:02:09.01
874 107 668 2018-06-06T09:59:53.847
226 37 670 2018-06-06T10:01:26.79
226 119 670 2018-06-06T10:01:26.79
612 1 672 2018-06-06T11:04:40.537
612 51 672 2018-06-06T11:04:40.537
612 176 672 2018-06-06T11:04:40.537
1516 8 675 2018-06-06T15:03:30.48
1516 198 675 2018-06-06T15:03:30.48
1516 160 675 2018-06-06T15:03:30.48
107 138 677 2018-06-06T17:26:38.783
1467 107 679 2018-06-06T23:01:51.78
1467 73 679 2018-06-06T23:01:51.78
1467 62 679 2018-06-06T23:01:51.78
874 107 681 2018-06-07T09:38:01.277
1530 37 683 2018-06-07T12:37:15.707
1530 35 683 2018-06-07T12:37:15.707
1119 13 687 2018-06-08T02:04:02.963
1119 114 687 2018-06-08T02:04:02.963
1119 105 687 2018-06-08T02:04:02.963
1537 1 688 2018-06-08T02:17:32.75
1498 61 691 2018-06-08T03:12:56.747
1498 138 691 2018-06-08T03:12:56.747
1537 44 692 2018-06-08T05:28:31.123
1543 17 696 2018-06-08T14:19:56.12
960 154 698 2018-06-08T20:23:05.933
1041 1 699 2018-06-08T21:17:41.46
1041 73 699 2018-06-08T21:17:41.46
226 49 707 2018-06-09T07:02:13.537
226 203 707 2018-06-09T07:02:13.537
1558 17 708 2018-06-09T11:17:23.343
843 34 712 2018-06-09T18:21:38.223
1364 20 715 2018-06-09T21:06:35.143
1364 24 715 2018-06-09T21:06:35.143
1364 8 715 2018-06-09T21:06:35.143
1562 51 717 2018-06-09T21:26:55.167
1562 26 717 2018-06-09T21:26:55.167
1562 41 717 2018-06-09T21:26:55.167
1562 54 717 2018-06-09T21:26:55.167
843 51 718 2018-06-10T02:33:22.767
573 7 723 2018-06-10T13:47:06.883
573 122 723 2018-06-10T13:47:06.883
442 20 725 2018-06-10T14:18:47.187
442 24 725 2018-06-10T14:18:47.187
1364 121 727 2018-06-10T18:24:21.85
1364 24 727 2018-06-10T18:24:21.85
1364 122 727 2018-06-10T18:24:21.85
1291 26 728 2018-06-10T21:10:06.073
475 83 731 2018-06-11T00:52:31.347
573 73 732 2018-06-11T01:05:22.777
30 121 733 2018-06-11T01:13:37.763
30 24 733 2018-06-11T01:13:37.763
30 35 733 2018-06-11T01:13:37.763
1571 35 735 2018-06-11T02:17:05.973
1571 192 735 2018-06-11T02:17:05.973
30 35 736 2018-06-11T02:27:51.57
30 140 736 2018-06-11T02:27:51.57
1364 121 738 2018-06-11T03:49:15.31
1364 24 738 2018-06-11T03:49:15.31
1364 3 738 2018-06-11T03:49:15.31
851 24 739 2018-06-11T03:50:52.887
851 20 739 2018-06-11T03:50:52.887
851 204 739 2018-06-11T03:50:52.887
1537 44 741 2018-06-11T04:06:29.107
1573 13 742 2018-06-11T04:08:06.43
1573 15 742 2018-06-11T04:08:06.43
1498 24 743 2018-06-11T04:15:40.103
1537 126 745 2018-06-11T04:47:39.75
874 20 747 2018-06-11T06:33:29.37
1495 121 748 2018-06-11T07:35:42.107
1495 35 748 2018-06-11T07:35:42.107
1495 192 748 2018-06-11T07:35:42.107
1579 17 751 2018-06-11T11:24:00.6
1580 121 752 2018-06-11T11:51:11.307
1580 47 752 2018-06-11T11:51:11.307
1049 20 753 2018-06-11T11:59:57.94
1049 61 753 2018-06-11T11:59:57.94
1049 44 753 2018-06-11T11:59:57.94
1049 205 753 2018-06-11T11:59:57.94
1049 206 753 2018-06-11T11:59:57.94
573 107 755 2018-06-11T12:40:38.923
1581 121 757 2018-06-11T14:06:21.207
1581 47 757 2018-06-11T14:06:21.207
1581 206 757 2018-06-11T14:06:21.207
1291 153 760 2018-06-11T16:46:58.013
8 51 762 2018-06-11T18:16:19.767
8 47 762 2018-06-11T18:16:19.767
22 28 765 2018-06-11T21:33:31.617
1590 121 772 2018-06-12T02:59:53.247
1590 24 772 2018-06-12T02:59:53.247
1590 43 772 2018-06-12T02:59:53.247
249 51 774 2018-06-12T06:04:34.023
249 116 774 2018-06-12T06:04:34.023
1285 121 775 2018-06-12T06:37:41.1
1509 20 776 2018-06-12T08:31:26.32
1542 1 778 2018-06-12T10:32:02.593
1542 121 778 2018-06-12T10:32:02.593
1542 24 778 2018-06-12T10:32:02.593
1579 7 779 2018-06-12T10:33:00.237
573 114 780 2018-06-12T11:38:12.29
872 1 781 2018-06-12T13:22:14.28
872 51 781 2018-06-12T13:22:14.28
872 37 781 2018-06-12T13:22:14.28
872 121 781 2018-06-12T13:22:14.28
1498 13 782 2018-06-12T14:33:48.31
1498 121 782 2018-06-12T14:33:48.31
864 122 783 2018-06-12T17:53:19.377
1600 60 784 2018-06-12T18:31:13.547
1604 44 790 2018-06-12T23:58:50.457
1604 140 790 2018-06-12T23:58:50.457
1600 60 791 2018-06-12T17:29:14.33
226 122 794 2018-06-13T01:51:03.36
1285 1 798 2018-06-13T03:54:19.673
1607 159 804 2018-06-13T07:25:53.65
959 15 813 2018-06-13T10:03:28.853
959 122 813 2018-06-13T10:03:28.853
959 98 813 2018-06-13T10:03:28.853
1579 44 814 2018-06-13T10:05:05.51
1285 153 823 2018-06-13T13:29:23.6
1285 155 823 2018-06-13T13:29:23.6
1285 97 823 2018-06-13T13:29:23.6
360 1 824 2018-06-13T17:48:27.533
360 37 824 2018-06-13T17:48:27.533
360 107 824 2018-06-13T17:48:27.533
360 140 824 2018-06-13T17:48:27.533
360 138 824 2018-06-13T17:48:27.533
113 121 829 2018-06-13T23:39:16.28
1613 7 832 2018-06-14T02:48:48.703
1285 1 833 2018-06-14T03:09:02.583
1285 13 833 2018-06-14T03:09:02.583
278 7 834 2018-06-14T03:23:02.613
278 122 834 2018-06-14T03:23:02.613
278 2 836 2018-06-14T04:18:36.637
1519 7 837 2018-06-14T04:48:35.52
1285 1 842 2018-06-14T08:22:07.327
1285 13 842 2018-06-14T08:22:07.327
1285 92 842 2018-06-14T08:22:07.327
1285 1 844 2018-06-14T10:14:44.05
1285 11 844 2018-06-14T10:14:44.05
254 61 847 2018-06-14T11:37:09.047
1086 121 849 2018-06-14T12:21:26.287
1086 35 849 2018-06-14T12:21:26.287
1256 121 851 2018-06-14T13:52:54.487
432 96 853 2018-06-14T15:16:23.21
45 17 855 2018-06-14T16:44:23.357
45 20 855 2018-06-14T16:44:23.357
45 71 855 2018-06-14T16:44:23.357
1086 121 856 2018-06-14T16:46:47.857
1086 61 856 2018-06-14T16:46:47.857
1617 121 857 2018-06-14T17:03:20.357
1364 121 860 2018-06-14T22:04:11.377
1364 24 860 2018-06-14T22:04:11.377
1364 38 860 2018-06-14T22:04:11.377
1364 156 860 2018-06-14T22:04:11.377
278 7 861 2018-06-14T22:54:03.373
278 122 861 2018-06-14T22:54:03.373
1624 78 871 2018-06-15T03:37:17.783
969 24 874 2018-06-15T11:46:10.56
969 155 874 2018-06-15T11:46:10.56
969 50 874 2018-06-15T11:46:10.56
969 121 875 2018-06-15T12:41:15.53
969 37 875 2018-06-15T12:41:15.53
969 24 875 2018-06-15T12:41:15.53
969 169 875 2018-06-15T12:41:15.53
45 24 876 2018-06-15T13:09:28.84
45 35 876 2018-06-15T13:09:28.84
45 111 876 2018-06-15T13:09:28.84
1600 7 884 2018-06-15T18:40:32.43
1600 60 884 2018-06-15T18:40:32.43
1613 7 885 2018-06-15T20:49:30.017
1613 61 885 2018-06-15T20:49:30.017
1613 44 885 2018-06-15T20:49:30.017
1613 140 885 2018-06-15T20:49:30.017
1542 1 891 2018-06-16T05:48:54.743
1195 15 892 2018-06-16T06:33:28.843
1195 11 892 2018-06-16T06:33:28.843
278 37 893 2018-06-16T07:09:44.29
278 35 893 2018-06-16T07:09:44.29
4 24 898 2018-06-16T15:01:58.58
4 24 903 2018-06-16T18:23:58.853
1642 121 905 2018-06-16T20:37:24.35
432 37 906 2018-06-16T21:19:55.387
921 121 908 2018-06-16T21:32:19.247
745 44 912 2018-06-16T23:11:33.77
745 205 912 2018-06-16T23:11:33.77
1643 51 913 2018-06-17T00:21:22.477
1643 61 913 2018-06-17T00:21:22.477
1644 1 915 2018-06-17T01:56:47.773
1644 121 915 2018-06-17T01:56:47.773
851 1 921 2018-06-17T03:43:20.767
851 107 921 2018-06-17T03:43:20.767
851 140 921 2018-06-17T03:43:20.767
226 122 923 2018-06-17T07:17:01.34
1648 121 925 2018-06-17T10:00:04.133
1648 35 925 2018-06-17T10:00:04.133
1648 111 925 2018-06-17T10:00:04.133
1651 1 931 2018-06-17T17:57:01.807
1651 49 931 2018-06-17T17:57:01.807
1651 153 931 2018-06-17T17:57:01.807
1291 54 932 2018-06-17T22:08:48.79
1637 24 933 2018-06-17T23:56:17.913
1637 1 935 2018-06-18T01:48:39.94
1637 37 935 2018-06-18T01:48:39.94
1643 122 936 2018-06-18T03:10:43.42
1657 24 940 2018-06-18T10:38:43.55
851 140 944 2018-06-18T13:43:08.517
851 1 945 2018-06-18T13:45:54.77
1657 121 946 2018-06-18T14:08:43.453
432 13 950 2018-06-18T17:42:25.857
432 123 950 2018-06-18T17:42:25.857
1663 66 951 2018-06-18T18:03:04.983
251 1 954 2018-06-18T18:16:25.673
251 61 954 2018-06-18T18:16:25.673
251 134 954 2018-06-18T18:16:25.673
1664 17 960 2018-06-19T00:32:01.537
30 1 963 2018-06-19T01:13:14.963
30 7 963 2018-06-19T01:13:14.963
30 155 963 2018-06-19T01:13:14.963
30 207 963 2018-06-19T01:13:14.963
475 121 966 2018-06-19T02:29:57.26
475 24 966 2018-06-19T02:29:57.26
1519 49 967 2018-06-19T02:39:30.173
1637 1 969 2018-06-19T03:29:17.327
1637 37 969 2018-06-19T03:29:17.327
1637 61 969 2018-06-19T03:29:17.327
1370 37 975 2018-06-19T06:44:50.26
1666 1 976 2018-06-19T07:04:58.913
1666 13 976 2018-06-19T07:04:58.913
1666 155 976 2018-06-19T07:04:58.913
1666 154 976 2018-06-19T07:04:58.913
1317 65 977 2018-06-19T07:18:47.923
1667 1 979 2018-06-19T08:41:53.56
1637 49 981 2018-06-19T11:14:53.34
1637 61 981 2018-06-19T11:14:53.34
1637 107 981 2018-06-19T11:14:53.34
1648 98 987 2018-06-19T14:52:58.227
1617 121 989 2018-06-19T20:36:45.35
1673 122 991 2018-06-19T20:52:17.867
1673 94 991 2018-06-19T20:52:17.867
1119 13 994 2018-06-19T23:49:37.4
1119 24 994 2018-06-19T23:49:37.4
1119 60 994 2018-06-19T23:49:37.4
1678 1 1000 2018-06-20T07:53:47.78
1678 17 1000 2018-06-20T07:53:47.78
10 138 1001 2018-06-20T09:16:39.117
10 83 1003 2018-06-20T14:19:13.82
8 1 1005 2018-06-20T16:11:00.24
8 92 1005 2018-06-20T16:11:00.24
8 1 1008 2018-06-20T22:03:10.13
8 122 1008 2018-06-20T22:03:10.13
992 1 1011 2018-06-21T00:27:07.113
992 10 1011 2018-06-21T00:27:07.113
992 170 1011 2018-06-21T00:27:07.113
1643 24 1015 2018-06-21T02:43:24.033
202 13 1016 2018-06-21T03:05:56.123
1688 25 1020 2018-06-21T04:30:49.063
1688 81 1020 2018-06-21T04:30:49.063
1180 51 1021 2018-06-21T04:42:05.76
1180 26 1021 2018-06-21T04:42:05.76
1686 47 1022 2018-06-21T05:04:27.95
1686 176 1022 2018-06-21T05:04:27.95
1509 95 1024 2018-06-21T08:39:58.063
465 83 1026 2018-06-21T08:48:25.987
465 106 1026 2018-06-21T08:48:25.987
1686 24 1027 2018-06-21T08:49:29.05
1686 7 1027 2018-06-21T08:49:29.05
1690 24 1028 2018-06-21T09:36:24.343
1049 49 1030 2018-06-21T11:38:36.85
1049 35 1030 2018-06-21T11:38:36.85
1049 119 1030 2018-06-21T11:38:36.85
1049 208 1030 2018-06-21T11:38:36.85
1049 209 1030 2018-06-21T11:38:36.85
1049 191 1033 2018-06-21T16:24:33.13
1049 210 1033 2018-06-21T16:24:33.13
1049 211 1033 2018-06-21T16:24:33.13
1049 212 1033 2018-06-21T16:24:33.13
1692 51 1046 2018-06-22T01:16:53.77
1692 7 1046 2018-06-22T01:16:53.77
1693 121 1050 2018-06-22T02:36:32.32
1693 78 1050 2018-06-22T02:36:32.32
1693 155 1050 2018-06-22T02:36:32.32
1693 156 1050 2018-06-22T02:36:32.32
1694 1 1052 2018-06-22T03:33:37.153
1694 155 1052 2018-06-22T03:33:37.153
1694 154 1052 2018-06-22T03:33:37.153
1643 24 1053 2018-06-22T04:23:35.473
1643 7 1053 2018-06-22T04:23:35.473
1643 14 1053 2018-06-22T04:23:35.473
432 95 1054 2018-06-22T04:27:26.83
432 13 1056 2018-06-22T04:35:51.91
432 145 1056 2018-06-22T04:35:51.91
1542 61 1059 2018-06-22T05:43:30.477
1542 73 1059 2018-06-22T05:43:30.477
1542 18 1059 2018-06-22T05:43:30.477
1542 28 1059 2018-06-22T05:43:30.477
872 157 1060 2018-06-22T06:55:19.227
1698 98 1066 2018-06-22T11:01:10.03
1701 56 1072 2018-06-22T15:13:17.307
927 49 1073 2018-06-22T15:49:36.15
927 2 1073 2018-06-22T15:49:36.15
1211 107 1075 2018-06-22T18:16:59.533
745 15 1082 2018-06-23T01:18:18.39
745 10 1082 2018-06-23T01:18:18.39
1637 24 1085 2018-06-23T02:39:17.493
1637 153 1085 2018-06-23T02:39:17.493
1643 88 1087 2018-06-23T04:53:02.503
278 35 1089 2018-06-23T06:33:30.727
278 202 1089 2018-06-23T06:33:30.727
874 107 1091 2018-06-23T07:59:55.517
1285 1 1093 2018-06-23T10:28:48.82
1285 13 1093 2018-06-23T10:28:48.82
177 1 1094 2018-06-23T13:46:45.54
177 2 1094 2018-06-23T13:46:45.54
177 98 1094 2018-06-23T13:46:45.54
1211 122 1097 2018-06-23T14:18:05.457
278 37 1099 2018-06-23T15:21:04.783
1211 122 1101 2018-06-23T15:28:36.463
1637 24 1105 2018-06-23T17:17:11.497
1637 153 1105 2018-06-23T17:17:11.497
874 107 1106 2018-06-23T17:17:33.81
1644 24 1107 2018-06-23T18:15:48.773
1644 7 1107 2018-06-23T18:15:48.773
1711 1 1108 2018-06-23T18:47:31.813
363 7 1109 2018-06-23T18:51:33.187
363 122 1109 2018-06-23T18:51:33.187
612 176 1110 2018-06-23T19:41:47.687
612 74 1110 2018-06-23T19:41:47.687
1713 98 1111 2018-06-23T20:40:20.887
1643 24 1113 2018-06-23T23:41:18.543
1462 1 1115 2018-06-24T01:00:48.497
375 73 1117 2018-06-24T04:45:53.22
1715 193 1119 2018-06-24T09:24:06.04
1211 122 1120 2018-06-24T10:33:00.813
1710 17 1121 2018-06-24T11:09:03.883
1710 176 1121 2018-06-24T11:09:03.883
1719 1 1129 2018-06-24T18:24:06.12
1719 176 1129 2018-06-24T18:24:06.12
1720 107 1131 2018-06-24T22:07:38.007
1685 1 1134 2018-06-25T01:54:20.717
1685 17 1134 2018-06-25T01:54:20.717
99 8 1135 2018-06-25T02:09:25.803
99 77 1135 2018-06-25T02:09:25.803
1285 1 1141 2018-06-25T06:14:56.113
1285 84 1141 2018-06-25T06:14:56.113
874 24 1142 2018-06-25T07:58:19.627
123 1 1143 2018-06-25T08:02:29.537
1724 2 1144 2018-06-25T09:34:58.233
1715 51 1147 2018-06-25T11:24:44.613
1715 14 1147 2018-06-25T11:24:44.613
1607 24 1149 2018-06-25T13:51:23.317
1607 176 1149 2018-06-25T13:51:23.317
1180 51 1153 2018-06-26T02:03:17.73
1180 5 1153 2018-06-26T02:03:17.73
803 121 1154 2018-06-26T02:19:03.957
803 35 1154 2018-06-26T02:19:03.957
25 24 1155 2018-06-26T04:27:47.62
25 47 1155 2018-06-26T04:27:47.62
25 106 1155 2018-06-26T04:27:47.62
25 50 1155 2018-06-26T04:27:47.62
231 1 1157 2018-06-26T05:19:20.773
231 121 1157 2018-06-26T05:19:20.773
231 205 1157 2018-06-26T05:19:20.773
1688 184 1159 2018-06-26T06:17:32.25
1731 24 1164 2018-06-26T13:28:51.567
1643 24 1171 2018-06-26T22:16:29.963
231 92 1177 2018-06-26T22:25:23.457
231 81 1177 2018-06-26T22:25:23.457
231 213 1177 2018-06-26T22:25:23.457
231 214 1177 2018-06-26T22:25:23.457
1505 73 1178 2018-06-27T01:12:33.343
1505 9 1178 2018-06-27T01:12:33.343
1643 7 1179 2018-06-27T02:32:12.57
1643 24 1182 2018-06-27T03:26:26.17
1643 73 1182 2018-06-27T03:26:26.17
1643 16 1182 2018-06-27T03:26:26.17
1285 1 1183 2018-06-27T04:21:29.44
1285 1 1184 2018-06-27T06:13:12.817
1643 35 1186 2018-06-27T08:25:18.03
1739 155 1191 2018-06-27T10:53:01.597
1739 153 1191 2018-06-27T10:53:01.597
177 51 1192 2018-06-27T12:15:55.123
177 2 1192 2018-06-27T12:15:55.123
177 98 1192 2018-06-27T12:15:55.123
1216 13 1193 2018-06-27T12:24:08.89
1216 153 1193 2018-06-27T12:24:08.89
1694 24 1196 2018-06-27T13:13:53.757
1694 47 1196 2018-06-27T13:13:53.757
1694 60 1196 2018-06-27T13:13:53.757
1742 24 1203 2018-06-27T18:10:34.797
1742 121 1203 2018-06-27T18:10:34.797
1742 13 1203 2018-06-27T18:10:34.797
1742 14 1203 2018-06-27T18:10:34.797
310 1 1205 2018-06-27T19:56:19.483
310 133 1205 2018-06-27T19:56:19.483
310 162 1205 2018-06-27T19:56:19.483
1509 35 1210 2018-06-28T10:15:07.273
1509 98 1210 2018-06-28T10:15:07.273
1285 1 1212 2018-06-28T10:30:41.747
1285 61 1212 2018-06-28T10:30:41.747
15 15 1214 2018-06-28T15:31:51.023
15 10 1214 2018-06-28T15:31:51.023
1637 205 1220 2018-06-28T17:46:33.487
1736 1 1224 2018-06-29T02:34:57.003
1736 176 1224 2018-06-29T02:34:57.003
360 1 1227 2018-06-29T04:21:50.84
360 49 1227 2018-06-29T04:21:50.84
1750 10 1228 2018-06-29T04:28:23.947
1735 35 1231 2018-06-29T07:36:09.693
1739 1 1234 2018-06-29T10:22:09.327
1739 155 1234 2018-06-29T10:22:09.327
1285 1 1235 2018-06-29T10:26:09.323
1285 10 1235 2018-06-29T10:26:09.323
8 24 1239 2018-06-29T17:38:37.847
8 60 1239 2018-06-29T17:38:37.847
8 24 1240 2018-06-29T17:41:35.5
8 60 1240 2018-06-29T17:41:35.5
8 50 1240 2018-06-29T17:41:35.5
1673 121 1243 2018-06-29T19:25:28.617
1673 138 1243 2018-06-29T19:25:28.617
1211 24 1251 2018-06-30T07:32:56.9
1211 60 1251 2018-06-30T07:32:56.9
1211 28 1251 2018-06-30T07:32:56.9
1715 13 1265 2018-07-01T10:57:24.877
1715 51 1265 2018-07-01T10:57:24.877
1757 51 1271 2018-07-01T22:23:52.253
1757 1 1279 2018-07-02T09:44:07.203
1757 20 1279 2018-07-02T09:44:07.203
1757 18 1279 2018-07-02T09:44:07.203
310 1 1280 2018-07-02T10:54:01.77
310 51 1280 2018-07-02T10:54:01.77
1519 49 1283 2018-07-02T11:42:28.477
1519 215 1283 2018-07-02T11:42:28.477
1049 216 1284 2018-07-02T17:10:02.117
1049 217 1284 2018-07-02T17:10:02.117
177 1 1285 2018-07-02T18:41:29.107
177 2 1285 2018-07-02T18:41:29.107
1771 121 1288 2018-07-02T21:33:44.25
1497 1 1289 2018-07-02T22:31:34.283
1692 51 1291 2018-07-03T02:09:05.973
1692 47 1291 2018-07-03T02:09:05.973
1692 176 1291 2018-07-03T02:09:05.973
1739 155 1292 2018-07-03T02:52:13.44
1693 121 1293 2018-07-03T03:29:23.697
1693 35 1293 2018-07-03T03:29:23.697
1693 61 1293 2018-07-03T03:29:23.697
1693 39 1293 2018-07-03T03:29:23.697
1715 13 1294 2018-07-03T04:11:47.957
1715 51 1294 2018-07-03T04:11:47.957
1715 14 1294 2018-07-03T04:11:47.957
1778 24 1298 2018-07-03T09:49:52.567
1778 15 1298 2018-07-03T09:49:52.567
878 24 1302 2018-07-03T11:25:27.923
1049 61 1304 2018-07-03T13:48:22.51
1049 54 1304 2018-07-03T13:48:22.51
1049 57 1304 2018-07-03T13:48:22.51
936 13 1309 2018-07-03T16:58:34.617
936 20 1309 2018-07-03T16:58:34.617
612 1 1310 2018-07-03T18:44:10.307
612 61 1310 2018-07-03T18:44:10.307
1509 14 1311 2018-07-03T19:06:26.697
1758 159 1312 2018-07-03T20:05:11.433
1664 1 1313 2018-07-03T22:22:40.027
1664 61 1313 2018-07-03T22:22:40.027
1664 10 1313 2018-07-03T22:22:40.027
1785 1 1315 2018-07-04T04:48:19.643
1785 99 1315 2018-07-04T04:48:19.643
310 14 1316 2018-07-04T09:07:41.783
310 155 1316 2018-07-04T09:07:41.783
432 61 1317 2018-07-04T12:02:56.913
432 119 1318 2018-07-04T12:16:28.08
432 37 1319 2018-07-04T12:21:55.147
432 61 1319 2018-07-04T12:21:55.147
310 15 1321 2018-07-04T13:45:47.46
310 10 1321 2018-07-04T13:45:47.46
1049 61 1324 2018-07-04T16:28:00.843
1049 134 1324 2018-07-04T16:28:00.843
1049 218 1324 2018-07-04T16:28:00.843
1049 219 1324 2018-07-04T16:28:00.843
1049 220 1324 2018-07-04T16:28:00.843
1605 98 1327 2018-07-05T04:56:03.21
22 7 1330 2018-07-05T06:43:39.35
22 61 1330 2018-07-05T06:43:39.35
22 28 1330 2018-07-05T06:43:39.35
1509 121 1333 2018-07-05T16:06:09.983
15 114 1334 2018-07-05T16:32:42.37
1509 13 1335 2018-07-05T19:14:00.337
1509 83 1335 2018-07-05T19:14:00.337
936 166 1336 2018-07-05T23:29:22.477
79 50 1337 2018-07-06T00:47:37.943
1030 7 1339 2018-07-06T02:39:47.087
1030 61 1339 2018-07-06T02:39:47.087
1030 191 1339 2018-07-06T02:39:47.087
806 76 1340 2018-07-06T04:50:04.67
1274 13 1345 2018-07-06T08:18:02.97
1274 34 1345 2018-07-06T08:18:02.97
1285 41 1350 2018-07-06T14:21:23.667
1285 221 1350 2018-07-06T14:21:23.667
310 61 1351 2018-07-06T18:40:34.35
1715 92 1359 2018-07-07T10:56:48.687
1715 95 1359 2018-07-07T10:56:48.687
167 24 1363 2018-07-07T12:01:37.037
167 17 1363 2018-07-07T12:01:37.037
167 60 1363 2018-07-07T12:01:37.037
1049 61 1366 2018-07-07T14:29:14.467
1049 134 1366 2018-07-07T14:29:14.467
1049 220 1366 2018-07-07T14:29:14.467
249 119 1369 2018-07-07T21:45:21.12
249 23 1369 2018-07-07T21:45:21.12
249 6 1369 2018-07-07T21:45:21.12
310 61 1370 2018-07-07T22:32:35.78
1807 24 1371 2018-07-08T05:48:51.997
1807 121 1371 2018-07-08T05:48:51.997
1807 61 1371 2018-07-08T05:48:51.997
1807 24 1372 2018-07-08T06:29:08.527
1807 121 1372 2018-07-08T06:29:08.527
1807 61 1372 2018-07-08T06:29:08.527
1810 20 1377 2018-07-08T15:32:28.83
1810 43 1377 2018-07-08T15:32:28.83
1049 61 1379 2018-07-08T19:39:15.57
1049 222 1379 2018-07-08T19:39:15.57
1049 223 1379 2018-07-08T19:39:15.57
1049 224 1379 2018-07-08T19:39:15.57
1049 225 1379 2018-07-08T19:39:15.57
1643 37 1383 2018-07-09T02:18:37.293
1685 1 1384 2018-07-09T03:33:56.693
1685 17 1384 2018-07-09T03:33:56.693
1685 159 1384 2018-07-09T03:33:56.693
1274 10 1387 2018-07-09T08:18:24.853
1807 61 1390 2018-07-09T10:29:37.073
1807 28 1390 2018-07-09T10:29:37.073
1807 220 1390 2018-07-09T10:29:37.073
1821 50 1395 2018-07-09T15:56:05.363
1821 221 1395 2018-07-09T15:56:05.363
1295 7 1396 2018-07-09T19:02:02.033
1295 122 1396 2018-07-09T19:02:02.033
1295 98 1396 2018-07-09T19:02:02.033
1295 50 1396 2018-07-09T19:02:02.033
1295 221 1396 2018-07-09T19:02:02.033
1605 7 1398 2018-07-09T21:13:38.027
1605 98 1398 2018-07-09T21:13:38.027
1274 34 1399 2018-07-10T03:55:54.067
1274 197 1399 2018-07-10T03:55:54.067
1285 1 1400 2018-07-10T06:58:42.22
1285 61 1400 2018-07-10T06:58:42.22
1285 28 1400 2018-07-10T06:58:42.22
1285 220 1400 2018-07-10T06:58:42.22
1049 83 1402 2018-07-10T11:49:04.66
1049 226 1402 2018-07-10T11:49:04.66
1049 227 1402 2018-07-10T11:49:04.66
1049 228 1402 2018-07-10T11:49:04.66
1049 140 1403 2018-07-10T15:06:11.3
1049 205 1403 2018-07-10T15:06:11.3
1049 229 1403 2018-07-10T15:06:11.3
1049 230 1403 2018-07-10T15:06:11.3
1356 1 1404 2018-07-10T15:30:09.993
1356 231 1404 2018-07-10T15:30:09.993
1637 1 1406 2018-07-10T18:02:24.84
1685 1 1409 2018-07-11T01:05:26.477
1685 10 1409 2018-07-11T01:05:26.477
1685 15 1409 2018-07-11T01:05:26.477
1693 121 1411 2018-07-11T04:44:34.703
1693 35 1411 2018-07-11T04:44:34.703
1693 227 1411 2018-07-11T04:44:34.703
1693 228 1411 2018-07-11T04:44:34.703
360 1 1413 2018-07-11T06:05:51.25
360 61 1413 2018-07-11T06:05:51.25
360 81 1413 2018-07-11T06:05:51.25
360 215 1413 2018-07-11T06:05:51.25
806 121 1414 2018-07-11T06:43:14.83
806 35 1414 2018-07-11T06:43:14.83
1815 121 1417 2018-07-11T12:46:29.467
1815 222 1417 2018-07-11T12:46:29.467
1274 34 1419 2018-07-11T13:31:48.673
1274 196 1419 2018-07-11T13:31:48.673
1295 7 1422 2018-07-11T21:09:18.317
1295 14 1422 2018-07-11T21:09:18.317
1295 98 1422 2018-07-11T21:09:18.317
1295 87 1422 2018-07-11T21:09:18.317
1295 88 1422 2018-07-11T21:09:18.317
1285 1 1423 2018-07-12T02:45:59.483
1285 232 1423 2018-07-12T02:45:59.483
573 1 1424 2018-07-12T02:47:46.047
573 13 1424 2018-07-12T02:47:46.047
1685 1 1426 2018-07-12T03:04:02.43
1685 10 1426 2018-07-12T03:04:02.43
1685 15 1426 2018-07-12T03:04:02.43
1771 24 1429 2018-07-12T05:50:17.317
1285 1 1430 2018-07-12T06:15:09.207
1285 166 1430 2018-07-12T06:15:09.207
1723 24 1433 2018-07-12T08:51:07.117
1723 47 1433 2018-07-12T08:51:07.117
1723 191 1433 2018-07-12T08:51:07.117
1285 14 1436 2018-07-12T09:33:27.553
1285 155 1436 2018-07-12T09:33:27.553
1285 153 1436 2018-07-12T09:33:27.553
1841 51 1441 2018-07-12T13:02:24.897
1841 98 1441 2018-07-12T13:02:24.897
1841 47 1441 2018-07-12T13:02:24.897
1841 26 1441 2018-07-12T13:02:24.897
1841 24 1443 2018-07-12T15:40:25.257
1841 51 1443 2018-07-12T15:40:25.257
1841 138 1443 2018-07-12T15:40:25.257
1509 13 1448 2018-07-13T07:39:53.893
1509 10 1448 2018-07-13T07:39:53.893
1815 121 1451 2018-07-13T11:55:57.033
1815 37 1451 2018-07-13T11:55:57.033
1815 26 1451 2018-07-13T11:55:57.033
1815 31 1451 2018-07-13T11:55:57.033
1509 13 1452 2018-07-13T12:09:43.037
1509 14 1452 2018-07-13T12:09:43.037
1605 7 1458 2018-07-13T23:28:59.207
1605 98 1458 2018-07-13T23:28:59.207
1285 121 1459 2018-07-14T03:22:58.447
1285 30 1459 2018-07-14T03:22:58.447
1285 233 1459 2018-07-14T03:22:58.447
1509 37 1461 2018-07-14T10:14:20.88
1637 1 1462 2018-07-14T12:39:45.13
1637 61 1462 2018-07-14T12:39:45.13
1637 28 1462 2018-07-14T12:39:45.13
1637 234 1462 2018-07-14T12:39:45.13
1277 1 1464 2018-07-14T14:15:50.137
961 24 1469 2018-07-15T02:34:42.667
961 13 1469 2018-07-15T02:34:42.667
961 15 1469 2018-07-15T02:34:42.667
961 11 1469 2018-07-15T02:34:42.667
1637 24 1470 2018-07-15T03:24:32.217
1637 15 1470 2018-07-15T03:24:32.217
1643 24 1473 2018-07-15T06:54:27.603
1643 13 1473 2018-07-15T06:54:27.603
1851 121 1474 2018-07-15T10:07:10.003
1851 156 1474 2018-07-15T10:07:10.003
1851 98 1476 2018-07-15T11:06:36.537
1851 121 1480 2018-07-15T13:15:25.18
1637 1 1483 2018-07-15T14:51:43.74
1637 61 1483 2018-07-15T14:51:43.74
1854 35 1485 2018-07-15T15:20:55.917
1854 122 1485 2018-07-15T15:20:55.917
1854 106 1485 2018-07-15T15:20:55.917
1854 221 1485 2018-07-15T15:20:55.917
1851 121 1487 2018-07-15T15:40:39.793
1851 24 1488 2018-07-15T16:45:05.74
1856 24 1490 2018-07-15T17:34:27.367
1856 13 1490 2018-07-15T17:34:27.367
1856 92 1490 2018-07-15T17:34:27.367
1295 98 1494 2018-07-15T21:04:33.723
1295 228 1494 2018-07-15T21:04:33.723
1855 1 1495 2018-07-15T21:29:09.993
1855 81 1495 2018-07-15T21:29:09.993
961 26 1496 2018-07-16T00:43:14.27
961 11 1496 2018-07-16T00:43:14.27
1232 1 1498 2018-07-16T04:45:34.067
1285 51 1506 2018-07-16T10:41:03.87
1285 14 1506 2018-07-16T10:41:03.87
1285 26 1506 2018-07-16T10:41:03.87
1285 154 1506 2018-07-16T10:41:03.87
1637 81 1508 2018-07-16T11:26:28.483
1851 24 1511 2018-07-16T12:22:28.39
1815 1 1517 2018-07-16T15:16:33.533
1815 24 1517 2018-07-16T15:16:33.533
1815 121 1517 2018-07-16T15:16:33.533
1815 13 1517 2018-07-16T15:16:33.533
1815 51 1517 2018-07-16T15:16:33.533
1860 24 1519 2018-07-16T16:08:23.653
611 111 1529 2018-07-17T08:12:05.717
611 30 1529 2018-07-17T08:12:05.717
1860 1 1530 2018-07-17T08:22:46.627
1868 13 1532 2018-07-17T11:07:10.713
1868 10 1532 2018-07-17T11:07:10.713
1870 24 1536 2018-07-17T22:09:37.137
1870 8 1536 2018-07-17T22:09:37.137
1120 205 1538 2018-07-17T23:32:53.713
475 1 1539 2018-07-17T23:56:16.71
475 154 1539 2018-07-17T23:56:16.71
1120 188 1540 2018-07-18T00:23:33.277
1860 1 1550 2018-07-18T10:14:31.277
1120 51 1554 2018-07-18T16:21:56.093
1120 166 1554 2018-07-18T16:21:56.093
864 51 1555 2018-07-18T18:07:28.117
864 7 1555 2018-07-18T18:07:28.117
1505 37 1557 2018-07-18T22:54:18.83
1505 9 1557 2018-07-18T22:54:18.83
1819 1 1565 2018-07-19T14:40:29.71
1851 1 1567 2018-07-19T15:29:10.15
1851 1 1569 2018-07-19T16:14:10.027
1886 51 1572 2018-07-19T16:40:24.24
1886 215 1572 2018-07-19T16:40:24.24
1886 77 1572 2018-07-19T16:40:24.24
1887 24 1573 2018-07-19T17:35:33.243
1285 24 1576 2018-07-20T02:04:39.753
1891 13 1577 2018-07-20T03:35:01.58
1891 10 1577 2018-07-20T03:35:01.58
1892 21 1578 2018-07-20T03:52:45.347
118 92 1581 2018-07-20T11:32:32.26
118 95 1581 2018-07-20T11:32:32.26
1851 121 1583 2018-07-20T12:51:30.16
1851 21 1583 2018-07-20T12:51:30.16
1613 60 1585 2018-07-20T14:02:25.21
1613 193 1585 2018-07-20T14:02:25.21
1613 222 1585 2018-07-20T14:02:25.21
1851 121 1586 2018-07-20T14:12:19.77
1893 47 1587 2018-07-20T15:32:01.337
265 121 1589 2018-07-20T16:26:44.837
1900 1 1594 2018-07-21T12:33:47.073
1900 2 1594 2018-07-21T12:33:47.073
1637 61 1595 2018-07-21T12:44:57.047
1637 57 1595 2018-07-21T12:44:57.047
768 106 1603 2018-07-21T18:02:30.6
1903 37 1605 2018-07-21T18:59:26.09
1854 51 1609 2018-07-22T02:28:22.477
1854 61 1609 2018-07-22T02:28:22.477
1854 205 1609 2018-07-22T02:28:22.477
1291 13 1611 2018-07-22T06:59:21.85
1514 37 1613 2018-07-22T07:49:46
177 1 1615 2018-07-22T08:19:37.007
177 2 1615 2018-07-22T08:19:37.007
1909 1 1621 2018-07-22T19:28:07.123
1909 215 1621 2018-07-22T19:28:07.123
1909 154 1621 2018-07-22T19:28:07.123
1232 1 1622 2018-07-22T19:37:36.887
1232 24 1622 2018-07-22T19:37:36.887
1232 81 1622 2018-07-22T19:37:36.887
1232 83 1622 2018-07-22T19:37:36.887
992 1 1624 2018-07-22T23:02:08.623
992 17 1624 2018-07-22T23:02:08.623
992 159 1624 2018-07-22T23:02:08.623
1911 61 1626 2018-07-23T01:31:15.033
1911 205 1626 2018-07-23T01:31:15.033
1883 215 1627 2018-07-23T01:59:30.64
1514 121 1628 2018-07-23T02:01:49.113
1514 114 1628 2018-07-23T02:01:49.113
1883 1 1629 2018-07-23T02:39:51.68
1342 1 1630 2018-07-23T03:30:15.397
1908 60 1632 2018-07-23T05:47:28.183
1908 215 1632 2018-07-23T05:47:28.183
254 95 1635 2018-07-23T10:37:06.03
254 145 1635 2018-07-23T10:37:06.03
1913 81 1637 2018-07-23T12:14:35.033
1900 1 1641 2018-07-23T18:52:51.687
1900 13 1641 2018-07-23T18:52:51.687
1900 2 1641 2018-07-23T18:52:51.687
1915 13 1645 2018-07-24T00:58:49.057
1915 35 1645 2018-07-24T00:58:49.057
1883 1 1646 2018-07-24T02:36:04.2
427 1 1647 2018-07-24T03:26:54.78
427 7 1647 2018-07-24T03:26:54.78
427 215 1647 2018-07-24T03:26:54.78
1883 1 1648 2018-07-24T03:52:50.83
1232 1 1653 2018-07-24T07:23:23.05
1232 24 1653 2018-07-24T07:23:23.05
1860 1 1660 2018-07-24T12:08:04.177
1860 170 1660 2018-07-24T12:08:04.177
1860 12 1660 2018-07-24T12:08:04.177
1860 135 1660 2018-07-24T12:08:04.177
1918 1 1661 2018-07-24T13:40:23.463
1918 14 1661 2018-07-24T13:40:23.463
1918 155 1661 2018-07-24T13:40:23.463
1860 1 1665 2018-07-24T14:21:10.913
1921 1 1669 2018-07-24T15:50:37.177
1921 7 1669 2018-07-24T15:50:37.177
1921 155 1669 2018-07-24T15:50:37.177
1923 51 1674 2018-07-25T03:38:35.76
1923 107 1674 2018-07-25T03:38:35.76
1923 20 1674 2018-07-25T03:38:35.76
1919 1 1675 2018-07-25T03:39:07.69
1919 215 1675 2018-07-25T03:39:07.69
1883 61 1677 2018-07-25T04:08:53.423
1920 1 1681 2018-07-25T06:33:49.267
1920 49 1681 2018-07-25T06:33:49.267
1920 138 1681 2018-07-25T06:33:49.267
1232 1 1682 2018-07-25T07:10:05.28
1232 81 1682 2018-07-25T07:10:05.28
1232 232 1682 2018-07-25T07:10:05.28
1925 1 1683 2018-07-25T07:27:16.53
177 1 1684 2018-07-25T07:34:50.937
1927 51 1685 2018-07-25T11:16:17.46
1927 60 1685 2018-07-25T11:16:17.46
1927 118 1685 2018-07-25T11:16:17.46
611 30 1692 2018-07-25T13:01:23.477
611 31 1692 2018-07-25T13:01:23.477
1930 121 1693 2018-07-25T14:07:30
1930 61 1693 2018-07-25T14:07:30
1930 66 1693 2018-07-25T14:07:30
1930 215 1693 2018-07-25T14:07:30
1860 1 1694 2018-07-25T16:14:30.953
1291 13 1697 2018-07-25T16:51:38.027
1291 41 1697 2018-07-25T16:51:38.027
1232 1 1698 2018-07-25T18:51:39.767
1232 81 1698 2018-07-25T18:51:39.767
1232 114 1698 2018-07-25T18:51:39.767
1819 92 1699 2018-07-25T20:17:38.123
1868 10 1702 2018-07-26T09:57:30.55
1938 7 1706 2018-07-26T13:56:08.44
1938 37 1706 2018-07-26T13:56:08.44
1930 24 1708 2018-07-26T14:38:20.89
1930 121 1708 2018-07-26T14:38:20.89
1930 61 1708 2018-07-26T14:38:20.89
1940 51 1710 2018-07-26T20:31:50.247
1940 66 1710 2018-07-26T20:31:50.247
1514 121 1712 2018-07-27T04:32:06.22
1514 35 1712 2018-07-27T04:32:06.22
1514 38 1712 2018-07-27T04:32:06.22
1514 76 1712 2018-07-27T04:32:06.22
1942 24 1713 2018-07-27T04:41:05.71
1942 121 1713 2018-07-27T04:41:05.71
1942 37 1713 2018-07-27T04:41:05.71
1944 24 1715 2018-07-27T07:44:33.853
1944 13 1715 2018-07-27T07:44:33.853
1673 1 1719 2018-07-27T18:50:59.823
1673 215 1719 2018-07-27T18:50:59.823
1673 114 1719 2018-07-27T18:50:59.823
1947 17 1722 2018-07-27T21:20:13.81
1947 176 1722 2018-07-27T21:20:13.81
1514 24 1731 2018-07-28T19:30:40.45
1514 37 1731 2018-07-28T19:30:40.45
1514 20 1731 2018-07-28T19:30:40.45
1841 37 1733 2018-07-29T02:20:51.43
1841 138 1733 2018-07-29T02:20:51.43
874 107 1734 2018-07-29T11:29:43.3
874 140 1734 2018-07-29T11:29:43.3
1955 1 1736 2018-07-30T02:31:05.42
1955 51 1736 2018-07-30T02:31:05.42
1955 98 1736 2018-07-30T02:31:05.42
1947 98 1739 2018-07-30T03:06:11.77
1947 86 1739 2018-07-30T03:06:11.77
1232 107 1743 2018-07-30T11:32:26.743
1943 1 1745 2018-07-30T13:17:53.517
1943 98 1745 2018-07-30T13:17:53.517
1943 157 1745 2018-07-30T13:17:53.517
1898 10 1750 2018-07-30T18:18:41.647
1958 121 1752 2018-07-30T19:05:40.607
1958 106 1752 2018-07-30T19:05:40.607
1309 49 1756 2018-07-31T09:39:01.683
1309 66 1756 2018-07-31T09:39:01.683
1383 14 1758 2018-07-31T10:20:36.307
1383 176 1758 2018-07-31T10:20:36.307
1963 1 1760 2018-07-31T15:52:00.91
1963 51 1760 2018-07-31T15:52:00.91
1963 98 1760 2018-07-31T15:52:00.91
1963 41 1760 2018-07-31T15:52:00.91
1963 40 1760 2018-07-31T15:52:00.91
1285 11 1767 2018-08-01T04:45:08.173
1943 1 1769 2018-08-01T06:16:06.997
1943 13 1769 2018-08-01T06:16:06.997
1943 51 1769 2018-08-01T06:16:06.997
1942 24 1770 2018-08-01T06:53:16.94
1942 215 1770 2018-08-01T06:53:16.94
1942 234 1770 2018-08-01T06:53:16.94
1964 51 1774 2018-08-01T09:45:23.54
1964 157 1774 2018-08-01T09:45:23.54
1955 1 1775 2018-08-01T10:40:49.847
1955 17 1775 2018-08-01T10:40:49.847
1955 155 1775 2018-08-01T10:40:49.847
1955 176 1775 2018-08-01T10:40:49.847
1955 153 1775 2018-08-01T10:40:49.847
874 155 1779 2018-08-01T13:40:31.973
1232 24 1780 2018-08-01T13:53:59.257
1232 121 1780 2018-08-01T13:53:59.257
91 98 1781 2018-08-01T16:22:10.303
91 88 1781 2018-08-01T16:22:10.303
1898 24 1782 2018-08-01T16:53:33.233
1898 121 1782 2018-08-01T16:53:33.233
1898 98 1782 2018-08-01T16:53:33.233
1974 24 1789 2018-08-01T22:13:21.26
1974 8 1789 2018-08-01T22:13:21.26
936 121 1794 2018-08-02T03:58:04.047
936 78 1794 2018-08-02T03:58:04.047
1964 24 1800 2018-08-02T14:28:16.92
1964 157 1800 2018-08-02T14:28:16.92
1673 83 1802 2018-08-02T15:37:28.47
1673 34 1802 2018-08-02T15:37:28.47
1673 101 1802 2018-08-02T15:37:28.47
1295 61 1803 2018-08-02T16:35:25.517
1295 98 1803 2018-08-02T16:35:25.517
992 1 1805 2018-08-02T23:52:18.247
992 155 1805 2018-08-02T23:52:18.247
1983 121 1811 2018-08-03T14:12:02.583
1983 235 1811 2018-08-03T14:12:02.583
1986 26 1813 2018-08-03T20:03:07.32
1986 128 1813 2018-08-03T20:03:07.32
1986 55 1813 2018-08-03T20:03:07.32
1986 98 1816 2018-08-03T20:53:44.15
1986 26 1816 2018-08-03T20:53:44.15
1986 88 1816 2018-08-03T20:53:44.15
1536 98 1817 2018-08-03T21:03:02.383
1536 98 1818 2018-08-03T21:47:51.793
1285 51 1819 2018-08-04T03:26:50.117
1285 236 1819 2018-08-04T03:26:50.117
1987 60 1824 2018-08-04T10:17:57.853
1927 37 1825 2018-08-04T20:30:18.687
1986 98 1827 2018-08-05T07:43:25.337
1986 88 1827 2018-08-05T07:43:25.337
118 157 1829 2018-08-05T09:51:19.213
1853 197 1830 2018-08-05T09:57:57.35
1986 88 1831 2018-08-05T10:03:53.43
1997 1 1836 2018-08-05T11:51:53.527
1997 92 1836 2018-08-05T11:51:53.527
1997 215 1836 2018-08-05T11:51:53.527
1898 14 1837 2018-08-05T13:34:41.773
151 24 1839 2018-08-05T21:33:02.747
151 234 1839 2018-08-05T21:33:02.747
1943 1 1841 2018-08-06T06:12:27.677
1943 24 1841 2018-08-06T06:12:27.677
1943 7 1841 2018-08-06T06:12:27.677
1943 60 1841 2018-08-06T06:12:27.677
1943 237 1841 2018-08-06T06:12:27.677
1998 24 1842 2018-08-06T07:17:09.66
1920 138 1843 2018-08-06T07:49:04.59
1913 24 1845 2018-08-06T08:28:14.197
2000 180 1846 2018-08-06T09:28:22.333
1908 1 1851 2018-08-06T12:29:34.863
1908 92 1851 2018-08-06T12:29:34.863
1908 83 1851 2018-08-06T12:29:34.863
1673 121 1852 2018-08-06T15:29:41.313
1673 78 1852 2018-08-06T15:29:41.313
1673 101 1852 2018-08-06T15:29:41.313
2004 1 1854 2018-08-06T23:31:24.37
2004 83 1854 2018-08-06T23:31:24.37
2004 114 1854 2018-08-06T23:31:24.37
2004 143 1854 2018-08-06T23:31:24.37
1715 1 1857 2018-08-07T05:58:23.293
1715 193 1857 2018-08-07T05:58:23.293
1943 98 1858 2018-08-07T06:01:38.087
1943 49 1858 2018-08-07T06:01:38.087
1943 237 1858 2018-08-07T06:01:38.087
1964 13 1859 2018-08-07T06:23:19.48
1964 51 1859 2018-08-07T06:23:19.48
1964 155 1859 2018-08-07T06:23:19.48
2006 1 1862 2018-08-07T10:11:22.44
2006 24 1862 2018-08-07T10:11:22.44
2006 155 1862 2018-08-07T10:11:22.44
1285 121 1865 2018-08-07T13:57:33.727
1285 238 1865 2018-08-07T13:57:33.727
2003 13 1869 2018-08-07T21:33:39.677
2003 114 1869 2018-08-07T21:33:39.677
611 24 1872 2018-08-08T07:24:24.58
1716 24 1876 2018-08-08T08:19:14.763
1716 7 1876 2018-08-08T08:19:14.763
1716 155 1876 2018-08-08T08:19:14.763
1716 20 1876 2018-08-08T08:19:14.763
1716 217 1876 2018-08-08T08:19:14.763
1693 121 1878 2018-08-08T09:00:39.023
1693 37 1878 2018-08-08T09:00:39.023
1693 26 1878 2018-08-08T09:00:39.023
1693 27 1878 2018-08-08T09:00:39.023
2015 51 1880 2018-08-08T10:02:45.227
1955 51 1882 2018-08-08T13:10:12.893
1955 60 1882 2018-08-08T13:10:12.893
1291 221 1887 2018-08-08T15:23:58.927
1291 86 1887 2018-08-08T15:23:58.927
612 237 1888 2018-08-08T16:54:30.883
1983 24 1889 2018-08-08T19:42:49.08
1983 8 1889 2018-08-08T19:42:49.08
1983 24 1894 2018-08-09T02:22:34.04
1983 24 1896 2018-08-09T03:44:51.62
1943 17 1900 2018-08-09T05:36:47.907
1943 176 1900 2018-08-09T05:36:47.907
1943 157 1900 2018-08-09T05:36:47.907
1983 24 1904 2018-08-09T07:53:44.653
1983 24 1907 2018-08-09T09:52:48.083
1983 121 1911 2018-08-09T10:50:08.883
1983 8 1911 2018-08-09T10:50:08.883
151 51 1912 2018-08-09T10:50:55.083
151 106 1912 2018-08-09T10:50:55.083
151 159 1912 2018-08-09T10:50:55.083
2006 98 1913 2018-08-09T11:31:15.293
2024 24 1916 2018-08-09T12:51:29.237
2024 226 1916 2018-08-09T12:51:29.237
1983 121 1920 2018-08-09T14:49:23.097
1983 8 1920 2018-08-09T14:49:23.097
2028 222 1926 2018-08-09T21:48:13.993
2029 97 1928 2018-08-10T02:46:24.987
1232 1 1931 2018-08-10T08:43:11.027
1232 61 1931 2018-08-10T08:43:11.027
1232 193 1931 2018-08-10T08:43:11.027
2032 61 1934 2018-08-10T11:03:08.333
2034 66 1935 2018-08-10T12:41:38.273
1987 138 1936 2018-08-10T15:18:20.927
231 124 1938 2018-08-10T15:55:55.597
231 184 1938 2018-08-10T15:55:55.597
231 239 1938 2018-08-10T15:55:55.597
1955 92 1940 2018-08-10T16:19:28.33
1955 213 1940 2018-08-10T16:19:28.33
231 51 1941 2018-08-10T17:53:34.15
231 54 1941 2018-08-10T17:53:34.15
611 1 1945 2018-08-11T06:38:43.26
611 83 1945 2018-08-11T06:38:43.26
611 215 1945 2018-08-11T06:38:43.26
1916 51 1946 2018-08-11T07:22:59.427
1916 92 1946 2018-08-11T07:22:59.427
611 1 1949 2018-08-11T11:08:24.05
1983 24 1951 2018-08-11T13:43:38.013
1715 1 1952 2018-08-11T14:38:42.503
1715 81 1952 2018-08-11T14:38:42.503
1860 215 1954 2018-08-11T18:14:17.017
1715 1 1958 2018-08-12T09:42:33.233
1715 81 1958 2018-08-12T09:42:33.233
2044 17 1959 2018-08-12T17:17:51.52
2044 107 1959 2018-08-12T17:17:51.52
2044 208 1959 2018-08-12T17:17:51.52
1308 1 1961 2018-08-13T01:37:44.013
1308 121 1961 2018-08-13T01:37:44.013
1308 2 1961 2018-08-13T01:37:44.013
2046 24 1962 2018-08-13T01:50:18.253
2046 60 1962 2018-08-13T01:50:18.253
2046 8 1962 2018-08-13T01:50:18.253
2046 50 1962 2018-08-13T01:50:18.253
1955 51 1965 2018-08-13T07:08:42.497
1955 50 1965 2018-08-13T07:08:42.497
1955 240 1965 2018-08-13T07:08:42.497
1983 121 1967 2018-08-13T09:05:04.967
1943 98 1969 2018-08-13T09:53:23.053
1943 155 1969 2018-08-13T09:53:23.053
1983 24 1970 2018-08-13T12:39:41.387
1983 60 1970 2018-08-13T12:39:41.387
2052 1 1975 2018-08-13T16:25:05.547
2052 215 1975 2018-08-13T16:25:05.547
2052 193 1975 2018-08-13T16:25:05.547
1943 157 1979 2018-08-14T06:34:29.743
2057 215 1983 2018-08-14T09:22:12.803
1983 1 1986 2018-08-14T13:30:55.287
1983 215 1986 2018-08-14T13:30:55.287
571 12 1987 2018-08-14T17:03:52.653
571 158 1987 2018-08-14T17:03:52.653
571 4 1987 2018-08-14T17:03:52.653
2059 121 1988 2018-08-14T17:29:52.457
2059 198 1988 2018-08-14T17:29:52.457
2059 222 1988 2018-08-14T17:29:52.457
2059 227 1988 2018-08-14T17:29:52.457
1986 98 1989 2018-08-14T20:02:35.37
1986 88 1989 2018-08-14T20:02:35.37
1986 118 1989 2018-08-14T20:02:35.37
2057 215 1990 2018-08-14T20:42:01.017
2057 24 1994 2018-08-15T00:36:03.25
1274 13 1996 2018-08-15T02:56:05.693
1880 24 2002 2018-08-15T10:11:26.757
1880 121 2002 2018-08-15T10:11:26.757
1880 237 2002 2018-08-15T10:11:26.757
1232 24 2003 2018-08-15T17:38:14.897
1232 157 2003 2018-08-15T17:38:14.897
1232 1 2004 2018-08-15T18:11:01.267
1232 107 2004 2018-08-15T18:11:01.267
1232 157 2004 2018-08-15T18:11:01.267
1232 1 2008 2018-08-15T20:42:05.413
1232 157 2008 2018-08-15T20:42:05.413
1986 234 2011 2018-08-16T04:51:45.727
2067 13 2014 2018-08-16T13:32:30.023
2067 83 2014 2018-08-16T13:32:30.023
1945 1 2015 2018-08-16T15:18:41.243
1945 13 2015 2018-08-16T15:18:41.243
961 61 2017 2018-08-16T20:20:55.387
961 37 2017 2018-08-16T20:20:55.387
961 35 2017 2018-08-16T20:20:55.387
961 215 2017 2018-08-16T20:20:55.387
2000 1 2025 2018-08-17T02:20:01.083
2000 51 2025 2018-08-17T02:20:01.083
2070 17 2027 2018-08-17T03:07:26.053
2070 34 2027 2018-08-17T03:07:26.053
2070 234 2027 2018-08-17T03:07:26.053
2070 202 2027 2018-08-17T03:07:26.053
1943 86 2032 2018-08-17T13:01:46.907
1943 61 2033 2018-08-17T13:20:14.457
1943 78 2033 2018-08-17T13:20:14.457
2075 24 2038 2018-08-17T22:01:45.907
2075 121 2038 2018-08-17T22:01:45.907
2075 138 2038 2018-08-17T22:01:45.907
2075 234 2038 2018-08-17T22:01:45.907
1285 1 2041 2018-08-19T03:15:32.21
1285 61 2041 2018-08-19T03:15:32.21
1488 1 2042 2018-08-19T08:03:01.12
1488 10 2042 2018-08-19T08:03:01.12
961 10 2045 2018-08-19T18:37:22.837
961 81 2045 2018-08-19T18:37:22.837
961 12 2045 2018-08-19T18:37:22.837
961 61 2047 2018-08-19T18:53:18.94
961 215 2047 2018-08-19T18:53:18.94
961 11 2047 2018-08-19T18:53:18.94
961 241 2047 2018-08-19T18:53:18.94
2082 1 2061 2018-08-20T17:29:06.38
2082 84 2061 2018-08-20T17:29:06.38
2082 242 2061 2018-08-20T17:29:06.38
2081 37 2062 2018-08-20T17:38:39.727
2081 20 2062 2018-08-20T17:38:39.727
2082 24 2063 2018-08-20T18:29:36.657
2082 121 2063 2018-08-20T18:29:36.657
2082 24 2064 2018-08-20T21:02:02.62
2082 60 2064 2018-08-20T21:02:02.62
2084 60 2065 2018-08-20T21:25:15.897
2084 47 2065 2018-08-20T21:25:15.897
2084 237 2065 2018-08-20T21:25:15.897
2085 121 2068 2018-08-21T00:21:20.537
1932 140 2070 2018-08-21T04:59:24.657
1944 24 2072 2018-08-21T07:10:30.087
1964 24 2073 2018-08-21T08:42:32.5
961 215 2076 2018-08-21T12:51:30.99
961 243 2076 2018-08-21T12:51:30.99
961 244 2076 2018-08-21T12:51:30.99
1685 17 2081 2018-08-22T01:25:55.6
1685 14 2081 2018-08-22T01:25:55.6
1685 92 2081 2018-08-22T01:25:55.6
2034 43 2082 2018-08-22T07:15:19.21
1930 17 2086 2018-08-22T11:04:00.187
1930 73 2086 2018-08-22T11:04:00.187
1930 74 2086 2018-08-22T11:04:00.187
2054 24 2089 2018-08-22T11:52:08.473
2054 98 2089 2018-08-22T11:52:08.473
2054 47 2089 2018-08-22T11:52:08.473
2054 237 2089 2018-08-22T11:52:08.473
2097 7 2092 2018-08-22T12:53:38.073
2097 215 2092 2018-08-22T12:53:38.073
1285 245 2093 2018-08-22T13:29:57.563
2075 1 2096 2018-08-22T16:12:12.257
2075 37 2096 2018-08-22T16:12:12.257
2075 66 2096 2018-08-22T16:12:12.257
2075 11 2096 2018-08-22T16:12:12.257
2075 37 2100 2018-08-22T18:42:12.277
2075 107 2100 2018-08-22T18:42:12.277
2075 138 2100 2018-08-22T18:42:12.277
2075 44 2100 2018-08-22T18:42:12.277
1889 1 2102 2018-08-22T20:53:38.23
1889 13 2102 2018-08-22T20:53:38.23
1889 41 2102 2018-08-22T20:53:38.23
1542 106 2105 2018-08-23T06:15:54.983
1542 234 2105 2018-08-23T06:15:54.983
1542 86 2105 2018-08-23T06:15:54.983
1944 24 2108 2018-08-23T07:03:52.843
1944 47 2108 2018-08-23T07:03:52.843
2103 121 2111 2018-08-23T08:00:50.443
2103 246 2111 2018-08-23T08:00:50.443
1691 47 2113 2018-08-23T09:09:25.963
1691 8 2113 2018-08-23T09:09:25.963
1691 237 2113 2018-08-23T09:09:25.963
1964 1 2119 2018-08-23T11:42:37.107
1964 215 2119 2018-08-23T11:42:37.107
1964 234 2119 2018-08-23T11:42:37.107
2075 1 2121 2018-08-23T14:45:33.857
2075 24 2121 2018-08-23T14:45:33.857
2075 121 2121 2018-08-23T14:45:33.857
2075 37 2121 2018-08-23T14:45:33.857
1232 24 2125 2018-08-24T00:36:33.12
1232 157 2125 2018-08-24T00:36:33.12
1227 51 2127 2018-08-24T06:55:58.38
1227 145 2127 2018-08-24T06:55:58.38
1227 236 2127 2018-08-24T06:55:58.38
573 1 2130 2018-08-24T17:04:04.627
573 101 2130 2018-08-24T17:04:04.627
2112 51 2131 2018-08-24T17:07:51.13
2117 155 2133 2018-08-24T22:48:31.33
1285 247 2142 2018-08-26T08:51:42.12
1285 248 2142 2018-08-26T08:51:42.12
1898 193 2143 2018-08-26T18:20:58.833
1232 1 2144 2018-08-26T19:11:30.047
1232 7 2144 2018-08-26T19:11:30.047
1964 1 2149 2018-08-27T11:06:29.873
1964 155 2149 2018-08-27T11:06:29.873
1964 215 2149 2018-08-27T11:06:29.873
1964 15 2149 2018-08-27T11:06:29.873
2042 49 2151 2018-08-27T16:39:49.513
2042 88 2151 2018-08-27T16:39:49.513
1964 1 2154 2018-08-28T09:10:07.223
1964 51 2154 2018-08-28T09:10:07.223
1964 157 2154 2018-08-28T09:10:07.223
1514 24 2156 2018-08-28T18:29:33.82
1514 37 2156 2018-08-28T18:29:33.82
1514 30 2156 2018-08-28T18:29:33.82
600 1 2158 2018-08-29T03:06:07.63
600 51 2158 2018-08-29T03:06:07.63
600 205 2158 2018-08-29T03:06:07.63
600 166 2158 2018-08-29T03:06:07.63
1944 24 2161 2018-08-29T07:05:02.087
1944 47 2161 2018-08-29T07:05:02.087
2144 51 2162 2018-08-29T07:42:34.533
2144 37 2162 2018-08-29T07:42:34.533
2144 209 2162 2018-08-29T07:42:34.533
2147 60 2165 2018-08-29T09:32:15.7
2147 50 2165 2018-08-29T09:32:15.7
2147 237 2165 2018-08-29T09:32:15.7
2145 1 2170 2018-08-29T10:36:11.8
2145 61 2170 2018-08-29T10:36:11.8
2145 44 2170 2018-08-29T10:36:11.8
2145 205 2170 2018-08-29T10:36:11.8
2145 84 2170 2018-08-29T10:36:11.8
1285 30 2172 2018-08-29T10:52:04.257
1285 236 2172 2018-08-29T10:52:04.257
954 50 2174 2018-08-29T11:46:16.01
954 237 2174 2018-08-29T11:46:16.01
2010 1 2176 2018-08-29T17:44:52.397
2010 95 2176 2018-08-29T17:44:52.397
2155 24 2177 2018-08-30T02:01:52.373
2155 121 2177 2018-08-30T02:01:52.373
2155 51 2177 2018-08-30T02:01:52.373
2155 30 2177 2018-08-30T02:01:52.373
2155 238 2177 2018-08-30T02:01:52.373
2157 133 2178 2018-08-30T02:13:57.027
1943 1 2180 2018-08-30T07:37:24.133
1964 1 2181 2018-08-30T08:14:52.59
1964 51 2181 2018-08-30T08:14:52.59
1964 92 2181 2018-08-30T08:14:52.59
1964 157 2181 2018-08-30T08:14:52.59
2139 1 2185 2018-08-30T18:46:30.62
2139 83 2185 2018-08-30T18:46:30.62
1943 51 2188 2018-08-31T10:36:48.807
1943 84 2188 2018-08-31T10:36:48.807
2054 24 2201 2018-08-31T13:10:26.687
2054 121 2201 2018-08-31T13:10:26.687
2054 98 2201 2018-08-31T13:10:26.687
2054 47 2201 2018-08-31T13:10:26.687
2054 237 2201 2018-08-31T13:10:26.687
2152 24 2208 2018-09-01T07:00:24.033
2152 92 2208 2018-09-01T07:00:24.033
2152 24 2209 2018-09-01T08:03:45.043
2152 98 2209 2018-09-01T08:03:45.043
2152 38 2209 2018-09-01T08:03:45.043
2044 122 2210 2018-09-01T12:18:24.483
2044 94 2210 2018-09-01T12:18:24.483
1964 121 2211 2018-09-01T17:50:02.38
1964 215 2211 2018-09-01T17:50:02.38
