5 1 1 2016-08-23T16:35:04.423
6 2 2 2016-08-23T16:44:45.953
6 3 2 2016-08-23T16:44:45.953
7 4 4 2016-08-23T16:58:59.8
7 5 4 2016-08-23T16:58:59.8
12 6 7 2016-08-23T17:08:46.347
9 7 9 2016-08-23T17:10:48.857
31 8 13 2016-08-23T17:23:12.267
48 2 15 2016-08-23T17:41:50.09
45 7 16 2016-08-23T17:44:33.917
6 9 17 2016-08-23T17:45:27.647
6 10 17 2016-08-23T17:45:27.647
51 11 18 2016-08-23T17:53:53.213
50 12 19 2016-08-23T17:54:36.043
48 12 22 2016-08-23T18:01:19.417
48 13 22 2016-08-23T18:01:19.417
48 2 24 2016-08-23T18:13:39.13
58 2 28 2016-08-23T18:36:20.92
6 14 30 2016-08-23T18:44:33.147
65 15 35 2016-08-23T18:53:14.36
56 1 36 2016-08-23T18:55:53.487
55 4 38 2016-08-23T19:00:50.063
13 16 43 2016-08-23T19:09:29.433
13 17 43 2016-08-23T19:09:29.433
71 18 44 2016-08-23T19:14:47.217
65 19 49 2016-08-23T19:27:06.457
45 11 55 2016-08-23T19:42:05.913
24 20 63 2016-08-23T20:02:32.38
90 7 66 2016-08-23T20:44:48.967
64 21 67 2016-08-23T20:50:34.8
64 22 67 2016-08-23T20:50:34.8
97 11 71 2016-08-23T21:42:49.72
64 21 73 2016-08-23T22:29:10.407
103 2 74 2016-08-23T22:46:15.48
103 15 74 2016-08-23T22:46:15.48
106 23 75 2016-08-23T23:59:35.1
84 2 78 2016-08-24T00:40:55.947
84 3 78 2016-08-24T00:40:55.947
98 24 81 2016-08-24T03:23:29.8
9 25 82 2016-08-24T03:24:55.107
9 26 82 2016-08-24T03:24:55.107
48 2 83 2016-08-24T03:33:17.657
48 26 83 2016-08-24T03:33:17.657
127 9 95 2016-08-24T07:57:34.81
127 10 95 2016-08-24T07:57:34.81
129 27 97 2016-08-24T08:07:55.207
129 27 100 2016-08-24T08:17:05.16
131 2 103 2016-08-24T08:42:06.827
131 9 106 2016-08-24T09:00:38.357
31 11 107 2016-08-24T09:01:14.287
44 16 115 2016-08-24T10:15:51.047
114 9 121 2016-08-24T15:04:02.247
114 6 121 2016-08-24T15:04:02.247
7 14 123 2016-08-24T15:35:43.107
7 28 123 2016-08-24T15:35:43.107
84 14 127 2016-08-24T16:50:40.01
65 2 129 2016-08-24T17:32:31.98
65 16 129 2016-08-24T17:32:31.98
84 29 132 2016-08-24T19:48:10.577
150 16 135 2016-08-24T19:59:07.747
150 15 135 2016-08-24T19:59:07.747
5 30 136 2016-08-24T20:07:08.58
154 4 143 2016-08-24T22:07:20.07
154 13 143 2016-08-24T22:07:20.07
134 14 145 2016-08-24T22:45:22.393
134 10 145 2016-08-24T22:45:22.393
134 12 146 2016-08-24T22:52:34.893
134 8 146 2016-08-24T22:52:34.893
134 5 146 2016-08-24T22:52:34.893
65 7 151 2016-08-24T23:13:05.39
134 18 154 2016-08-24T23:28:38.99
134 11 156 2016-08-24T23:32:29.62
134 18 156 2016-08-24T23:32:29.62
84 16 159 2016-08-24T23:53:00.783
7 14 169 2016-08-25T08:30:01.047
7 18 169 2016-08-25T08:30:01.047
7 31 169 2016-08-25T08:30:01.047
124 7 176 2016-08-25T10:18:34.337
124 15 176 2016-08-25T10:18:34.337
5 3 179 2016-08-25T10:36:28.413
5 32 179 2016-08-25T10:36:28.413
5 33 179 2016-08-25T10:36:28.413
5 34 179 2016-08-25T10:36:28.413
74 14 180 2016-08-25T10:39:24.59
6 35 187 2016-08-25T12:11:40.07
6 36 187 2016-08-25T12:11:40.07
6 14 194 2016-08-25T13:14:41.263
103 2 197 2016-08-25T14:40:45.8
103 32 197 2016-08-25T14:40:45.8
5 27 199 2016-08-25T14:49:51.713
90 7 206 2016-08-25T17:06:16.903
125 32 209 2016-08-25T17:57:04.05
125 14 212 2016-08-25T18:09:36.577
162 35 213 2016-08-25T18:24:52.14
162 37 213 2016-08-25T18:24:52.14
60 11 215 2016-08-25T19:55:11.567
182 9 219 2016-08-25T20:27:08.273
182 7 220 2016-08-25T20:41:45.277
93 15 227 2016-08-25T23:31:17.927
93 38 227 2016-08-25T23:31:17.927
51 2 229 2016-08-26T00:04:17.18
6 35 232 2016-08-26T06:58:03.073
6 34 232 2016-08-26T06:58:03.073
124 14 234 2016-08-26T07:59:51.51
64 35 235 2016-08-26T08:20:57.82
65 16 241 2016-08-26T10:47:57.153
65 39 241 2016-08-26T10:47:57.153
5 40 246 2016-08-26T12:04:25.227
7 41 249 2016-08-26T13:05:00.19
13 16 254 2016-08-26T14:10:56.2
134 14 257 2016-08-26T16:08:10.517
6 41 258 2016-08-26T16:10:05.083
134 14 259 2016-08-26T16:12:44.347
134 14 263 2016-08-26T16:23:16.337
134 18 263 2016-08-26T16:23:16.337
134 14 264 2016-08-26T16:29:01.033
134 14 265 2016-08-26T16:32:17.53
134 18 265 2016-08-26T16:32:17.53
65 15 266 2016-08-26T16:46:33.063
84 11 267 2016-08-26T16:58:36.793
64 34 270 2016-08-26T17:03:11.63
84 42 275 2016-08-26T17:14:45.063
182 10 283 2016-08-26T21:22:17.313
25 43 292 2016-08-27T12:47:55.467
124 32 295 2016-08-27T16:31:38.57
124 41 295 2016-08-27T16:31:38.57
134 44 300 2016-08-27T19:24:19.043
134 11 301 2016-08-27T19:28:18.593
134 44 301 2016-08-27T19:28:18.593
6 10 302 2016-08-27T19:34:03.677
6 1 302 2016-08-27T19:34:03.677
134 8 303 2016-08-27T19:35:57.947
5 29 304 2016-08-27T19:37:53.387
131 7 312 2016-08-27T21:59:38.457
51 32 315 2016-08-27T22:18:13.81
51 45 315 2016-08-27T22:18:13.81
131 14 317 2016-08-27T23:53:11.11
131 9 317 2016-08-27T23:53:11.11
193 30 320 2016-08-28T07:04:04.547
90 2 323 2016-08-28T09:22:04.323
90 10 323 2016-08-28T09:22:04.323
90 2 324 2016-08-28T09:31:13.51
90 32 324 2016-08-28T09:31:13.51
138 4 332 2016-08-28T18:41:48.88
138 16 333 2016-08-28T18:46:54.143
5 9 335 2016-08-28T20:18:15.863
5 16 335 2016-08-28T20:18:15.863
134 11 336 2016-08-28T20:26:17.74
134 44 336 2016-08-28T20:26:17.74
138 1 339 2016-08-28T23:07:17.843
7 7 344 2016-08-29T10:15:26.507
124 46 345 2016-08-29T10:19:56.207
6 2 349 2016-08-29T13:46:44.167
6 47 351 2016-08-29T14:06:19.85
6 14 352 2016-08-29T14:17:09.307
13 14 355 2016-08-29T14:53:46.623
134 11 368 2016-08-29T20:45:35.89
134 44 368 2016-08-29T20:45:35.89
134 8 369 2016-08-29T20:52:07.76
134 27 369 2016-08-29T20:52:07.76
221 29 373 2016-08-30T02:44:36.99
134 12 378 2016-08-30T06:11:48.517
134 8 378 2016-08-30T06:11:48.517
134 5 378 2016-08-30T06:11:48.517
134 12 380 2016-08-30T06:20:20.74
134 8 380 2016-08-30T06:20:20.74
134 5 380 2016-08-30T06:20:20.74
134 12 383 2016-08-30T06:36:32.45
134 8 383 2016-08-30T06:36:32.45
134 5 383 2016-08-30T06:36:32.45
150 16 385 2016-08-30T06:53:33.967
7 7 389 2016-08-30T08:56:48.163
138 11 395 2016-08-30T10:22:19.913
138 48 395 2016-08-30T10:22:19.913
211 14 398 2016-08-30T10:28:03.787
138 17 401 2016-08-30T10:37:05.157
138 49 401 2016-08-30T10:37:05.157
211 30 405 2016-08-30T12:15:03.463
97 2 409 2016-08-30T12:54:10.753
97 16 409 2016-08-30T12:54:10.753
84 2 414 2016-08-30T13:30:25.097
36 32 416 2016-08-30T15:20:15.603
36 35 416 2016-08-30T15:20:15.603
211 32 420 2016-08-30T17:20:33.633
211 45 420 2016-08-30T17:20:33.633
211 14 422 2016-08-30T17:36:38.177
134 22 425 2016-08-30T20:25:32.473
134 50 425 2016-08-30T20:25:32.473
6 45 427 2016-08-30T21:21:25.973
84 2 428 2016-08-30T21:28:03.357
84 41 428 2016-08-30T21:28:03.357
84 32 428 2016-08-30T21:28:03.357
158 15 431 2016-08-30T23:00:22.253
158 38 431 2016-08-30T23:00:22.253
84 2 433 2016-08-31T00:35:36.03
84 41 433 2016-08-31T00:35:36.03
13 16 441 2016-08-31T11:58:09.86
150 35 449 2016-08-31T19:31:35.817
150 3 449 2016-08-31T19:31:35.817
138 48 451 2016-08-31T22:17:05.477
138 40 451 2016-08-31T22:17:05.477
138 11 452 2016-08-31T22:20:16.917
134 12 453 2016-08-31T23:38:38.303
134 50 453 2016-08-31T23:38:38.303
124 41 462 2016-09-01T12:50:08.963
6 7 465 2016-09-01T20:40:49.567
5 9 469 2016-09-02T09:53:29.033
138 11 470 2016-09-02T12:18:21.373
134 11 474 2016-09-02T17:09:20.883
134 44 474 2016-09-02T17:09:20.883
6 2 476 2016-09-02T18:25:04.587
6 45 477 2016-09-02T18:32:24.117
6 14 479 2016-09-02T21:02:42.477
5 2 480 2016-09-02T21:08:40.903
5 3 480 2016-09-02T21:08:40.903
6 45 481 2016-09-02T21:10:35.383
70 38 487 2016-09-03T01:42:41.38
150 45 490 2016-09-03T14:26:45.787
6 2 492 2016-09-04T00:05:01.697
6 41 493 2016-09-04T00:11:07.947
6 2 494 2016-09-04T00:15:01.797
6 38 494 2016-09-04T00:15:01.797
134 32 498 2016-09-04T07:37:33.423
13 2 499 2016-09-04T08:23:20.59
131 14 502 2016-09-04T13:52:52.42
150 45 505 2016-09-04T17:19:42.863
7 2 518 2016-09-05T09:10:37.703
150 2 523 2016-09-05T14:57:46.277
150 41 523 2016-09-05T14:57:46.277
150 51 523 2016-09-05T14:57:46.277
50 8 524 2016-09-05T15:23:12.613
6 41 526 2016-09-05T15:34:41.263
150 45 528 2016-09-05T15:40:37.123
51 14 531 2016-09-06T00:21:24.483
252 11 534 2016-09-06T07:43:08.203
252 44 534 2016-09-06T07:43:08.203
131 32 537 2016-09-06T11:37:01.243
6 52 541 2016-09-06T17:40:32.253
134 14 542 2016-09-06T19:10:24.377
127 2 547 2016-09-07T10:02:39.323
6 53 551 2016-09-07T11:45:10.15
6 2 552 2016-09-07T12:10:14.213
6 1 553 2016-09-07T12:27:38.663
13 41 559 2016-09-07T19:40:51.1
6 1 563 2016-09-08T14:22:19.9
6 45 566 2016-09-08T15:05:52.577
6 10 568 2016-09-08T15:17:00.667
6 54 568 2016-09-08T15:17:00.667
25 45 569 2016-09-08T16:05:40.41
6 41 570 2016-09-08T16:36:32.687
64 32 571 2016-09-08T17:04:56.64
64 31 571 2016-09-08T17:04:56.64
150 41 575 2016-09-08T19:40:23.58
150 41 576 2016-09-08T19:55:33.593
13 35 579 2016-09-08T20:39:21.43
13 55 579 2016-09-08T20:39:21.43
84 2 581 2016-09-09T00:33:43.767
84 41 581 2016-09-09T00:33:43.767
124 29 587 2016-09-09T08:36:42.983
131 41 589 2016-09-09T09:17:13.84
14 32 590 2016-09-09T09:19:57.653
227 11 593 2016-09-09T10:04:37.617
227 44 593 2016-09-09T10:04:37.617
227 56 593 2016-09-09T10:04:37.617
150 45 606 2016-09-09T22:34:58.52
150 2 607 2016-09-09T22:40:44.37
150 41 607 2016-09-09T22:40:44.37
108 41 610 2016-09-10T13:12:08.58
262 34 611 2016-09-10T14:36:59.713
262 33 611 2016-09-10T14:36:59.713
6 2 615 2016-09-10T19:31:24.14
6 55 615 2016-09-10T19:31:24.14
6 57 615 2016-09-10T19:31:24.14
25 58 618 2016-09-10T20:02:16.787
6 2 623 2016-09-11T12:01:28.293
6 41 623 2016-09-11T12:01:28.293
5 2 628 2016-09-12T18:31:54.05
5 3 628 2016-09-12T18:31:54.05
24 2 629 2016-09-12T19:15:17.503
64 21 632 2016-09-12T21:31:16.44
64 33 633 2016-09-12T21:39:58.503
64 59 633 2016-09-12T21:39:58.503
6 14 634 2016-09-12T22:06:24.72
64 31 636 2016-09-13T05:32:53.497
64 58 636 2016-09-13T05:32:53.497
103 32 639 2016-09-13T06:31:55.08
6 36 642 2016-09-13T09:05:00.85
6 60 642 2016-09-13T09:05:00.85
6 45 644 2016-09-13T09:56:03.597
134 8 649 2016-09-13T11:02:49.643
134 14 653 2016-09-13T17:35:48.613
57 2 654 2016-09-13T18:21:45.493
84 2 655 2016-09-13T20:02:17.82
84 32 655 2016-09-13T20:02:17.82
6 41 661 2016-09-13T21:46:16.323
6 7 662 2016-09-13T21:50:18.233
6 36 663 2016-09-13T22:04:01.803
6 60 663 2016-09-13T22:04:01.803
38 29 681 2016-09-14T09:00:00.727
124 45 683 2016-09-14T09:55:45.687
297 17 689 2016-09-14T12:49:40.22
84 41 691 2016-09-14T13:32:02.377
84 32 691 2016-09-14T13:32:02.377
300 8 692 2016-09-14T13:34:17.34
300 5 692 2016-09-14T13:34:17.34
300 61 692 2016-09-14T13:34:17.34
89 41 695 2016-09-14T14:04:25.957
89 38 695 2016-09-14T14:04:25.957
282 38 701 2016-09-14T15:44:45.59
134 45 705 2016-09-14T16:26:09.737
134 36 705 2016-09-14T16:26:09.737
150 14 712 2016-09-14T19:57:03.307
84 32 714 2016-09-14T20:26:59.64
84 15 714 2016-09-14T20:26:59.64
6 45 715 2016-09-14T20:28:39.097
6 47 715 2016-09-14T20:28:39.097
312 55 718 2016-09-14T22:22:39.727
134 14 720 2016-09-15T00:13:01.95
315 2 722 2016-09-15T01:33:02.457
297 45 735 2016-09-15T13:03:15.177
279 36 737 2016-09-15T13:16:19.573
97 29 739 2016-09-15T13:44:15.51
297 45 741 2016-09-15T13:53:24.567
292 55 749 2016-09-15T15:01:28.047
60 38 752 2016-09-15T18:38:16.84
278 6 753 2016-09-15T19:19:33.053
6 41 755 2016-09-15T20:40:40.353
6 38 755 2016-09-15T20:40:40.353
334 9 763 2016-09-15T22:35:22.373
51 32 765 2016-09-15T23:33:53.31
131 2 771 2016-09-16T09:50:17.25
131 36 771 2016-09-16T09:50:17.25
84 41 781 2016-09-16T13:59:52.44
84 41 782 2016-09-16T14:31:01.023
131 14 786 2016-09-16T21:48:58.393
131 48 786 2016-09-16T21:48:58.393
6 14 789 2016-09-16T22:55:26.87
6 48 789 2016-09-16T22:55:26.87
154 9 790 2016-09-17T01:09:56.053
301 45 792 2016-09-17T04:33:01.2
295 14 793 2016-09-17T05:14:56.433
295 18 793 2016-09-17T05:14:56.433
289 45 795 2016-09-17T07:52:35.127
289 32 795 2016-09-17T07:52:35.127
90 18 799 2016-09-17T09:53:36.453
150 2 800 2016-09-17T10:18:43.52
6 2 801 2016-09-17T10:50:37.277
84 32 805 2016-09-17T13:10:18.55
131 9 811 2016-09-17T16:21:15.693
131 7 811 2016-09-17T16:21:15.693
131 62 813 2016-09-17T16:44:30.727
6 41 819 2016-09-17T19:34:35.453
6 36 819 2016-09-17T19:34:35.453
131 11 824 2016-09-17T21:47:30.373
103 2 828 2016-09-17T23:35:46.08
98 1 829 2016-09-17T23:38:24.83
279 41 830 2016-09-17T23:41:37.6
44 55 837 2016-09-18T08:03:10.87
25 32 843 2016-09-18T11:11:56.157
25 45 843 2016-09-18T11:11:56.157
293 32 845 2016-09-18T13:07:01.653
293 45 845 2016-09-18T13:07:01.653
14 16 848 2016-09-18T13:44:49.44
51 32 850 2016-09-18T14:08:38.81
84 2 861 2016-09-18T20:26:52.447
362 29 865 2016-09-18T21:04:34.037
358 11 866 2016-09-18T21:43:11.087
358 44 866 2016-09-18T21:43:11.087
84 41 869 2016-09-18T23:46:56.597
124 2 875 2016-09-19T09:36:51.93
52 41 882 2016-09-19T13:02:23.38
52 32 882 2016-09-19T13:02:23.38
6 15 887 2016-09-19T15:39:46.65
6 55 887 2016-09-19T15:39:46.65
84 17 894 2016-09-19T21:46:20.04
5 45 901 2016-09-20T07:37:52.787
124 47 904 2016-09-20T09:55:26.09
6 2 915 2016-09-20T16:45:16.077
143 41 916 2016-09-20T17:42:53.44
13 16 921 2016-09-20T19:23:49.43
13 4 921 2016-09-20T19:23:49.43
362 5 928 2016-09-20T21:04:40.193
362 13 928 2016-09-20T21:04:40.193
362 63 928 2016-09-20T21:04:40.193
150 35 930 2016-09-20T21:12:05.047
279 7 934 2016-09-21T01:39:06.34
394 2 940 2016-09-21T06:45:41.107
6 47 946 2016-09-21T11:35:03.427
6 45 947 2016-09-21T11:44:16.013
84 35 951 2016-09-21T17:34:51.993
84 36 951 2016-09-21T17:34:51.993
84 39 951 2016-09-21T17:34:51.993
84 35 955 2016-09-21T20:10:09.477
84 39 955 2016-09-21T20:10:09.477
301 2 960 2016-09-22T00:41:59.28
301 41 966 2016-09-22T12:32:25.48
150 45 969 2016-09-22T13:51:33.113
150 35 969 2016-09-22T13:51:33.113
150 2 971 2016-09-22T16:31:11.633
150 41 972 2016-09-22T16:33:36.413
131 61 974 2016-09-22T17:06:56.06
84 32 975 2016-09-22T17:09:19.887
6 7 983 2016-09-22T19:22:24.14
6 64 983 2016-09-22T19:22:24.14
24 29 986 2016-09-22T20:48:19.307
84 2 993 2016-09-23T13:58:38.307
6 2 995 2016-09-23T16:33:05.643
6 45 1000 2016-09-23T21:57:56.967
14 52 1001 2016-09-23T22:22:30.253
14 64 1001 2016-09-23T22:22:30.253
103 2 1002 2016-09-23T22:36:16.013
103 32 1002 2016-09-23T22:36:16.013
103 38 1002 2016-09-23T22:36:16.013
6 11 1004 2016-09-23T23:11:08.84
6 56 1004 2016-09-23T23:11:08.84
6 27 1004 2016-09-23T23:11:08.84
410 12 1008 2016-09-24T08:23:57.333
150 42 1010 2016-09-24T08:32:26.017
5 55 1012 2016-09-24T09:16:32.91
6 45 1016 2016-09-24T10:45:30.373
6 47 1016 2016-09-24T10:45:30.373
36 2 1019 2016-09-24T21:03:56.667
84 32 1020 2016-09-24T21:15:51
6 14 1023 2016-09-24T21:47:18.23
6 45 1030 2016-09-25T09:47:22.397
6 7 1030 2016-09-25T09:47:22.397
150 2 1033 2016-09-25T13:54:18.357
262 2 1036 2016-09-25T23:32:56.4
262 33 1036 2016-09-25T23:32:56.4
279 41 1038 2016-09-26T03:25:32.337
267 32 1042 2016-09-26T09:02:41.11
6 18 1049 2016-09-26T16:39:27.03
6 27 1049 2016-09-26T16:39:27.03
150 2 1052 2016-09-26T19:22:52.453
150 45 1053 2016-09-26T19:54:40.147
134 45 1058 2016-09-26T22:55:08.147
134 36 1060 2016-09-27T00:42:34.297
134 55 1060 2016-09-27T00:42:34.297
11 55 1061 2016-09-27T04:08:38.203
150 55 1064 2016-09-27T05:56:58.697
279 59 1067 2016-09-27T06:54:36.987
124 61 1070 2016-09-27T09:25:02.823
124 16 1072 2016-09-27T13:10:12.613
124 32 1072 2016-09-27T13:10:12.613
6 36 1073 2016-09-27T13:23:08.773
6 51 1077 2016-09-27T19:32:47.71
134 45 1079 2016-09-27T19:59:51.883
134 32 1079 2016-09-27T19:59:51.883
56 1 1082 2016-09-27T20:10:56.99
56 65 1082 2016-09-27T20:10:56.99
439 55 1086 2016-09-27T21:34:56.743
134 14 1092 2016-09-27T23:30:57.667
134 2 1093 2016-09-27T23:36:04.59
13 47 1095 2016-09-28T00:14:48.43
13 66 1095 2016-09-28T00:14:48.43
106 14 1101 2016-09-28T09:02:04.603
106 1 1101 2016-09-28T09:02:04.603
106 61 1104 2016-09-28T09:47:13.723
5 14 1105 2016-09-28T10:42:23.417
134 11 1113 2016-09-28T18:14:54.753
5 9 1114 2016-09-28T18:34:24.603
150 2 1116 2016-09-28T20:04:51.23
134 14 1119 2016-09-28T21:51:32.81
134 18 1119 2016-09-28T21:51:32.81
6 14 1120 2016-09-28T21:52:08.673
410 9 1128 2016-09-29T07:41:47.533
13 14 1135 2016-09-29T11:46:05.713
13 67 1135 2016-09-29T11:46:05.713
150 35 1136 2016-09-29T12:10:59.28
131 6 1138 2016-09-29T15:12:53.757
134 4 1141 2016-09-29T18:59:32.85
134 63 1141 2016-09-29T18:59:32.85
150 55 1144 2016-09-29T19:56:12.36
150 33 1144 2016-09-29T19:56:12.36
439 18 1147 2016-09-29T21:28:18.03
439 48 1147 2016-09-29T21:28:18.03
439 27 1147 2016-09-29T21:28:18.03
134 4 1158 2016-09-30T21:43:33.447
150 45 1160 2016-09-30T22:26:49.9
369 15 1161 2016-09-30T22:29:42.247
369 55 1161 2016-09-30T22:29:42.247
84 41 1163 2016-10-01T01:22:08.77
150 35 1168 2016-10-01T12:37:51.073
6 37 1171 2016-10-01T16:50:56.393
6 68 1171 2016-10-01T16:50:56.393
6 55 1172 2016-10-01T17:00:03.2
6 52 1172 2016-10-01T17:00:03.2
6 57 1172 2016-10-01T17:00:03.2
6 2 1173 2016-10-01T17:08:55.927
6 55 1173 2016-10-01T17:08:55.927
297 52 1174 2016-10-01T17:14:13.287
301 41 1175 2016-10-01T17:26:57.53
150 35 1179 2016-10-01T18:26:05.78
150 68 1179 2016-10-01T18:26:05.78
150 2 1180 2016-10-01T18:41:34.513
150 32 1188 2016-10-02T12:17:56.28
150 35 1188 2016-10-02T12:17:56.28
293 45 1190 2016-10-02T14:27:48.65
293 32 1190 2016-10-02T14:27:48.65
6 58 1192 2016-10-02T18:15:51.69
103 32 1195 2016-10-03T00:51:17.103
103 36 1195 2016-10-03T00:51:17.103
144 36 1201 2016-10-03T10:33:42.05
144 55 1201 2016-10-03T10:33:42.05
150 32 1208 2016-10-03T19:38:33.483
6 23 1212 2016-10-03T22:32:38.14
6 41 1213 2016-10-03T23:26:18.517
466 32 1216 2016-10-04T06:34:04.113
262 35 1221 2016-10-04T10:54:06.087
262 55 1221 2016-10-04T10:54:06.087
134 2 1225 2016-10-04T22:50:03.087
134 6 1225 2016-10-04T22:50:03.087
124 2 1227 2016-10-05T06:55:23.717
124 55 1227 2016-10-05T06:55:23.717
124 6 1227 2016-10-05T06:55:23.717
297 45 1233 2016-10-05T12:30:53.823
84 2 1234 2016-10-05T13:13:19.397
84 2 1238 2016-10-05T14:24:41.183
84 45 1238 2016-10-05T14:24:41.183
150 2 1240 2016-10-05T15:40:51.013
131 68 1241 2016-10-05T15:53:34.61
150 35 1244 2016-10-05T16:13:27.467
150 6 1244 2016-10-05T16:13:27.467
150 33 1244 2016-10-05T16:13:27.467
150 34 1244 2016-10-05T16:13:27.467
150 45 1245 2016-10-05T16:53:03.587
150 35 1245 2016-10-05T16:53:03.587
6 2 1248 2016-10-05T19:02:41.193
150 61 1249 2016-10-05T19:50:20.873
369 27 1251 2016-10-05T20:47:48.107
134 7 1252 2016-10-05T22:36:24.637
134 14 1253 2016-10-05T22:38:05.967
134 18 1253 2016-10-05T22:38:05.967
134 7 1254 2016-10-05T22:40:32.73
134 14 1255 2016-10-05T22:42:16.433
134 10 1255 2016-10-05T22:42:16.433
134 14 1256 2016-10-05T22:51:39.927
134 10 1256 2016-10-05T22:51:39.927
64 33 1270 2016-10-06T05:57:06.56
64 52 1270 2016-10-06T05:57:06.56
487 33 1275 2016-10-06T11:16:50.46
487 34 1275 2016-10-06T11:16:50.46
56 32 1278 2016-10-06T12:44:22.343
84 59 1282 2016-10-06T13:30:18.38
134 32 1292 2016-10-06T16:35:31.903
134 14 1293 2016-10-06T16:39:37.82
150 32 1297 2016-10-06T19:25:37.24
150 45 1297 2016-10-06T19:25:37.24
6 41 1299 2016-10-06T19:35:20.463
494 11 1300 2016-10-06T19:38:12.83
494 10 1300 2016-10-06T19:38:12.83
495 32 1304 2016-10-06T20:21:55.473
134 45 1312 2016-10-06T22:18:12.86
134 41 1313 2016-10-06T22:22:07.847
6 45 1326 2016-10-07T08:28:30.05
64 2 1329 2016-10-07T15:28:03.03
64 31 1329 2016-10-07T15:28:03.03
70 32 1330 2016-10-07T15:35:54.527
70 45 1330 2016-10-07T15:35:54.527
439 32 1336 2016-10-07T19:24:07.197
150 2 1339 2016-10-07T21:18:33.917
150 34 1339 2016-10-07T21:18:33.917
507 41 1342 2016-10-08T02:25:02.3
150 32 1347 2016-10-08T11:43:27.49
84 41 1348 2016-10-08T11:45:36.503
84 45 1349 2016-10-08T12:02:03.927
353 1 1354 2016-10-08T19:15:51.75
6 45 1361 2016-10-08T23:12:49.197
6 15 1362 2016-10-08T23:34:14.58
6 2 1363 2016-10-08T23:39:07.077
6 41 1365 2016-10-08T23:44:07.837
513 1 1370 2016-10-09T06:44:29.333
134 32 1373 2016-10-09T13:54:53.947
150 15 1375 2016-10-09T16:42:59.823
134 14 1377 2016-10-09T18:33:53.473
134 9 1377 2016-10-09T18:33:53.473
353 4 1379 2016-10-09T20:03:06.48
134 32 1380 2016-10-09T20:42:43.833
6 55 1381 2016-10-09T20:43:24.543
262 32 1389 2016-10-09T23:54:39.17
507 2 1391 2016-10-10T00:48:34.7
517 29 1392 2016-10-10T01:04:39.49
56 32 1402 2016-10-10T10:19:21.497
56 32 1403 2016-10-10T10:37:49.37
56 45 1403 2016-10-10T10:37:49.37
150 55 1411 2016-10-10T18:35:27.95
134 32 1416 2016-10-10T20:48:04.393
13 47 1419 2016-10-10T22:24:19.607
442 48 1424 2016-10-10T22:35:01.723
517 2 1437 2016-10-11T06:36:09.677
517 25 1437 2016-10-11T06:36:09.677
6 41 1444 2016-10-11T12:50:59.593
537 32 1447 2016-10-11T14:45:13.857
537 41 1447 2016-10-11T14:45:13.857
353 2 1451 2016-10-11T18:16:23.503
353 36 1451 2016-10-11T18:16:23.503
150 32 1453 2016-10-11T20:13:01.14
150 45 1453 2016-10-11T20:13:01.14
541 53 1463 2016-10-12T06:38:29.317
6 55 1464 2016-10-12T07:15:28.743
6 35 1464 2016-10-12T07:15:28.743
6 15 1464 2016-10-12T07:15:28.743
124 32 1466 2016-10-12T07:48:03.327
124 41 1466 2016-10-12T07:48:03.327
123 32 1478 2016-10-12T14:02:35.233
123 45 1478 2016-10-12T14:02:35.233
6 32 1482 2016-10-12T16:53:12.493
150 11 1485 2016-10-12T20:06:45.95
150 15 1485 2016-10-12T20:06:45.95
150 52 1485 2016-10-12T20:06:45.95
5 14 1486 2016-10-12T20:15:19.2
5 9 1486 2016-10-12T20:15:19.2
60 69 1488 2016-10-12T20:50:38.733
442 14 1489 2016-10-12T21:09:47.173
442 1 1489 2016-10-12T21:09:47.173
5 14 1501 2016-10-13T15:58:26.933
369 35 1503 2016-10-13T19:36:55.997
89 32 1504 2016-10-13T19:50:29.837
89 45 1504 2016-10-13T19:50:29.837
6 52 1505 2016-10-13T19:56:20.017
6 17 1505 2016-10-13T19:56:20.017
150 32 1506 2016-10-13T20:23:04.783
90 32 1510 2016-10-13T22:10:46.083
70 14 1513 2016-10-14T01:46:12.357
442 29 1525 2016-10-14T07:52:47.27
442 52 1525 2016-10-14T07:52:47.27
442 46 1525 2016-10-14T07:52:47.27
5 51 1527 2016-10-14T08:53:52.647
84 2 1530 2016-10-14T10:20:15.03
56 9 1531 2016-10-14T10:29:58.227
70 12 1535 2016-10-14T11:18:29.39
70 5 1535 2016-10-14T11:18:29.39
537 2 1539 2016-10-14T13:59:00.087
52 2 1546 2016-10-14T21:53:25.667
52 16 1546 2016-10-14T21:53:25.667
150 35 1548 2016-10-14T23:18:29.59
353 16 1550 2016-10-15T00:19:15.05
517 27 1552 2016-10-15T02:58:12.717
517 70 1552 2016-10-15T02:58:12.717
134 32 1554 2016-10-15T10:38:37.74
134 14 1554 2016-10-15T10:38:37.74
6 45 1556 2016-10-15T11:58:16.72
150 17 1559 2016-10-15T21:26:17.207
150 35 1560 2016-10-15T21:45:45.023
150 32 1562 2016-10-15T22:01:39.607
270 32 1566 2016-10-16T00:31:38.533
150 2 1569 2016-10-16T08:53:42.303
150 35 1570 2016-10-16T09:40:44.037
150 15 1570 2016-10-16T09:40:44.037
38 2 1573 2016-10-16T10:22:17.263
38 60 1573 2016-10-16T10:22:17.263
134 32 1575 2016-10-16T11:42:53.597
134 45 1575 2016-10-16T11:42:53.597
160 7 1576 2016-10-16T13:16:31.96
160 4 1576 2016-10-16T13:16:31.96
147 33 1577 2016-10-16T13:20:50.59
147 34 1577 2016-10-16T13:20:50.59
84 41 1579 2016-10-16T14:03:18.453
150 45 1580 2016-10-16T14:52:22.43
517 32 1585 2016-10-16T16:20:20.333
134 32 1586 2016-10-16T16:31:18.35
442 29 1595 2016-10-17T05:40:45.4
442 46 1595 2016-10-17T05:40:45.4
6 36 1603 2016-10-17T13:21:22
6 17 1603 2016-10-17T13:21:22
150 45 1608 2016-10-17T14:55:53.63
150 35 1608 2016-10-17T14:55:53.63
584 32 1611 2016-10-17T18:01:54.417
297 45 1613 2016-10-17T19:16:16.07
52 2 1614 2016-10-17T19:27:39
52 41 1614 2016-10-17T19:27:39
52 35 1614 2016-10-17T19:27:39
52 16 1614 2016-10-17T19:27:39
84 55 1615 2016-10-17T19:51:03.657
84 41 1619 2016-10-18T00:54:30.923
586 55 1621 2016-10-18T07:23:45.53
56 32 1626 2016-10-18T16:48:36.583
56 71 1626 2016-10-18T16:48:36.583
150 45 1629 2016-10-18T17:30:40.94
150 35 1629 2016-10-18T17:30:40.94
6 7 1633 2016-10-18T19:38:34.99
6 36 1634 2016-10-18T21:08:44.803
6 17 1634 2016-10-18T21:08:44.803
369 2 1638 2016-10-18T22:06:20.45
369 34 1638 2016-10-18T22:06:20.45
553 45 1644 2016-10-19T06:33:40.847
524 16 1645 2016-10-19T07:37:35.387
75 27 1655 2016-10-19T15:42:36.053
553 2 1656 2016-10-19T16:07:40.07
541 44 1660 2016-10-19T19:03:57.723
150 16 1663 2016-10-19T19:28:51.313
150 6 1663 2016-10-19T19:28:51.313
134 55 1665 2016-10-19T20:47:23.03
602 32 1669 2016-10-20T00:47:36.097
602 48 1669 2016-10-20T00:47:36.097
13 38 1674 2016-10-20T15:46:42.977
6 45 1676 2016-10-20T18:36:48.147
6 18 1677 2016-10-20T19:38:25.947
369 47 1680 2016-10-20T22:43:47.223
369 68 1680 2016-10-20T22:43:47.223
150 45 1682 2016-10-21T05:40:06.52
442 32 1684 2016-10-21T06:13:00.793
537 32 1694 2016-10-21T14:38:16.357
6 47 1697 2016-10-21T17:00:26.437
6 14 1698 2016-10-21T17:38:04.097
6 55 1698 2016-10-21T17:38:04.097
6 38 1700 2016-10-21T19:09:03.02
134 45 1701 2016-10-21T19:19:46.197
56 45 1710 2016-10-22T13:03:22.78
591 14 1714 2016-10-22T15:00:14.3
591 11 1715 2016-10-22T16:03:20.2
517 2 1716 2016-10-22T17:59:57.607
517 33 1716 2016-10-22T17:59:57.607
150 45 1717 2016-10-22T18:03:03.343
150 35 1722 2016-10-22T21:27:46.343
150 17 1722 2016-10-22T21:27:46.343
5 14 1723 2016-10-22T22:24:40.117
503 35 1724 2016-10-22T22:34:46.353
11 41 1726 2016-10-22T23:15:48.01
442 32 1730 2016-10-23T06:37:31.007
442 9 1730 2016-10-23T06:37:31.007
442 18 1730 2016-10-23T06:37:31.007
134 32 1732 2016-10-23T08:56:37.267
297 55 1740 2016-10-23T13:41:59.173
64 32 1745 2016-10-23T16:51:49.47
134 32 1747 2016-10-23T17:46:12.12
6 41 1751 2016-10-23T20:51:07.59
134 32 1760 2016-10-24T15:41:09.267
134 14 1764 2016-10-24T16:39:00.653
134 18 1764 2016-10-24T16:39:00.653
134 18 1767 2016-10-24T17:41:30.483
134 14 1770 2016-10-24T19:06:38.793
150 11 1772 2016-10-24T19:48:17.083
503 45 1780 2016-10-25T10:27:54.017
503 53 1780 2016-10-25T10:27:54.017
150 45 1783 2016-10-25T14:11:13.657
6 36 1784 2016-10-25T14:20:10.693
537 45 1785 2016-10-25T14:20:50.933
6 41 1787 2016-10-25T14:42:24.463
6 55 1787 2016-10-25T14:42:24.463
6 45 1791 2016-10-25T15:32:51.41
6 41 1797 2016-10-25T16:01:24.443
6 36 1797 2016-10-25T16:01:24.443
503 45 1806 2016-10-25T23:19:26.24
503 35 1806 2016-10-25T23:19:26.24
84 41 1807 2016-10-26T01:49:43.233
442 69 1810 2016-10-26T08:11:44.003
442 71 1810 2016-10-26T08:11:44.003
6 41 1812 2016-10-26T15:33:57.303
6 55 1812 2016-10-26T15:33:57.303
6 45 1818 2016-10-26T20:33:23.883
5 11 1819 2016-10-26T20:52:41.013
442 32 1823 2016-10-27T06:09:07.497
633 14 1828 2016-10-27T16:08:49.827
634 28 1830 2016-10-27T16:23:18.617
6 2 1837 2016-10-27T19:43:45.303
6 58 1837 2016-10-27T19:43:45.303
6 45 1845 2016-10-28T11:37:26.54
369 2 1848 2016-10-28T14:03:49.213
369 45 1848 2016-10-28T14:03:49.213
150 35 1851 2016-10-28T19:42:45.27
150 45 1856 2016-10-29T05:46:24.63
6 47 1857 2016-10-29T07:31:08.617
6 47 1858 2016-10-29T07:38:56.78
13 45 1863 2016-10-29T10:05:33.083
503 72 1867 2016-10-29T12:29:14.89
6 7 1870 2016-10-29T13:58:04.503
13 25 1872 2016-10-29T14:31:05.073
539 71 1875 2016-10-29T17:43:02.143
539 71 1877 2016-10-29T18:10:21.703
539 18 1879 2016-10-29T20:00:42.197
6 1 1880 2016-10-29T20:02:45.77
6 45 1882 2016-10-29T22:33:18.75
6 47 1882 2016-10-29T22:33:18.75
638 32 1884 2016-10-29T22:46:22.23
638 45 1884 2016-10-29T22:46:22.23
6 11 1886 2016-10-29T23:09:34.533
6 27 1886 2016-10-29T23:09:34.533
503 29 1889 2016-10-30T11:17:40.89
150 45 1892 2016-10-30T23:02:12.01
150 45 1893 2016-10-30T23:05:31.97
428 32 1898 2016-10-31T13:16:11.36
428 55 1898 2016-10-31T13:16:11.36
537 45 1905 2016-10-31T16:31:44.253
6 7 1907 2016-10-31T17:13:06.613
646 47 1912 2016-10-31T18:34:56.56
84 41 1914 2016-10-31T19:19:29.857
6 73 1916 2016-10-31T19:37:29.51
6 45 1918 2016-10-31T20:01:26.993
124 8 1920 2016-11-01T08:44:26.363
124 5 1920 2016-11-01T08:44:26.363
143 32 1926 2016-11-01T12:49:19.387
143 41 1926 2016-11-01T12:49:19.387
84 45 1930 2016-11-01T16:34:01.397
134 18 1933 2016-11-01T21:10:59.153
649 33 1936 2016-11-02T04:34:14.677
49 32 1938 2016-11-02T05:00:50.043
6 74 1948 2016-11-02T13:48:06.037
6 47 1955 2016-11-02T22:24:04.14
649 32 1956 2016-11-02T22:32:55.873
649 47 1956 2016-11-02T22:32:55.873
649 75 1956 2016-11-02T22:32:55.873
634 29 1960 2016-11-03T02:27:56.273
494 5 1964 2016-11-03T15:17:23.487
649 35 1970 2016-11-03T23:47:05.233
297 45 1976 2016-11-04T12:33:50.453
297 52 1976 2016-11-04T12:33:50.453
369 16 1978 2016-11-05T08:22:31.263
56 1 1979 2016-11-05T09:01:16.993
150 45 1984 2016-11-05T12:06:39.86
150 2 1985 2016-11-05T12:15:18.323
150 7 1986 2016-11-05T12:22:29.9
6 36 1993 2016-11-05T18:42:34.803
466 32 1998 2016-11-06T08:48:46.723
466 45 1998 2016-11-06T08:48:46.723
150 35 1999 2016-11-06T09:55:06.84
150 36 2000 2016-11-06T10:12:05.06
89 32 2008 2016-11-06T17:00:27.93
124 32 2011 2016-11-07T06:39:44.063
297 8 2014 2016-11-07T14:59:21.63
6 45 2016 2016-11-07T15:43:01.407
649 14 2018 2016-11-07T19:53:12.913
553 32 2019 2016-11-07T21:44:06.943
279 2 2028 2016-11-08T18:23:45.29
279 35 2028 2016-11-08T18:23:45.29
150 42 2035 2016-11-09T10:32:19.24
665 41 2037 2016-11-09T14:50:55.15
103 2 2038 2016-11-09T15:15:25.77
103 36 2038 2016-11-09T15:15:25.77
150 14 2040 2016-11-09T15:35:16.457
665 41 2041 2016-11-09T15:37:18.947
150 41 2048 2016-11-10T11:16:27.783
150 35 2048 2016-11-10T11:16:27.783
503 41 2050 2016-11-10T12:53:37.803
503 76 2053 2016-11-10T17:48:58.177
150 55 2057 2016-11-10T22:41:44.613
124 2 2059 2016-11-11T06:45:48.517
124 32 2061 2016-11-11T08:04:30.533
124 32 2065 2016-11-11T11:46:14.68
262 32 2071 2016-11-11T13:48:20.787
150 8 2075 2016-11-11T18:34:00.473
49 32 2080 2016-11-11T21:40:34.147
665 45 2087 2016-11-12T12:37:50.837
52 2 2089 2016-11-12T15:57:04.08
52 41 2089 2016-11-12T15:57:04.08
52 16 2089 2016-11-12T15:57:04.08
52 33 2089 2016-11-12T15:57:04.08
150 45 2090 2016-11-12T16:30:12.633
553 27 2093 2016-11-12T19:56:55.13
665 55 2095 2016-11-12T22:25:18.097
665 51 2095 2016-11-12T22:25:18.097
150 45 2096 2016-11-12T22:56:55.377
503 27 2100 2016-11-13T10:54:30.75
503 56 2100 2016-11-13T10:54:30.75
503 45 2101 2016-11-13T11:08:47.11
553 7 2103 2016-11-13T12:08:28.947
553 12 2103 2016-11-13T12:08:28.947
49 35 2110 2016-11-13T17:26:48.283
49 16 2110 2016-11-13T17:26:48.283
49 3 2110 2016-11-13T17:26:48.283
134 32 2114 2016-11-13T21:11:21.073
134 48 2116 2016-11-13T21:35:49.32
442 32 2118 2016-11-14T01:42:05.557
442 61 2118 2016-11-14T01:42:05.557
442 14 2119 2016-11-14T03:00:39.54
442 9 2119 2016-11-14T03:00:39.54
49 52 2122 2016-11-14T07:05:54.137
503 15 2125 2016-11-14T11:41:46.06
13 2 2133 2016-11-14T16:42:31.337
503 29 2135 2016-11-14T21:53:38.88
150 14 2138 2016-11-15T07:16:29.353
150 56 2138 2016-11-15T07:16:29.353
60 45 2153 2016-11-15T20:05:33.723
106 14 2156 2016-11-16T14:07:32.543
106 67 2156 2016-11-16T14:07:32.543
553 16 2163 2016-11-17T22:07:44.813
553 77 2163 2016-11-17T22:07:44.813
70 14 2165 2016-11-18T17:35:44.76
150 56 2169 2016-11-18T21:04:50.583
150 41 2173 2016-11-18T21:53:50.29
553 18 2174 2016-11-18T22:11:34.503
553 77 2174 2016-11-18T22:11:34.503
150 11 2179 2016-11-19T08:43:36.637
503 16 2181 2016-11-19T15:02:54.27
150 14 2185 2016-11-20T08:22:54.927
150 11 2185 2016-11-20T08:22:54.927
150 35 2187 2016-11-20T08:32:03.793
150 2 2188 2016-11-20T08:48:26.407
150 34 2189 2016-11-20T08:52:53.147
297 27 2198 2016-11-20T19:51:36.827
150 51 2200 2016-11-21T07:17:38.137
503 45 2204 2016-11-21T21:31:17.97
150 45 2206 2016-11-21T23:47:58.537
633 45 2208 2016-11-22T05:24:57.933
150 45 2210 2016-11-22T17:41:45.72
89 51 2211 2016-11-22T18:28:16.407
150 45 2216 2016-11-23T07:30:53.243
106 32 2218 2016-11-23T08:42:23.96
106 76 2218 2016-11-23T08:42:23.96
150 15 2225 2016-11-23T19:52:01.653
150 51 2225 2016-11-23T19:52:01.653
14 47 2227 2016-11-23T21:15:32.8
695 47 2232 2016-11-24T06:19:38.013
124 52 2236 2016-11-24T07:30:05.66
124 61 2236 2016-11-24T07:30:05.66
124 61 2237 2016-11-24T07:53:32.25
503 29 2241 2016-11-24T10:49:45.74
503 32 2243 2016-11-24T11:17:25.697
503 27 2243 2016-11-24T11:17:25.697
5 2 2246 2016-11-24T12:52:09.433
5 51 2246 2016-11-24T12:52:09.433
150 33 2255 2016-11-24T19:26:26.557
150 34 2255 2016-11-24T19:26:26.557
150 6 2255 2016-11-24T19:26:26.557
150 36 2259 2016-11-24T20:24:37.607
503 45 2264 2016-11-25T11:36:23.14
13 39 2265 2016-11-25T11:55:07.343
124 45 2266 2016-11-25T12:31:00.487
150 51 2268 2016-11-25T18:05:27.043
503 51 2275 2016-11-26T13:12:25.803
150 45 2278 2016-11-26T22:49:41.847
702 45 2280 2016-11-26T23:33:58.75
193 29 2281 2016-11-27T07:05:08.66
508 71 2287 2016-11-27T09:14:47.457
13 47 2298 2016-11-27T22:27:56.16
193 45 2305 2016-11-28T09:32:43.1
633 32 2307 2016-11-28T11:49:27.83
49 45 2312 2016-11-28T15:38:04.117
508 14 2316 2016-11-29T07:21:25.03
150 35 2322 2016-11-30T15:01:30.957
150 45 2323 2016-11-30T15:19:39.83
591 45 2325 2016-11-30T16:55:37.187
591 2 2325 2016-11-30T16:55:37.187
293 9 2335 2016-12-01T14:06:29.95
293 12 2335 2016-12-01T14:06:29.95
442 15 2338 2016-12-01T16:01:12.933
442 52 2338 2016-12-01T16:01:12.933
150 45 2340 2016-12-01T19:11:30.79
150 45 2344 2016-12-01T21:13:49.04
150 32 2344 2016-12-01T21:13:49.04
508 16 2347 2016-12-02T01:45:18.497
369 45 2356 2016-12-04T01:00:04.07
503 41 2364 2016-12-04T11:09:18.92
503 25 2364 2016-12-04T11:09:18.92
150 51 2368 2016-12-04T16:34:10.57
503 9 2376 2016-12-06T01:17:40.243
442 45 2377 2016-12-06T01:18:15.937
712 45 2380 2016-12-06T06:49:00.49
712 32 2380 2016-12-06T06:49:00.49
301 51 2386 2016-12-06T23:54:28.597
556 11 2387 2016-12-07T00:24:05.073
556 27 2387 2016-12-07T00:24:05.073
556 48 2387 2016-12-07T00:24:05.073
503 72 2389 2016-12-07T01:28:20.217
712 45 2396 2016-12-07T11:59:48.123
712 32 2396 2016-12-07T11:59:48.123
60 45 2402 2016-12-08T07:48:17.273
293 45 2405 2016-12-08T15:58:24.777
51 45 2406 2016-12-08T17:32:58.32
51 32 2406 2016-12-08T17:32:58.32
539 32 2411 2016-12-09T15:30:13.133
248 45 2413 2016-12-09T22:17:34.82
248 32 2413 2016-12-09T22:17:34.82
297 45 2420 2016-12-11T16:23:10.13
297 32 2420 2016-12-11T16:23:10.13
695 45 2422 2016-12-11T16:44:40.077
695 32 2422 2016-12-11T16:44:40.077
503 31 2423 2016-12-11T18:44:41.72
150 45 2427 2016-12-11T23:28:11.937
150 2 2427 2016-12-11T23:28:11.937
709 78 2432 2016-12-12T10:01:41.24
508 14 2434 2016-12-12T11:27:11.58
725 35 2444 2016-12-13T19:37:34.703
725 52 2444 2016-12-13T19:37:34.703
725 31 2444 2016-12-13T19:37:34.703
442 18 2448 2016-12-14T04:58:03.983
442 61 2448 2016-12-14T04:58:03.983
150 45 2451 2016-12-14T16:07:05.197
649 52 2454 2016-12-15T03:48:13.263
193 29 2456 2016-12-15T06:45:57.6
709 29 2460 2016-12-15T09:56:05.763
290 45 2464 2016-12-15T15:12:35.98
290 19 2464 2016-12-15T15:12:35.98
503 49 2465 2016-12-15T17:38:43.293
160 64 2477 2016-12-17T16:37:08.183
369 51 2478 2016-12-17T17:06:00.06
193 38 2485 2016-12-18T09:46:04.443
193 3 2485 2016-12-18T09:46:04.443
295 32 2486 2016-12-18T10:56:40.347
503 45 2487 2016-12-18T12:59:28.213
695 32 2490 2016-12-18T18:43:39.133
695 47 2490 2016-12-18T18:43:39.133
731 41 2495 2016-12-19T18:33:59.57
731 15 2495 2016-12-19T18:33:59.57
731 52 2495 2016-12-19T18:33:59.57
150 55 2498 2016-12-20T07:26:06.223
57 2 2504 2016-12-20T14:23:48.777
442 17 2508 2016-12-22T01:37:34.18
695 45 2511 2016-12-22T03:04:24.783
503 33 2516 2016-12-22T17:07:48.227
150 6 2521 2016-12-23T15:22:03.763
150 35 2522 2016-12-23T15:37:48.03
150 15 2523 2016-12-23T16:00:26.767
150 33 2523 2016-12-23T16:00:26.767
503 3 2531 2016-12-24T11:02:28.31
503 68 2531 2016-12-24T11:02:28.31
193 2 2534 2016-12-25T07:35:08.077
646 47 2536 2016-12-25T17:30:42.927
745 64 2541 2016-12-27T16:24:33.707
143 33 2542 2016-12-27T20:16:35.27
143 79 2542 2016-12-27T20:16:35.27
671 2 2543 2016-12-27T20:48:03.94
712 41 2551 2016-12-28T15:50:12.243
712 51 2551 2016-12-28T15:50:12.243
52 2 2555 2016-12-29T02:44:14.927
193 41 2558 2016-12-29T09:51:39.15
193 33 2558 2016-12-29T09:51:39.15
193 34 2558 2016-12-29T09:51:39.15
570 7 2561 2016-12-29T14:40:21.493
601 32 2572 2016-12-31T04:49:31.523
750 52 2575 2016-12-31T20:10:22.23
503 45 2578 2017-01-01T22:56:42.39
503 27 2578 2017-01-01T22:56:42.39
754 35 2583 2017-01-02T19:57:19.313
754 52 2583 2017-01-02T19:57:19.313
754 66 2583 2017-01-02T19:57:19.313
193 55 2589 2017-01-03T08:18:51.42
416 5 2592 2017-01-03T13:22:53.873
503 2 2594 2017-01-03T15:35:35.46
503 15 2594 2017-01-03T15:35:35.46
541 32 2599 2017-01-04T09:42:46.577
541 80 2599 2017-01-04T09:42:46.577
494 52 2603 2017-01-05T05:46:36.7
494 33 2603 2017-01-05T05:46:36.7
494 31 2603 2017-01-05T05:46:36.7
541 19 2609 2017-01-06T14:02:56.283
541 70 2609 2017-01-06T14:02:56.283
671 45 2611 2017-01-06T16:32:56.557
671 2 2611 2017-01-06T16:32:56.557
671 35 2611 2017-01-06T16:32:56.557
671 55 2611 2017-01-06T16:32:56.557
671 51 2611 2017-01-06T16:32:56.557
150 78 2614 2017-01-06T18:34:53.35
150 33 2615 2017-01-06T18:46:27.743
150 27 2616 2017-01-06T19:09:49.04
150 45 2623 2017-01-07T22:48:38.76
553 32 2634 2017-01-08T17:51:30.677
556 17 2638 2017-01-09T12:45:31.53
290 60 2641 2017-01-09T14:06:03.093
193 51 2647 2017-01-10T08:09:52.897
369 47 2653 2017-01-10T22:35:24.417
193 45 2656 2017-01-11T13:51:35.717
541 2 2658 2017-01-11T16:30:20.84
556 68 2659 2017-01-11T18:40:51.717
503 45 2666 2017-01-12T14:20:40.097
646 32 2671 2017-01-12T21:27:16.517
646 48 2671 2017-01-12T21:27:16.517
646 32 2673 2017-01-13T10:46:34.517
646 68 2673 2017-01-13T10:46:34.517
541 52 2675 2017-01-13T12:46:01.247
541 54 2675 2017-01-13T12:46:01.247
13 45 2678 2017-01-13T13:50:37.923
52 2 2680 2017-01-13T16:32:46.98
52 41 2680 2017-01-13T16:32:46.98
52 47 2680 2017-01-13T16:32:46.98
494 15 2682 2017-01-13T18:37:14.647
503 33 2687 2017-01-14T20:48:42.253
150 45 2688 2017-01-14T21:09:44.413
150 55 2690 2017-01-14T23:04:14.543
6 41 2702 2017-01-15T19:10:44.357
6 53 2702 2017-01-15T19:10:44.357
503 45 2704 2017-01-15T20:03:17.823
193 71 2712 2017-01-16T08:33:04.137
712 45 2716 2017-01-16T16:59:26.747
712 52 2716 2017-01-16T16:59:26.747
646 55 2718 2017-01-16T18:41:45.607
6 45 2720 2017-01-16T19:43:01.52
52 32 2722 2017-01-16T21:48:22.577
52 41 2722 2017-01-16T21:48:22.577
89 45 2723 2017-01-16T22:50:11.193
695 32 2726 2017-01-17T02:16:03.913
695 47 2726 2017-01-17T02:16:03.913
49 45 2730 2017-01-17T06:52:38.947
780 17 2736 2017-01-17T17:09:45.287
503 36 2741 2017-01-17T19:47:47.827
503 17 2741 2017-01-17T19:47:47.827
503 49 2741 2017-01-17T19:47:47.827
60 32 2744 2017-01-18T08:22:12.43
60 47 2744 2017-01-18T08:22:12.43
787 45 2753 2017-01-20T20:35:57.98
788 71 2755 2017-01-20T22:32:09.077
150 45 2760 2017-01-21T10:06:21.937
150 41 2762 2017-01-21T13:24:12.77
134 32 2763 2017-01-21T15:21:33.603
541 45 2767 2017-01-21T20:06:58.92
541 24 2767 2017-01-21T20:06:58.92
6 45 2769 2017-01-22T02:31:28.453
69 32 2776 2017-01-22T11:35:56.99
6 45 2779 2017-01-22T16:25:06.237
541 45 2784 2017-01-23T15:18:58.603
416 16 2785 2017-01-23T16:13:26.947
649 42 2789 2017-01-23T22:48:28.32
539 32 2799 2017-01-24T20:04:22.907
369 17 2803 2017-01-24T23:07:45.453
193 25 2808 2017-01-25T07:52:42.413
69 45 2811 2017-01-25T09:16:04.093
69 32 2811 2017-01-25T09:16:04.093
503 2 2813 2017-01-25T15:30:42.33
503 66 2813 2017-01-25T15:30:42.33
797 32 2816 2017-01-25T21:00:38.473
797 73 2816 2017-01-25T21:00:38.473
802 45 2819 2017-01-26T16:36:22.427
541 45 2822 2017-01-27T09:12:18.91
297 45 2823 2017-01-27T13:30:30.333
541 20 2825 2017-01-27T15:46:44.277
150 41 2826 2017-01-27T17:39:06.417
124 32 2837 2017-01-30T09:02:59.74
124 32 2838 2017-01-30T09:32:36.687
6 45 2844 2017-01-30T17:27:03.513
810 45 2845 2017-01-31T03:07:30.11
508 32 2846 2017-01-31T03:45:28.517
508 55 2852 2017-01-31T08:50:26.603
810 32 2857 2017-01-31T14:41:44.43
811 38 2858 2017-01-31T14:50:06.49
69 32 2866 2017-02-01T09:05:46.017
69 64 2866 2017-02-01T09:05:46.017
541 33 2869 2017-02-01T13:59:25.983
539 45 2872 2017-02-01T16:14:58.023
262 32 2878 2017-02-02T10:48:27.803
541 45 2881 2017-02-02T15:07:21.5
541 32 2881 2017-02-02T15:07:21.5
541 36 2886 2017-02-03T11:11:15.72
541 80 2886 2017-02-03T11:11:15.72
541 32 2889 2017-02-03T22:07:14.073
541 37 2889 2017-02-03T22:07:14.073
541 43 2889 2017-02-03T22:07:14.073
150 66 2900 2017-02-05T19:27:32.613
822 32 2902 2017-02-05T21:42:57.03
805 45 2904 2017-02-06T00:12:01.907
279 2 2906 2017-02-06T06:40:21.5
150 45 2910 2017-02-06T20:27:14.55
541 17 2912 2017-02-07T10:05:28.037
541 81 2912 2017-02-07T10:05:28.037
541 45 2917 2017-02-08T14:37:09.593
150 41 2920 2017-02-08T21:27:25.207
262 32 2927 2017-02-09T16:00:55.5
262 82 2927 2017-02-09T16:00:55.5
301 16 2929 2017-02-09T18:15:46.82
539 45 2934 2017-02-11T22:06:58.293
416 45 2938 2017-02-12T22:04:20.743
150 45 2939 2017-02-12T22:04:43.09
539 45 2946 2017-02-13T16:33:00.39
503 78 2947 2017-02-13T18:54:12.903
539 45 2951 2017-02-14T18:48:27.753
834 40 2953 2017-02-15T04:16:33.383
279 35 2961 2017-02-17T19:27:10.81
279 2 2964 2017-02-18T02:46:15.287
279 41 2964 2017-02-18T02:46:15.287
279 55 2964 2017-02-18T02:46:15.287
279 51 2964 2017-02-18T02:46:15.287
52 2 2967 2017-02-19T15:01:58.717
52 41 2967 2017-02-19T15:01:58.717
52 55 2967 2017-02-19T15:01:58.717
6 41 2975 2017-02-22T12:29:46.29
6 55 2975 2017-02-22T12:29:46.29
6 55 2977 2017-02-22T15:17:21.423
6 52 2977 2017-02-22T15:17:21.423
553 32 2981 2017-02-22T22:17:37.13
539 45 2989 2017-02-23T23:14:13.39
539 32 2989 2017-02-23T23:14:13.39
503 47 2991 2017-02-24T12:13:14.883
712 45 2992 2017-02-25T00:48:36.277
712 55 2992 2017-02-25T00:48:36.277
712 52 2992 2017-02-25T00:48:36.277
6 14 2996 2017-02-26T19:40:07.93
539 45 3001 2017-03-01T16:47:31.607
6 51 3005 2017-03-03T01:08:21.587
503 68 3007 2017-03-03T08:45:29.18
797 9 3012 2017-03-04T16:16:23.603
797 35 3013 2017-03-04T17:07:16.253
797 81 3013 2017-03-04T17:07:16.253
150 2 3016 2017-03-05T11:53:10.637
150 78 3016 2017-03-05T11:53:10.637
150 79 3016 2017-03-05T11:53:10.637
124 41 3020 2017-03-06T08:32:34.133
830 47 3024 2017-03-08T15:41:59.823
150 6 3029 2017-03-10T19:39:46.19
150 68 3029 2017-03-10T19:39:46.19
150 41 3030 2017-03-10T19:46:10.583
150 51 3030 2017-03-10T19:46:10.583
150 35 3033 2017-03-10T19:59:38.68
150 33 3035 2017-03-10T20:14:16.493
150 51 3035 2017-03-10T20:14:16.493
150 32 3036 2017-03-10T20:22:01.673
150 45 3037 2017-03-10T20:25:11.07
797 45 3041 2017-03-10T22:15:20.747
797 54 3041 2017-03-10T22:15:20.747
252 78 3043 2017-03-11T07:08:20.52
133 83 3047 2017-03-11T15:55:48.6
695 11 3049 2017-03-12T04:52:59.717
539 45 3053 2017-03-12T20:33:34.24
503 78 3059 2017-03-14T20:54:10.243
539 47 3060 2017-03-15T01:59:26.04
539 45 3070 2017-03-15T23:07:55.04
539 45 3072 2017-03-16T02:14:14.53
539 45 3080 2017-03-18T22:31:17.007
13 36 3083 2017-03-21T13:55:57.63
124 32 3085 2017-03-22T07:48:56.237
797 55 3089 2017-03-22T19:16:57.693
797 9 3089 2017-03-22T19:16:57.693
797 38 3089 2017-03-22T19:16:57.693
797 54 3089 2017-03-22T19:16:57.693
797 50 3089 2017-03-22T19:16:57.693
131 9 3095 2017-03-24T13:34:32.19
150 45 3099 2017-03-26T21:30:22.41
908 19 3103 2017-03-29T02:42:00.69
150 45 3107 2017-03-29T20:38:52.237
911 29 3111 2017-04-02T00:37:45.48
150 2 3113 2017-04-03T11:18:43.203
462 29 3116 2017-04-04T07:47:53.447
193 84 3122 2017-04-04T14:19:03.07
84 45 3127 2017-04-06T11:48:17.613
919 48 3134 2017-04-09T23:53:50.737
539 45 3138 2017-04-11T15:38:51.48
646 83 3139 2017-04-11T19:31:57.18
150 45 3144 2017-04-13T13:49:28.667
150 35 3144 2017-04-13T13:49:28.667
150 41 3145 2017-04-13T13:55:06.623
150 33 3145 2017-04-13T13:55:06.623
150 35 3147 2017-04-13T14:16:23.037
150 31 3148 2017-04-13T14:28:21.173
539 45 3151 2017-04-14T21:55:47.877
539 45 3155 2017-04-15T18:34:46.387
827 55 3158 2017-04-15T19:10:21.553
827 15 3158 2017-04-15T19:10:21.553
827 52 3158 2017-04-15T19:10:21.553
539 45 3159 2017-04-15T23:23:50.59
301 45 3162 2017-04-17T03:16:51.197
502 14 3166 2017-04-17T19:58:09.807
502 7 3166 2017-04-17T19:58:09.807
502 9 3166 2017-04-17T19:58:09.807
502 4 3166 2017-04-17T19:58:09.807
695 51 3172 2017-04-19T00:43:36.587
937 2 3174 2017-04-22T13:33:40.61
937 41 3174 2017-04-22T13:33:40.61
937 52 3174 2017-04-22T13:33:40.61
539 45 3175 2017-04-22T15:39:58.973
193 18 3179 2017-04-24T07:03:30.19
827 62 3183 2017-04-24T15:11:32.233
827 14 3188 2017-04-27T06:40:20.377
31 14 3189 2017-04-27T11:31:01.34
89 45 3192 2017-04-28T18:05:15.5
89 32 3192 2017-04-28T18:05:15.5
941 32 3193 2017-04-29T17:53:03.687
941 56 3193 2017-04-29T17:53:03.687
671 54 3197 2017-05-01T15:11:17.203
671 74 3197 2017-05-01T15:11:17.203
13 2 3199 2017-05-01T18:51:46.18
150 45 3200 2017-05-01T20:15:02.873
134 18 3202 2017-05-02T06:37:46.403
124 74 3208 2017-05-02T14:13:42.633
6 51 3211 2017-05-03T17:12:37.133
947 45 3216 2017-05-04T22:37:57.213
6 2 3218 2017-05-06T13:22:38.36
6 25 3218 2017-05-06T13:22:38.36
150 53 3219 2017-05-07T09:36:09.193
89 55 3220 2017-05-07T12:13:15.16
827 14 3227 2017-05-08T21:55:15.003
827 9 3227 2017-05-08T21:55:15.003
553 32 3230 2017-05-09T14:36:02.8
553 27 3230 2017-05-09T14:36:02.8
134 10 3231 2017-05-09T18:31:27.453
539 45 3234 2017-05-12T00:47:13.4
539 45 3236 2017-05-12T19:30:05.323
659 41 3242 2017-05-15T14:23:06.293
827 36 3244 2017-05-17T20:13:11.433
6 15 3245 2017-05-17T23:41:26.967
6 4 3245 2017-05-17T23:41:26.967
6 45 3251 2017-05-22T15:51:41.75
6 2 3251 2017-05-22T15:51:41.75
150 35 3254 2017-05-23T05:49:28.59
36 32 3257 2017-05-24T00:26:37.17
36 82 3257 2017-05-24T00:26:37.17
301 45 3260 2017-05-26T19:06:46.52
301 32 3260 2017-05-26T19:06:46.52
84 45 3261 2017-05-27T00:52:07.927
182 18 3264 2017-05-27T11:01:25.047
976 52 3267 2017-06-01T00:15:15.387
827 9 3279 2017-06-15T04:33:56.737
827 85 3279 2017-06-15T04:33:56.737
827 36 3280 2017-06-15T04:40:26.187
797 9 3284 2017-06-18T19:38:05.9
797 4 3284 2017-06-18T19:38:05.9
6 36 3287 2017-06-22T10:24:13.747
1001 59 3289 2017-06-22T15:20:15.007
1001 41 3293 2017-06-25T19:02:21.73
1007 36 3296 2017-06-26T21:45:48.923
553 45 3301 2017-07-01T18:49:35.58
1001 65 3303 2017-07-03T13:28:53.19
1016 60 3305 2017-07-04T18:51:21.647
1016 59 3305 2017-07-04T18:51:21.647
193 29 3307 2017-07-05T07:59:59.933
150 45 3309 2017-07-05T13:44:24.117
1001 17 3311 2017-07-08T07:43:17.92
193 29 3314 2017-07-09T07:12:36.803
301 32 3317 2017-07-09T23:19:59.437
301 45 3327 2017-07-15T19:12:29.143
976 11 3333 2017-07-26T23:57:45.693
1044 32 3335 2017-07-27T14:01:48.93
1044 9 3336 2017-07-27T14:46:59.7
659 52 3340 2017-07-28T22:19:39.863
712 45 3342 2017-07-29T14:37:56.173
193 45 3349 2017-07-31T06:16:41.953
1052 17 3353 2017-08-02T20:30:32.527
712 45 3357 2017-08-03T14:31:31.157
1052 29 3359 2017-08-04T21:00:05.43
1052 5 3359 2017-08-04T21:00:05.43
1001 29 3361 2017-08-05T17:46:14.093
1001 72 3361 2017-08-05T17:46:14.093
52 32 3370 2017-08-08T08:47:14.313
52 41 3370 2017-08-08T08:47:14.313
1057 2 3374 2017-08-09T03:00:16.607
1057 33 3374 2017-08-09T03:00:16.607
797 51 3377 2017-08-09T19:07:17.91
7 17 3381 2017-08-11T13:19:42.183
7 77 3381 2017-08-11T13:19:42.183
13 35 3384 2017-08-11T15:26:31.613
1066 78 3390 2017-08-17T07:19:30.64
1075 45 3396 2017-08-20T03:02:31.723
150 45 3400 2017-08-24T05:02:47.72
150 36 3400 2017-08-24T05:02:47.72
150 33 3400 2017-08-24T05:02:47.72
827 34 3404 2017-08-24T17:26:09.983
827 86 3404 2017-08-24T17:26:09.983
827 36 3407 2017-08-26T09:27:35.217
827 39 3407 2017-08-26T09:27:35.217
388 18 3412 2017-08-31T13:36:39.12
388 8 3412 2017-08-31T13:36:39.12
388 48 3412 2017-08-31T13:36:39.12
659 16 3414 2017-09-01T11:40:15.72
827 39 3420 2017-09-16T06:41:10.757
827 87 3420 2017-09-16T06:41:10.757
827 39 3421 2017-09-16T06:58:47.993
827 86 3421 2017-09-16T06:58:47.993
827 20 3422 2017-09-16T07:39:16.183
649 32 3427 2017-09-18T05:58:53.167
1100 84 3431 2017-09-19T17:18:44.91
13 39 3433 2017-09-20T19:59:49.233
13 87 3433 2017-09-20T19:59:49.233
827 88 3436 2017-09-22T10:23:57.887
369 36 3442 2017-09-26T21:24:04.393
369 47 3442 2017-09-26T21:24:04.393
827 31 3446 2017-09-30T14:04:06.277
919 11 3447 2017-09-30T23:15:39.753
1066 38 3456 2017-10-01T21:41:53.26
659 16 3459 2017-10-09T13:15:01.24
1124 16 3462 2017-10-10T15:47:12.97
13 37 3464 2017-10-11T07:56:06.963
7 45 3468 2017-10-12T16:37:59.973
7 64 3468 2017-10-12T16:37:59.973
7 45 3469 2017-10-12T16:41:44.237
7 64 3469 2017-10-12T16:41:44.237
150 45 3473 2017-10-13T14:35:27.987
919 59 3477 2017-10-14T00:46:40.713
199 51 3480 2017-10-14T22:31:10.013
199 58 3480 2017-10-14T22:31:10.013
199 85 3480 2017-10-14T22:31:10.013
193 45 3485 2017-10-17T06:29:45.53
13 45 3491 2017-10-17T19:15:09.457
539 45 3493 2017-10-17T22:23:43.513
303 38 3496 2017-10-18T18:10:22.627
827 16 3499 2017-10-22T16:19:22.113
1142 29 3504 2017-10-29T19:00:01.45
1066 55 3506 2017-10-30T11:00:59.85
1066 38 3506 2017-10-30T11:00:59.85
1146 76 3516 2017-11-07T23:44:19.697
193 16 3518 2017-11-08T16:37:46.84
1066 38 3519 2017-11-08T19:35:16.543
1066 3 3519 2017-11-08T19:35:16.543
193 2 3523 2017-11-09T09:59:21.54
1146 11 3527 2017-11-09T21:35:09.79
311 45 3528 2017-11-10T03:45:37.003
311 36 3528 2017-11-10T03:45:37.003
541 45 3535 2017-11-19T08:33:29.82
1152 17 3538 2017-11-22T12:46:37.413
125 32 3542 2017-11-24T09:43:10.897
125 89 3542 2017-11-24T09:43:10.897
1159 18 3544 2017-11-25T15:15:29.823
369 16 3548 2017-11-28T23:02:25.903
13 45 3549 2017-11-29T23:31:16.747
193 2 3556 2017-12-04T14:13:44.26
1217 25 3558 2017-12-05T05:43:50.007
1217 86 3558 2017-12-05T05:43:50.007
570 14 3564 2017-12-13T15:01:59.383
712 45 3568 2017-12-18T16:10:14.203
160 36 3570 2017-12-19T13:10:52.38
1302 45 3571 2017-12-19T13:54:06.483
369 25 3577 2017-12-20T03:04:35.48
1303 2 3581 2017-12-22T22:37:40.297
1303 41 3581 2017-12-22T22:37:40.297
1152 32 3583 2017-12-23T10:53:14.513
659 2 3586 2017-12-23T16:06:03.373
1251 51 3590 2017-12-24T03:20:59.073
79 17 3593 2017-12-31T16:01:04.53
646 48 3595 2017-12-31T17:33:42.377
646 74 3595 2017-12-31T17:33:42.377
1288 45 3596 2018-01-01T16:42:54.337
1323 14 3601 2018-01-04T10:38:40.207
1323 11 3601 2018-01-04T10:38:40.207
1323 56 3601 2018-01-04T10:38:40.207
416 45 3604 2018-01-06T16:34:10.19
416 62 3604 2018-01-06T16:34:10.19
150 51 3605 2018-01-06T16:52:38.547
659 2 3609 2018-01-08T12:00:15.163
659 51 3609 2018-01-08T12:00:15.163
267 41 3616 2018-01-11T16:56:04.523
1333 74 3619 2018-01-16T04:08:38.68
1340 51 3622 2018-01-16T19:27:50.817
1333 16 3625 2018-01-18T23:56:55.29
1333 15 3625 2018-01-18T23:56:55.29
1343 16 3626 2018-01-19T08:01:33.917
1343 29 3626 2018-01-19T08:01:33.917
1347 32 3633 2018-01-21T05:23:44.873
1347 14 3633 2018-01-21T05:23:44.873
1347 16 3633 2018-01-21T05:23:44.873
1347 52 3633 2018-01-21T05:23:44.873
1347 45 3636 2018-01-23T23:24:53.947
1347 32 3636 2018-01-23T23:24:53.947
712 45 3641 2018-01-25T04:43:44.8
1353 45 3644 2018-01-25T07:05:36.933
712 45 3645 2018-01-25T07:44:48.083
1358 85 3651 2018-01-29T18:05:46.053
1358 88 3651 2018-01-29T18:05:46.053
919 39 3657 2018-01-31T11:32:29.287
195 35 3662 2018-02-05T04:09:38.577
195 17 3662 2018-02-05T04:09:38.577
195 81 3662 2018-02-05T04:09:38.577
1347 45 3664 2018-02-07T23:25:20.677
1061 76 3667 2018-02-09T06:52:31.99
1374 55 3671 2018-02-11T21:08:49.093
1374 16 3671 2018-02-11T21:08:49.093
369 32 3675 2018-02-15T01:16:30.04
541 32 3684 2018-02-19T08:57:12.06
541 39 3684 2018-02-19T08:57:12.06
503 2 3686 2018-02-19T18:21:19.303
919 2 3688 2018-02-20T08:44:31.117
797 18 3691 2018-02-21T11:09:43.007
797 48 3697 2018-02-23T21:25:35.53
150 35 3698 2018-02-25T18:56:45.327
150 36 3699 2018-02-25T19:32:50.173
13 16 3705 2018-03-02T07:39:31.257
1124 18 3707 2018-03-04T12:03:33.55
13 50 3710 2018-03-05T10:35:45.437
1398 11 3713 2018-03-09T05:08:53.38
303 32 3715 2018-03-10T13:57:37.53
1404 32 3718 2018-03-13T20:56:23.41
1404 35 3718 2018-03-13T20:56:23.41
150 58 3721 2018-03-14T17:11:03.637
150 89 3721 2018-03-14T17:11:03.637
1407 29 3724 2018-03-15T17:37:26.8
14 45 3727 2018-03-16T01:05:58.573
1066 2 3733 2018-03-16T19:32:31.743
223 45 3735 2018-03-17T05:35:46.917
919 16 4736 2018-03-18T00:58:17.687
1410 16 4741 2018-03-21T02:55:58.95
1410 4 4741 2018-03-21T02:55:58.95
1410 65 4741 2018-03-21T02:55:58.95
89 32 4748 2018-03-25T14:09:44.83
1414 11 4750 2018-03-25T20:03:47.793
204 47 4753 2018-03-26T16:01:12.353
1417 1 4757 2018-03-27T22:37:47.05
659 21 4759 2018-03-28T15:32:59.417
89 7 4764 2018-03-31T20:03:10.733
160 45 4765 2018-03-31T21:00:45.02
659 2 4770 2018-04-02T20:36:52.327
659 16 4770 2018-04-02T20:36:52.327
1417 51 4771 2018-04-03T12:48:20.64
659 2 4775 2018-04-06T15:31:25.993
123 18 4777 2018-04-09T08:33:28.787
1433 45 4779 2018-04-12T11:24:45.47
1433 32 4779 2018-04-12T11:24:45.47
1433 32 4780 2018-04-13T07:03:55.68
1433 51 4780 2018-04-13T07:03:55.68
1290 54 4782 2018-04-14T08:02:08.963
1290 33 4785 2018-04-16T09:08:19.47
1290 31 4785 2018-04-16T09:08:19.47
1290 71 4785 2018-04-16T09:08:19.47
1433 32 4788 2018-04-16T11:19:50.49
1433 51 4788 2018-04-16T11:19:50.49
413 29 4791 2018-04-16T20:44:54.783
1441 41 4793 2018-04-17T03:06:57.31
1441 36 4793 2018-04-17T03:06:57.31
1433 52 4795 2018-04-17T11:22:24.793
1433 32 4801 2018-04-18T11:10:13.937
1433 56 4801 2018-04-18T11:10:13.937
1333 33 4802 2018-04-19T20:54:36.167
1333 34 4802 2018-04-19T20:54:36.167
13 55 4804 2018-04-20T08:18:24.18
1446 7 4806 2018-04-20T13:01:27.137
659 3 4809 2018-04-21T15:05:17.09
1449 32 4810 2018-04-22T20:44:47.713
1433 88 4812 2018-04-23T11:24:56.997
827 29 4815 2018-04-23T22:37:33.817
827 90 4815 2018-04-23T22:37:33.817
1443 45 4816 2018-04-23T23:50:31.82
1443 16 4823 2018-04-25T04:00:35.23
1443 62 4823 2018-04-25T04:00:35.23
1441 33 4826 2018-04-29T03:58:25.253
1441 34 4826 2018-04-29T03:58:25.253
1441 6 4826 2018-04-29T03:58:25.253
1061 14 4831 2018-04-30T05:23:29.617
1443 71 4833 2018-04-30T12:04:53.87
827 91 4837 2018-05-01T08:35:11.11
827 92 4837 2018-05-01T08:35:11.11
827 93 4837 2018-05-01T08:35:11.11
1443 14 4839 2018-05-01T17:22:27.743
7 36 4841 2018-05-03T09:57:36.98
7 79 4841 2018-05-03T09:57:36.98
7 75 4841 2018-05-03T09:57:36.98
1456 41 4848 2018-05-02T08:32:42.86
1443 2 4850 2018-05-06T06:43:14.373
1443 51 4850 2018-05-06T06:43:14.373
1394 32 4852 2018-05-07T15:45:20.42
1443 84 4855 2018-05-08T03:09:46.62
1446 55 4857 2018-05-08T14:54:02.837
503 78 4860 2018-05-08T17:58:15.4
1443 32 4864 2018-05-11T02:20:22
633 32 4865 2018-05-11T06:45:16.093
633 47 4865 2018-05-11T06:45:16.093
1443 2 4870 2018-05-12T11:06:04.493
1443 55 4870 2018-05-12T11:06:04.493
1443 45 4875 2018-05-14T08:07:07.783
1474 1 4880 2018-05-15T20:39:42.753
1443 47 4883 2018-05-16T12:46:59.567
919 32 4885 2018-05-17T08:48:36.477
150 45 4888 2018-05-17T19:05:43.497
1478 11 4892 2018-05-18T13:03:59.08
1478 68 4892 2018-05-18T13:03:59.08
13 78 4895 2018-05-22T16:08:32.603
1481 41 4896 2018-05-23T17:02:15.14
1481 33 4896 2018-05-23T17:02:15.14
13 41 4910 2018-06-13T16:58:11.23
1526 1 4916 2018-07-18T23:50:10.34
89 32 4920 2018-07-23T14:49:19.853
89 94 4920 2018-07-23T14:49:19.853
195 45 4923 2018-07-27T09:36:34.303
195 32 4923 2018-07-27T09:36:34.303
195 35 4923 2018-07-27T09:36:34.303
25 29 4926 2018-07-28T12:35:12.723
25 17 4926 2018-07-28T12:35:12.723
659 16 4930 2018-07-30T22:41:17.703
1536 70 4931 2018-07-31T06:43:39.223
25 45 4937 2018-08-04T07:34:28.31
25 41 4937 2018-08-04T07:34:28.31
49 32 4942 2018-08-09T22:28:37.633
1124 32 4951 2018-08-23T13:00:12.963
646 30 4954 2018-08-25T21:35:50.053
646 83 4954 2018-08-25T21:35:50.053
731 45 4956 2018-08-30T06:38:21.047
731 2 4956 2018-08-30T06:38:21.047
731 35 4958 2018-08-30T11:14:45.493
731 39 4958 2018-08-30T11:14:45.493
731 59 4958 2018-08-30T11:14:45.493
731 45 4963 2018-08-31T00:49:30.07
1564 53 4964 2018-08-31T02:36:01.697
731 45 4967 2018-09-01T04:33:19.287
731 2 4967 2018-09-01T04:33:19.287
