4 1 1 2016-12-06T17:10:44.557
4 2 1 2016-12-06T17:10:44.557
4 3 1 2016-12-06T17:10:44.557
3 4 2 2016-12-06T17:13:40.417
16 5 7 2016-12-06T17:51:21.647
16 6 7 2016-12-06T17:51:21.647
16 7 7 2016-12-06T17:51:21.647
10 8 9 2016-12-06T17:52:31.463
10 5 9 2016-12-06T17:52:31.463
10 9 9 2016-12-06T17:52:31.463
24 10 10 2016-12-06T17:55:47.843
48 5 14 2016-12-06T18:02:11.623
48 8 14 2016-12-06T18:02:11.623
48 11 14 2016-12-06T18:02:11.623
16 5 17 2016-12-06T18:06:08.17
16 6 17 2016-12-06T18:06:08.17
16 12 17 2016-12-06T18:06:08.17
16 13 17 2016-12-06T18:06:08.17
24 8 18 2016-12-06T18:07:55.86
24 14 18 2016-12-06T18:07:55.86
24 15 18 2016-12-06T18:07:55.86
24 16 18 2016-12-06T18:07:55.86
67 8 19 2016-12-06T18:08:54.37
67 17 19 2016-12-06T18:08:54.37
67 18 19 2016-12-06T18:08:54.37
34 19 22 2016-12-06T18:11:17.06
34 20 22 2016-12-06T18:11:17.06
34 21 22 2016-12-06T18:11:17.06
51 8 25 2016-12-06T18:17:51.117
51 5 25 2016-12-06T18:17:51.117
51 11 25 2016-12-06T18:17:51.117
52 22 30 2016-12-06T18:22:52.167
52 23 30 2016-12-06T18:22:52.167
73 5 32 2016-12-06T18:23:59.93
73 24 32 2016-12-06T18:23:59.93
73 12 32 2016-12-06T18:23:59.93
65 8 35 2016-12-06T18:29:04.69
65 9 35 2016-12-06T18:29:04.69
24 5 41 2016-12-06T18:32:38.917
24 11 41 2016-12-06T18:32:38.917
24 25 41 2016-12-06T18:32:38.917
14 26 44 2016-12-06T18:34:04.143
14 27 44 2016-12-06T18:34:04.143
14 28 44 2016-12-06T18:34:04.143
14 29 44 2016-12-06T18:34:04.143
94 8 52 2016-12-06T18:39:03.927
94 9 52 2016-12-06T18:39:03.927
94 30 52 2016-12-06T18:39:03.927
88 8 61 2016-12-06T18:44:34.163
88 31 61 2016-12-06T18:44:34.163
24 32 64 2016-12-06T18:47:24.093
24 33 64 2016-12-06T18:47:24.093
14 5 66 2016-12-06T18:50:25.19
14 17 66 2016-12-06T18:50:25.19
14 20 66 2016-12-06T18:50:25.19
48 3 70 2016-12-06T18:53:54.02
48 34 70 2016-12-06T18:53:54.02
48 35 70 2016-12-06T18:53:54.02
48 36 70 2016-12-06T18:53:54.02
88 2 72 2016-12-06T18:58:12.75
88 37 72 2016-12-06T18:58:12.75
88 31 72 2016-12-06T18:58:12.75
52 33 78 2016-12-06T19:07:12.187
52 38 78 2016-12-06T19:07:12.187
99 8 90 2016-12-06T19:21:46.89
99 9 90 2016-12-06T19:21:46.89
14 26 96 2016-12-06T19:32:33.48
14 39 96 2016-12-06T19:32:33.48
14 40 96 2016-12-06T19:32:33.48
14 41 96 2016-12-06T19:32:33.48
66 22 99 2016-12-06T19:45:29.95
118 42 100 2016-12-06T19:45:41.323
118 43 100 2016-12-06T19:45:41.323
118 44 100 2016-12-06T19:45:41.323
107 15 107 2016-12-06T20:08:33.117
107 44 107 2016-12-06T20:08:33.117
131 45 111 2016-12-06T20:22:47.717
16 6 131 2016-12-06T21:43:10.92
16 1 131 2016-12-06T21:43:10.92
16 46 131 2016-12-06T21:43:10.92
75 42 134 2016-12-06T22:33:44.307
75 47 134 2016-12-06T22:33:44.307
75 48 134 2016-12-06T22:33:44.307
14 26 138 2016-12-06T22:46:38.49
159 22 143 2016-12-06T22:55:54.177
172 49 146 2016-12-07T00:28:57.947
172 50 146 2016-12-07T00:28:57.947
172 5 147 2016-12-07T00:32:57.34
172 51 147 2016-12-07T00:32:57.34
172 52 147 2016-12-07T00:32:57.34
153 16 149 2016-12-07T01:39:34.487
196 27 155 2016-12-07T07:17:05.313
196 53 155 2016-12-07T07:17:05.313
196 54 155 2016-12-07T07:17:05.313
152 55 168 2016-12-07T10:38:27.393
152 56 168 2016-12-07T10:38:27.393
74 11 176 2016-12-07T11:27:43.337
74 57 176 2016-12-07T11:27:43.337
224 3 186 2016-12-07T13:32:07.537
224 32 186 2016-12-07T13:32:07.537
16 7 191 2016-12-07T15:54:41.35
16 58 191 2016-12-07T15:54:41.35
16 59 191 2016-12-07T15:54:41.35
78 5 196 2016-12-07T21:35:59.25
78 24 196 2016-12-07T21:35:59.25
78 60 196 2016-12-07T21:35:59.25
200 8 203 2016-12-08T07:29:57.14
200 61 203 2016-12-08T07:29:57.14
200 62 203 2016-12-08T07:29:57.14
12 8 211 2016-12-08T10:03:57.357
12 9 211 2016-12-08T10:03:57.357
12 63 211 2016-12-08T10:03:57.357
12 42 221 2016-12-08T13:07:28.87
12 9 221 2016-12-08T13:07:28.87
12 64 221 2016-12-08T13:07:28.87
39 5 223 2016-12-08T14:27:11.26
39 1 223 2016-12-08T14:27:11.26
39 65 223 2016-12-08T14:27:11.26
78 31 228 2016-12-08T16:15:26.45
78 39 228 2016-12-08T16:15:26.45
78 66 228 2016-12-08T16:15:26.45
12 8 230 2016-12-08T17:02:28.84
12 67 230 2016-12-08T17:02:28.84
12 68 230 2016-12-08T17:02:28.84
78 52 235 2016-12-09T11:26:19.127
78 69 235 2016-12-09T11:26:19.127
271 70 236 2016-12-09T12:28:02.783
271 59 236 2016-12-09T12:28:02.783
271 71 236 2016-12-09T12:28:02.783
271 47 238 2016-12-09T12:57:28.41
271 48 238 2016-12-09T12:57:28.41
49 5 243 2016-12-09T13:52:52.44
49 72 243 2016-12-09T13:52:52.44
271 5 244 2016-12-09T14:17:22.917
271 73 244 2016-12-09T14:17:22.917
4 1 249 2016-12-09T15:10:39.693
4 74 249 2016-12-09T15:10:39.693
4 75 249 2016-12-09T15:10:39.693
14 5 250 2016-12-09T15:49:48.127
14 44 250 2016-12-09T15:49:48.127
14 12 250 2016-12-09T15:49:48.127
14 76 250 2016-12-09T15:49:48.127
14 32 250 2016-12-09T15:49:48.127
271 77 251 2016-12-09T16:27:00.09
271 78 251 2016-12-09T16:27:00.09
271 70 251 2016-12-09T16:27:00.09
271 77 254 2016-12-09T17:00:38.81
271 78 254 2016-12-09T17:00:38.81
12 9 256 2016-12-09T18:01:33.013
12 79 256 2016-12-09T18:01:33.013
271 22 257 2016-12-09T18:32:35.51
271 80 257 2016-12-09T18:32:35.51
198 69 265 2016-12-09T23:16:51.26
12 9 268 2016-12-10T12:11:21.077
12 44 268 2016-12-10T12:11:21.077
12 81 268 2016-12-10T12:11:21.077
78 8 269 2016-12-10T13:07:37.157
78 44 269 2016-12-10T13:07:37.157
78 74 269 2016-12-10T13:07:37.157
12 82 271 2016-12-10T14:47:02.787
12 83 271 2016-12-10T14:47:02.787
12 84 271 2016-12-10T14:47:02.787
78 8 273 2016-12-10T15:12:56.977
78 14 273 2016-12-10T15:12:56.977
78 85 273 2016-12-10T15:12:56.977
12 11 277 2016-12-10T16:29:42.363
12 86 277 2016-12-10T16:29:42.363
12 87 277 2016-12-10T16:29:42.363
12 88 277 2016-12-10T16:29:42.363
99 5 278 2016-12-10T21:21:05.62
99 89 278 2016-12-10T21:21:05.62
321 5 279 2016-12-10T23:24:43.677
321 3 279 2016-12-10T23:24:43.677
321 39 279 2016-12-10T23:24:43.677
78 52 281 2016-12-11T12:52:57.26
78 51 281 2016-12-11T12:52:57.26
159 39 283 2016-12-11T13:49:30.71
159 20 283 2016-12-11T13:49:30.71
159 87 283 2016-12-11T13:49:30.71
12 9 286 2016-12-11T14:38:28.76
12 90 286 2016-12-11T14:38:28.76
12 91 286 2016-12-11T14:38:28.76
12 44 287 2016-12-11T17:01:25.687
12 92 287 2016-12-11T17:01:25.687
12 82 288 2016-12-11T18:15:08.787
12 83 288 2016-12-11T18:15:08.787
14 26 294 2016-12-12T09:07:24.593
12 26 298 2016-12-12T18:41:55.573
12 42 298 2016-12-12T18:41:55.573
371 19 300 2016-12-12T22:09:41.117
371 7 300 2016-12-12T22:09:41.117
371 93 300 2016-12-12T22:09:41.117
371 19 301 2016-12-12T22:12:08.497
371 21 301 2016-12-12T22:12:08.497
376 51 303 2016-12-12T23:29:34.063
376 7 303 2016-12-12T23:29:34.063
403 51 306 2016-12-13T05:24:14.113
403 52 306 2016-12-13T05:24:14.113
403 25 306 2016-12-13T05:24:14.113
411 5 312 2016-12-13T12:42:03.683
411 44 312 2016-12-13T12:42:03.683
411 12 312 2016-12-13T12:42:03.683
411 32 312 2016-12-13T12:42:03.683
411 3 313 2016-12-13T13:01:24.78
411 58 313 2016-12-13T13:01:24.78
411 33 313 2016-12-13T13:01:24.78
414 19 314 2016-12-13T13:16:04.503
414 25 314 2016-12-13T13:16:04.503
12 9 318 2016-12-13T17:52:50.617
12 26 318 2016-12-13T17:52:50.617
12 94 318 2016-12-13T17:52:50.617
435 5 323 2016-12-14T07:51:18.677
435 51 323 2016-12-14T07:51:18.677
12 5 327 2016-12-14T16:06:03.037
12 39 327 2016-12-14T16:06:03.037
12 95 327 2016-12-14T16:06:03.037
49 58 329 2016-12-14T20:02:23.297
49 96 329 2016-12-14T20:02:23.297
49 97 329 2016-12-14T20:02:23.297
54 26 332 2016-12-14T23:40:40.147
54 11 332 2016-12-14T23:40:40.147
54 94 332 2016-12-14T23:40:40.147
54 88 332 2016-12-14T23:40:40.147
54 26 334 2016-12-15T01:50:27.427
54 94 334 2016-12-15T01:50:27.427
14 26 347 2016-12-15T17:20:02.28
12 61 348 2016-12-15T19:15:28.667
12 91 348 2016-12-15T19:15:28.667
12 98 348 2016-12-15T19:15:28.667
190 5 351 2016-12-16T05:30:25
190 12 351 2016-12-16T05:30:25
190 58 351 2016-12-16T05:30:25
12 52 357 2016-12-16T17:05:08.647
12 14 357 2016-12-16T17:05:08.647
78 11 358 2016-12-16T18:05:11.34
78 51 358 2016-12-16T18:05:11.34
152 27 360 2016-12-17T10:04:23.207
152 58 360 2016-12-17T10:04:23.207
152 99 360 2016-12-17T10:04:23.207
159 8 368 2016-12-17T15:29:43.653
159 20 368 2016-12-17T15:29:43.653
159 100 368 2016-12-17T15:29:43.653
12 8 374 2016-12-17T19:45:47.387
12 101 374 2016-12-17T19:45:47.387
12 102 374 2016-12-17T19:45:47.387
78 93 379 2016-12-17T23:09:56.763
493 103 380 2016-12-18T01:46:59.72
493 104 380 2016-12-18T01:46:59.72
12 101 387 2016-12-18T12:20:17.227
12 105 387 2016-12-18T12:20:17.227
159 9 388 2016-12-18T14:08:26.043
159 27 388 2016-12-18T14:08:26.043
48 44 395 2016-12-18T18:41:59.19
48 34 395 2016-12-18T18:41:59.19
48 106 395 2016-12-18T18:41:59.19
78 27 398 2016-12-19T13:39:15.997
16 7 400 2016-12-19T15:11:44.747
16 103 400 2016-12-19T15:11:44.747
12 26 405 2016-12-19T20:56:30.947
12 94 405 2016-12-19T20:56:30.947
12 107 405 2016-12-19T20:56:30.947
12 51 411 2016-12-20T16:56:18.117
12 52 411 2016-12-20T16:56:18.117
78 5 414 2016-12-20T22:03:35.313
111 5 416 2016-12-21T04:45:25.86
111 108 416 2016-12-21T04:45:25.86
111 109 416 2016-12-21T04:45:25.86
12 51 431 2016-12-21T15:29:08.313
12 101 431 2016-12-21T15:29:08.313
39 1 432 2016-12-21T17:46:22.62
39 65 432 2016-12-21T17:46:22.62
39 33 432 2016-12-21T17:46:22.62
14 8 434 2016-12-22T10:08:33.43
14 9 434 2016-12-22T10:08:33.43
12 98 439 2016-12-22T18:17:24.193
54 6 447 2016-12-23T17:48:03.313
54 87 447 2016-12-23T17:48:03.313
54 110 447 2016-12-23T17:48:03.313
12 98 450 2016-12-23T17:50:13.34
252 7 451 2016-12-24T10:31:38.15
252 46 451 2016-12-24T10:31:38.15
14 8 452 2016-12-24T10:49:17.22
14 26 452 2016-12-24T10:49:17.22
14 94 452 2016-12-24T10:49:17.22
14 2 452 2016-12-24T10:49:17.22
78 5 456 2016-12-26T10:14:53
78 11 456 2016-12-26T10:14:53
12 52 458 2016-12-26T17:57:22.777
12 19 459 2016-12-26T19:41:54.513
12 14 459 2016-12-26T19:41:54.513
12 111 459 2016-12-26T19:41:54.513
107 8 460 2016-12-26T20:08:51.04
107 58 460 2016-12-26T20:08:51.04
107 95 460 2016-12-26T20:08:51.04
107 112 460 2016-12-26T20:08:51.04
70 22 463 2016-12-26T20:58:24.23
12 9 480 2016-12-27T14:37:44.39
12 113 480 2016-12-27T14:37:44.39
12 114 480 2016-12-27T14:37:44.39
14 8 496 2016-12-27T20:41:07.707
14 26 496 2016-12-27T20:41:07.707
14 37 496 2016-12-27T20:41:07.707
49 5 498 2016-12-28T04:25:34.443
49 2 498 2016-12-28T04:25:34.443
49 115 498 2016-12-28T04:25:34.443
51 8 499 2016-12-28T10:48:46.47
51 39 499 2016-12-28T10:48:46.47
51 116 499 2016-12-28T10:48:46.47
51 117 499 2016-12-28T10:48:46.47
12 101 503 2016-12-28T14:58:17.327
14 26 504 2016-12-28T20:11:52.857
12 5 512 2016-12-29T13:40:07.297
12 87 512 2016-12-29T13:40:07.297
159 52 518 2016-12-30T11:41:40.323
70 51 524 2016-12-30T14:26:00.963
70 52 524 2016-12-30T14:26:00.963
12 111 526 2016-12-30T18:30:39.377
12 118 526 2016-12-30T18:30:39.377
14 26 528 2016-12-31T14:39:51.28
14 94 528 2016-12-31T14:39:51.28
14 119 528 2016-12-31T14:39:51.28
12 51 530 2016-12-31T15:09:40.377
12 120 530 2016-12-31T15:09:40.377
12 121 530 2016-12-31T15:09:40.377
78 51 540 2017-01-01T15:11:13.143
12 22 543 2017-01-01T19:05:42.3
12 122 543 2017-01-01T19:05:42.3
12 123 543 2017-01-01T19:05:42.3
271 51 546 2017-01-02T00:22:15.09
271 52 546 2017-01-02T00:22:15.09
623 22 547 2017-01-02T00:40:04.29
623 20 547 2017-01-02T00:40:04.29
271 51 549 2017-01-02T11:57:42.96
271 52 549 2017-01-02T11:57:42.96
271 124 549 2017-01-02T11:57:42.96
271 51 551 2017-01-02T12:35:09.203
271 52 551 2017-01-02T12:35:09.203
12 8 554 2017-01-02T20:50:35.89
12 58 554 2017-01-02T20:50:35.89
12 14 554 2017-01-02T20:50:35.89
12 117 554 2017-01-02T20:50:35.89
632 5 557 2017-01-03T03:51:42.237
252 51 563 2017-01-03T16:59:04.127
252 52 563 2017-01-03T16:59:04.127
29 5 567 2017-01-03T17:56:30.73
29 44 567 2017-01-03T17:56:30.73
29 3 567 2017-01-03T17:56:30.73
29 55 567 2017-01-03T17:56:30.73
29 125 567 2017-01-03T17:56:30.73
535 5 568 2017-01-03T18:00:18.233
198 9 579 2017-01-03T22:48:52.113
198 126 579 2017-01-03T22:48:52.113
641 5 585 2017-01-04T14:03:10.023
641 3 585 2017-01-04T14:03:10.023
78 8 586 2017-01-04T14:55:54.163
78 93 586 2017-01-04T14:55:54.163
12 5 593 2017-01-04T16:03:04.28
12 8 593 2017-01-04T16:03:04.28
12 127 593 2017-01-04T16:03:04.28
12 128 593 2017-01-04T16:03:04.28
674 55 600 2017-01-04T19:15:45.037
674 61 600 2017-01-04T19:15:45.037
49 27 601 2017-01-04T19:23:14.037
306 11 603 2017-01-04T20:03:18.073
306 46 603 2017-01-04T20:03:18.073
679 87 608 2017-01-04T21:31:24.007
679 76 608 2017-01-04T21:31:24.007
682 66 610 2017-01-04T22:07:05.56
12 31 635 2017-01-05T16:57:43.183
12 129 635 2017-01-05T16:57:43.183
78 26 636 2017-01-05T17:05:28.79
78 11 636 2017-01-05T17:05:28.79
78 94 636 2017-01-05T17:05:28.79
250 52 639 2017-01-05T18:51:56.36
250 130 639 2017-01-05T18:51:56.36
718 47 648 2017-01-06T10:27:28.643
718 48 648 2017-01-06T10:27:28.643
721 42 651 2017-01-06T14:06:02.293
721 20 651 2017-01-06T14:06:02.293
721 131 651 2017-01-06T14:06:02.293
726 5 659 2017-01-06T16:56:02.5
726 11 659 2017-01-06T16:56:02.5
726 39 659 2017-01-06T16:56:02.5
726 132 659 2017-01-06T16:56:02.5
12 87 664 2017-01-06T21:01:27.1
12 70 664 2017-01-06T21:01:27.1
12 133 664 2017-01-06T21:01:27.1
739 55 665 2017-01-07T03:36:02.313
740 5 666 2017-01-07T04:52:51.653
744 8 671 2017-01-07T11:00:43.21
744 9 671 2017-01-07T11:00:43.21
70 51 673 2017-01-07T13:15:57.843
70 52 673 2017-01-07T13:15:57.843
70 25 673 2017-01-07T13:15:57.843
80 5 675 2017-01-07T14:32:32.327
80 9 675 2017-01-07T14:32:32.327
250 58 678 2017-01-07T18:37:48.76
250 134 678 2017-01-07T18:37:48.76
250 135 678 2017-01-07T18:37:48.76
12 8 684 2017-01-07T20:01:52.837
12 136 684 2017-01-07T20:01:52.837
752 11 686 2017-01-08T06:41:00.943
752 58 686 2017-01-08T06:41:00.943
752 46 686 2017-01-08T06:41:00.943
755 26 688 2017-01-08T08:17:53.077
755 137 688 2017-01-08T08:17:53.077
12 8 695 2017-01-08T13:43:13.9
12 51 695 2017-01-08T13:43:13.9
12 52 695 2017-01-08T13:43:13.9
250 58 699 2017-01-08T14:47:15.243
250 138 699 2017-01-08T14:47:15.243
14 119 703 2017-01-08T16:54:53.897
14 120 703 2017-01-08T16:54:53.897
14 121 703 2017-01-08T16:54:53.897
14 139 703 2017-01-08T16:54:53.897
12 26 726 2017-01-09T17:47:55.47
12 94 726 2017-01-09T17:47:55.47
12 5 736 2017-01-10T17:48:30.683
12 140 736 2017-01-10T17:48:30.683
910 69 740 2017-01-10T22:40:46.56
168 39 741 2017-01-11T01:19:18.443
168 141 741 2017-01-11T01:19:18.443
168 142 741 2017-01-11T01:19:18.443
12 5 753 2017-01-11T17:14:27.443
12 42 753 2017-01-11T17:14:27.443
12 143 753 2017-01-11T17:14:27.443
14 51 758 2017-01-12T12:41:17.787
14 52 758 2017-01-12T12:41:17.787
12 8 764 2017-01-12T20:32:47.543
12 9 764 2017-01-12T20:32:47.543
12 144 764 2017-01-12T20:32:47.543
986 5 774 2017-01-13T16:13:19.413
986 19 774 2017-01-13T16:13:19.413
986 7 774 2017-01-13T16:13:19.413
986 69 774 2017-01-13T16:13:19.413
12 26 784 2017-01-13T19:58:33.807
12 94 784 2017-01-13T19:58:33.807
54 26 786 2017-01-13T21:01:56.71
54 137 786 2017-01-13T21:01:56.71
999 5 787 2017-01-14T10:06:26.94
999 20 787 2017-01-14T10:06:26.94
12 5 796 2017-01-14T16:56:11.19
12 8 796 2017-01-14T16:56:11.19
1011 11 797 2017-01-15T10:06:57.583
1011 145 797 2017-01-15T10:06:57.583
12 8 804 2017-01-15T14:02:48.947
12 26 804 2017-01-15T14:02:48.947
39 1 807 2017-01-16T10:56:23.793
39 65 807 2017-01-16T10:56:23.793
39 91 807 2017-01-16T10:56:23.793
54 26 809 2017-01-16T12:05:04.667
1024 11 812 2017-01-16T16:12:12.623
1024 47 812 2017-01-16T16:12:12.623
12 26 813 2017-01-16T17:38:27.927
12 42 813 2017-01-16T17:38:27.927
12 27 813 2017-01-16T17:38:27.927
12 43 813 2017-01-16T17:38:27.927
1029 119 816 2017-01-17T00:01:47.487
1029 146 816 2017-01-17T00:01:47.487
1043 9 818 2017-01-17T14:49:05.85
1043 44 818 2017-01-17T14:49:05.85
14 9 819 2017-01-17T16:23:38.377
14 42 819 2017-01-17T16:23:38.377
14 17 819 2017-01-17T16:23:38.377
12 7 822 2017-01-17T20:29:45.223
12 92 822 2017-01-17T20:29:45.223
12 52 828 2017-01-18T15:35:33.407
1073 26 832 2017-01-19T06:19:17.623
1073 147 832 2017-01-19T06:19:17.623
168 39 834 2017-01-19T09:16:19.267
168 141 834 2017-01-19T09:16:19.267
168 142 834 2017-01-19T09:16:19.267
12 7 838 2017-01-19T18:30:40.62
12 19 838 2017-01-19T18:30:40.62
535 5 840 2017-01-19T21:18:26.36
535 26 840 2017-01-19T21:18:26.36
12 52 845 2017-01-20T16:48:58.753
99 58 847 2017-01-20T18:08:38.477
99 39 847 2017-01-20T18:08:38.477
99 87 847 2017-01-20T18:08:38.477
99 148 847 2017-01-20T18:08:38.477
14 52 853 2017-01-21T11:15:22.37
14 51 853 2017-01-21T11:15:22.37
14 42 853 2017-01-21T11:15:22.37
14 3 853 2017-01-21T11:15:22.37
12 8 854 2017-01-21T16:41:13.983
12 7 854 2017-01-21T16:41:13.983
12 69 857 2017-01-22T11:47:41.517
12 32 857 2017-01-22T11:47:41.517
14 52 861 2017-01-23T16:20:37.817
14 51 861 2017-01-23T16:20:37.817
941 5 865 2017-01-24T14:36:42.547
941 76 865 2017-01-24T14:36:42.547
941 100 865 2017-01-24T14:36:42.547
14 5 866 2017-01-24T16:25:26.613
14 52 866 2017-01-24T16:25:26.613
14 51 866 2017-01-24T16:25:26.613
78 14 868 2017-01-24T18:20:42.91
78 149 868 2017-01-24T18:20:42.91
12 52 869 2017-01-24T18:21:10.427
12 14 869 2017-01-24T18:21:10.427
14 5 873 2017-01-25T14:55:01.57
14 8 873 2017-01-25T14:55:01.57
14 14 873 2017-01-25T14:55:01.57
14 70 873 2017-01-25T14:55:01.57
14 150 873 2017-01-25T14:55:01.57
12 14 875 2017-01-25T18:31:33
12 47 875 2017-01-25T18:31:33
12 138 875 2017-01-25T18:31:33
70 19 878 2017-01-26T05:23:40.303
752 39 880 2017-01-26T13:46:04.517
752 3 880 2017-01-26T13:46:04.517
752 46 880 2017-01-26T13:46:04.517
12 51 882 2017-01-26T17:27:47
49 8 885 2017-01-26T21:11:48.92
1157 39 891 2017-01-27T10:47:01.973
1157 3 891 2017-01-27T10:47:01.973
49 151 894 2017-01-27T13:45:02.467
1229 8 902 2017-01-27T21:22:28.993
1229 9 902 2017-01-27T21:22:28.993
1229 127 902 2017-01-27T21:22:28.993
12 14 906 2017-01-28T17:11:01.023
12 152 906 2017-01-28T17:11:01.023
433 58 909 2017-01-30T06:03:07.137
433 153 909 2017-01-30T06:03:07.137
433 132 909 2017-01-30T06:03:07.137
49 8 911 2017-01-30T13:16:41.26
49 14 911 2017-01-30T13:16:41.26
49 63 911 2017-01-30T13:16:41.26
12 33 918 2017-01-30T20:22:25.757
12 154 918 2017-01-30T20:22:25.757
12 14 921 2017-01-31T18:09:40.373
12 155 921 2017-01-31T18:09:40.373
1301 5 922 2017-02-01T07:05:33.5
1301 9 922 2017-02-01T07:05:33.5
1309 9 924 2017-02-01T15:01:37.127
1309 41 924 2017-02-01T15:01:37.127
1309 156 924 2017-02-01T15:01:37.127
1309 157 924 2017-02-01T15:01:37.127
12 9 927 2017-02-01T18:42:28.917
12 7 927 2017-02-01T18:42:28.917
14 9 928 2017-02-01T19:01:34.487
14 87 928 2017-02-01T19:01:34.487
14 46 928 2017-02-01T19:01:34.487
1320 3 930 2017-02-02T02:46:28.483
1320 158 930 2017-02-02T02:46:28.483
1035 157 932 2017-02-02T10:14:15.523
1035 159 932 2017-02-02T10:14:15.523
1035 160 932 2017-02-02T10:14:15.523
1035 161 932 2017-02-02T10:14:15.523
49 8 938 2017-02-02T14:01:28.673
49 20 938 2017-02-02T14:01:28.673
49 162 938 2017-02-02T14:01:28.673
1334 58 940 2017-02-02T17:36:10.193
1334 42 940 2017-02-02T17:36:10.193
1334 18 940 2017-02-02T17:36:10.193
1334 96 940 2017-02-02T17:36:10.193
1334 146 940 2017-02-02T17:36:10.193
1338 5 942 2017-02-02T20:29:47.64
1338 58 942 2017-02-02T20:29:47.64
1338 101 942 2017-02-02T20:29:47.64
1338 105 942 2017-02-02T20:29:47.64
642 16 943 2017-02-03T12:14:11.477
12 19 945 2017-02-03T17:16:09.86
12 163 950 2017-02-04T14:47:13.99
12 164 950 2017-02-04T14:47:13.99
14 26 955 2017-02-04T20:49:22.473
14 94 955 2017-02-04T20:49:22.473
14 26 956 2017-02-05T11:36:21.817
14 94 956 2017-02-05T11:36:21.817
14 119 956 2017-02-05T11:36:21.817
12 5 958 2017-02-05T14:52:41.057
1382 83 962 2017-02-06T07:41:39.107
1382 88 962 2017-02-06T07:41:39.107
1386 9 964 2017-02-06T10:03:52.717
1386 20 964 2017-02-06T10:03:52.717
1386 29 964 2017-02-06T10:03:52.717
1386 161 964 2017-02-06T10:03:52.717
1035 26 966 2017-02-06T13:02:45.543
1398 3 970 2017-02-06T23:44:25.123
1398 16 970 2017-02-06T23:44:25.123
1398 38 970 2017-02-06T23:44:25.123
1402 3 971 2017-02-07T08:36:50.537
1406 3 976 2017-02-07T12:16:35.107
1406 27 976 2017-02-07T12:16:35.107
1406 6 976 2017-02-07T12:16:35.107
12 19 980 2017-02-07T17:18:34.337
143 51 982 2017-02-07T21:20:53.77
143 52 982 2017-02-07T21:20:53.77
1420 51 983 2017-02-07T21:29:48.247
1420 25 983 2017-02-07T21:29:48.247
1422 51 984 2017-02-08T03:50:01.5
1422 52 984 2017-02-08T03:50:01.5
1422 111 984 2017-02-08T03:50:01.5
1432 3 988 2017-02-08T17:29:35.18
1432 20 988 2017-02-08T17:29:35.18
12 27 990 2017-02-08T18:43:24.33
143 76 991 2017-02-08T19:33:39.513
1432 20 993 2017-02-09T10:27:14.883
1432 165 993 2017-02-09T10:27:14.883
1459 156 1002 2017-02-10T04:42:03.613
525 3 1005 2017-02-10T14:24:22.947
525 39 1005 2017-02-10T14:24:22.947
525 157 1005 2017-02-10T14:24:22.947
1476 8 1006 2017-02-10T16:01:06.32
1476 26 1006 2017-02-10T16:01:06.32
1476 166 1006 2017-02-10T16:01:06.32
99 8 1010 2017-02-10T18:22:27.323
99 3 1010 2017-02-10T18:22:27.323
12 51 1016 2017-02-11T20:06:19.907
1508 9 1017 2017-02-12T11:42:29.94
1508 127 1017 2017-02-12T11:42:29.94
1508 155 1017 2017-02-12T11:42:29.94
49 5 1022 2017-02-13T13:42:30.517
49 167 1022 2017-02-13T13:42:30.517
1305 113 1024 2017-02-13T17:21:19.743
12 8 1039 2017-02-14T14:45:24.327
12 63 1039 2017-02-14T14:45:24.327
14 5 1040 2017-02-14T19:28:34
14 58 1040 2017-02-14T19:28:34
14 87 1040 2017-02-14T19:28:34
14 34 1040 2017-02-14T19:28:34
1551 58 1048 2017-02-15T07:47:53.037
39 20 1049 2017-02-15T08:13:44.34
39 27 1049 2017-02-15T08:13:44.34
39 108 1049 2017-02-15T08:13:44.34
39 168 1049 2017-02-15T08:13:44.34
39 53 1049 2017-02-15T08:13:44.34
1556 11 1051 2017-02-15T10:31:13.39
1556 39 1051 2017-02-15T10:31:13.39
1556 20 1051 2017-02-15T10:31:13.39
1556 161 1051 2017-02-15T10:31:13.39
1556 165 1051 2017-02-15T10:31:13.39
1567 5 1054 2017-02-15T14:58:53.66
1567 42 1054 2017-02-15T14:58:53.66
1567 165 1054 2017-02-15T14:58:53.66
1567 109 1054 2017-02-15T14:58:53.66
1563 58 1060 2017-02-16T16:04:19.48
1563 5 1060 2017-02-16T16:04:19.48
12 14 1074 2017-02-18T18:15:51.517
12 85 1074 2017-02-18T18:15:51.517
1640 5 1077 2017-02-18T23:04:16.953
1640 3 1077 2017-02-18T23:04:16.953
1640 70 1077 2017-02-18T23:04:16.953
1642 5 1078 2017-02-18T23:18:38.243
1642 51 1078 2017-02-18T23:18:38.243
1660 38 1084 2017-02-20T06:37:21.397
1660 41 1084 2017-02-20T06:37:21.397
1661 58 1085 2017-02-20T08:23:28.207
1661 6 1085 2017-02-20T08:23:28.207
12 58 1090 2017-02-21T17:40:05.29
12 166 1090 2017-02-21T17:40:05.29
12 164 1090 2017-02-21T17:40:05.29
686 166 1092 2017-02-21T19:29:28.017
686 169 1092 2017-02-21T19:29:28.017
14 8 1093 2017-02-21T19:44:19.047
14 26 1093 2017-02-21T19:44:19.047
14 94 1093 2017-02-21T19:44:19.047
14 119 1093 2017-02-21T19:44:19.047
14 150 1093 2017-02-21T19:44:19.047
1698 44 1096 2017-02-22T05:49:54.913
1698 165 1096 2017-02-22T05:49:54.913
1701 9 1099 2017-02-22T09:41:21.273
1701 3 1099 2017-02-22T09:41:21.273
1701 42 1099 2017-02-22T09:41:21.273
1705 9 1102 2017-02-22T12:45:59.12
1705 168 1102 2017-02-22T12:45:59.12
1710 9 1104 2017-02-22T17:22:04.787
1710 39 1104 2017-02-22T17:22:04.787
80 170 1108 2017-02-23T08:48:25.077
584 8 1112 2017-02-23T09:59:34.987
584 9 1112 2017-02-23T09:59:34.987
1728 58 1115 2017-02-23T16:05:28.48
1728 6 1115 2017-02-23T16:05:28.48
1710 5 1117 2017-02-23T19:57:16.927
1710 9 1117 2017-02-23T19:57:16.927
99 9 1119 2017-02-24T08:32:54.473
99 90 1119 2017-02-24T08:32:54.473
12 51 1124 2017-02-25T16:44:22.38
1765 39 1128 2017-02-27T00:15:23.893
1765 20 1128 2017-02-27T00:15:23.893
1769 5 1130 2017-02-27T09:05:48.303
1769 11 1130 2017-02-27T09:05:48.303
1772 26 1134 2017-02-27T15:00:55.507
16 7 1137 2017-02-27T16:11:42.553
16 70 1137 2017-02-27T16:11:42.553
16 18 1137 2017-02-27T16:11:42.553
1705 9 1140 2017-02-28T10:46:18.503
1705 26 1140 2017-02-28T10:46:18.503
1705 168 1140 2017-02-28T10:46:18.503
39 58 1143 2017-02-28T17:37:52.643
39 108 1143 2017-02-28T17:37:52.643
1785 58 1146 2017-02-28T19:47:39.437
49 5 1155 2017-03-01T21:57:17.113
49 51 1164 2017-03-03T17:06:44.98
49 52 1164 2017-03-03T17:06:44.98
1837 52 1166 2017-03-03T21:27:59.187
1837 101 1166 2017-03-03T21:27:59.187
12 5 1168 2017-03-04T13:59:59.843
12 171 1168 2017-03-04T13:59:59.843
1854 20 1171 2017-03-05T02:36:22.747
1854 127 1171 2017-03-05T02:36:22.747
1302 9 1172 2017-03-05T13:25:40.55
1302 170 1172 2017-03-05T13:25:40.55
1302 172 1172 2017-03-05T13:25:40.55
12 164 1173 2017-03-05T14:23:50.6
1305 172 1179 2017-03-06T18:57:31.997
1883 39 1181 2017-03-07T06:34:10.393
1883 16 1181 2017-03-07T06:34:10.393
1889 129 1183 2017-03-07T17:24:50.84
1889 173 1183 2017-03-07T17:24:50.84
1892 5 1184 2017-03-07T18:54:08.183
1892 8 1184 2017-03-07T18:54:08.183
1892 127 1184 2017-03-07T18:54:08.183
1900 9 1188 2017-03-08T08:59:02.67
1900 20 1188 2017-03-08T08:59:02.67
1900 42 1188 2017-03-08T08:59:02.67
1769 26 1190 2017-03-08T12:56:47.153
1769 161 1190 2017-03-08T12:56:47.153
1701 3 1194 2017-03-09T08:41:31.397
1701 42 1194 2017-03-09T08:41:31.397
1701 166 1194 2017-03-09T08:41:31.397
1701 174 1194 2017-03-09T08:41:31.397
1701 175 1194 2017-03-09T08:41:31.397
49 70 1196 2017-03-09T14:07:22.87
1914 51 1198 2017-03-10T22:02:47.51
1769 161 1199 2017-03-11T09:01:57.617
306 46 1202 2017-03-12T07:18:25.85
1955 146 1203 2017-03-12T08:35:15.47
1957 5 1204 2017-03-12T08:56:09.237
1957 176 1204 2017-03-12T08:56:09.237
1769 26 1205 2017-03-12T10:06:32.267
1769 94 1205 2017-03-12T10:06:32.267
1769 119 1205 2017-03-12T10:06:32.267
1769 107 1205 2017-03-12T10:06:32.267
99 8 1207 2017-03-12T11:14:03.283
99 70 1207 2017-03-12T11:14:03.283
708 42 1209 2017-03-12T14:21:03.343
708 27 1209 2017-03-12T14:21:03.343
1969 3 1214 2017-03-13T16:57:55.297
1969 11 1214 2017-03-13T16:57:55.297
1969 177 1214 2017-03-13T16:57:55.297
1969 178 1214 2017-03-13T16:57:55.297
1969 133 1214 2017-03-13T16:57:55.297
1334 55 1221 2017-03-14T17:10:53.88
1980 5 1222 2017-03-14T19:05:09.08
1980 8 1222 2017-03-14T19:05:09.08
1980 9 1222 2017-03-14T19:05:09.08
2007 58 1227 2017-03-16T23:15:24.75
2007 11 1227 2017-03-16T23:15:24.75
2007 70 1227 2017-03-16T23:15:24.75
2011 22 1230 2017-03-17T10:14:30.04
2011 23 1230 2017-03-17T10:14:30.04
12 5 1233 2017-03-17T16:26:12.297
12 8 1233 2017-03-17T16:26:12.297
12 126 1233 2017-03-17T16:26:12.297
2044 5 1242 2017-03-19T02:55:10.28
2044 6 1242 2017-03-19T02:55:10.28
2057 22 1246 2017-03-21T01:06:47.44
1305 168 1256 2017-03-21T14:31:16.83
2079 5 1257 2017-03-21T19:18:33.01
2079 109 1257 2017-03-21T19:18:33.01
2079 179 1257 2017-03-21T19:18:33.01
2085 5 1262 2017-03-21T23:17:34.44
2085 3 1262 2017-03-21T23:17:34.44
2085 1 1262 2017-03-21T23:17:34.44
2085 32 1262 2017-03-21T23:17:34.44
2085 109 1262 2017-03-21T23:17:34.44
2103 22 1274 2017-03-22T14:26:47.87
2103 149 1274 2017-03-22T14:26:47.87
12 168 1284 2017-03-25T16:37:43.887
1386 161 1289 2017-03-28T11:10:08.517
2180 5 1293 2017-03-28T19:23:54.837
2180 42 1293 2017-03-28T19:23:54.837
1309 40 1299 2017-03-29T20:14:01.743
49 5 1302 2017-03-30T14:42:32.703
2228 51 1307 2017-04-01T07:36:33.777
2228 52 1307 2017-04-01T07:36:33.777
2224 17 1309 2017-04-01T16:12:09.787
2250 8 1313 2017-04-03T10:36:03.07
2250 39 1313 2017-04-03T10:36:03.07
2250 31 1313 2017-04-03T10:36:03.07
49 5 1314 2017-04-03T14:16:26.257
49 8 1314 2017-04-03T14:16:26.257
2227 3 1320 2017-04-05T15:50:47.893
2227 165 1320 2017-04-05T15:50:47.893
2227 45 1320 2017-04-05T15:50:47.893
708 9 1322 2017-04-05T19:08:46.357
708 144 1322 2017-04-05T19:08:46.357
2224 39 1327 2017-04-08T11:09:34.513
2224 42 1327 2017-04-08T11:09:34.513
2224 17 1327 2017-04-08T11:09:34.513
2309 8 1329 2017-04-09T14:35:00.613
2309 58 1329 2017-04-09T14:35:00.613
2309 2 1329 2017-04-09T14:35:00.613
2318 3 1331 2017-04-10T06:07:58
12 19 1334 2017-04-10T09:33:57.12
12 25 1334 2017-04-10T09:33:57.12
49 8 1338 2017-04-10T14:57:33.483
49 63 1338 2017-04-10T14:57:33.483
2329 8 1339 2017-04-10T14:59:01.803
2329 88 1339 2017-04-10T14:59:01.803
2329 37 1339 2017-04-10T14:59:01.803
16 8 1348 2017-04-10T22:54:47.857
16 9 1348 2017-04-10T22:54:47.857
16 70 1348 2017-04-10T22:54:47.857
16 71 1348 2017-04-10T22:54:47.857
2224 39 1359 2017-04-11T13:16:37.22
2224 42 1359 2017-04-11T13:16:37.22
2224 17 1359 2017-04-11T13:16:37.22
16 8 1362 2017-04-11T16:54:53.693
16 7 1362 2017-04-11T16:54:53.693
16 70 1362 2017-04-11T16:54:53.693
16 18 1362 2017-04-11T16:54:53.693
2379 58 1367 2017-04-12T16:49:00.067
2379 108 1367 2017-04-12T16:49:00.067
2379 53 1367 2017-04-12T16:49:00.067
2379 28 1367 2017-04-12T16:49:00.067
2403 26 1371 2017-04-14T15:14:00.093
2403 166 1371 2017-04-14T15:14:00.093
2403 169 1371 2017-04-14T15:14:00.093
2443 9 1380 2017-04-19T02:26:49.987
2443 20 1380 2017-04-19T02:26:49.987
2443 27 1380 2017-04-19T02:26:49.987
39 5 1386 2017-04-19T19:42:10.71
39 65 1386 2017-04-19T19:42:10.71
2467 11 1387 2017-04-20T07:11:21.503
2467 70 1387 2017-04-20T07:11:21.503
12 8 1394 2017-04-23T13:36:34.087
12 69 1394 2017-04-23T13:36:34.087
2144 38 1396 2017-04-24T07:19:01.707
2144 29 1396 2017-04-24T07:19:01.707
2144 180 1396 2017-04-24T07:19:01.707
2515 5 1400 2017-04-25T04:13:48.673
2515 103 1400 2017-04-25T04:13:48.673
74 181 1402 2017-04-25T12:45:03.51
74 182 1402 2017-04-25T12:45:03.51
1800 22 1412 2017-04-26T13:59:17.573
2535 9 1414 2017-04-26T15:39:19.04
2535 161 1414 2017-04-26T15:39:19.04
2554 9 1419 2017-04-28T12:17:45.903
2554 26 1419 2017-04-28T12:17:45.903
2554 27 1419 2017-04-28T12:17:45.903
2562 3 1422 2017-04-29T22:32:50.177
2562 58 1422 2017-04-29T22:32:50.177
2562 39 1422 2017-04-29T22:32:50.177
2562 11 1422 2017-04-29T22:32:50.177
2562 87 1422 2017-04-29T22:32:50.177
99 39 1425 2017-04-30T20:36:26.087
99 11 1425 2017-04-30T20:36:26.087
2589 42 1432 2017-05-02T12:06:39.667
2589 161 1432 2017-05-02T12:06:39.667
12 51 1435 2017-05-03T15:38:30.177
12 95 1435 2017-05-03T15:38:30.177
12 183 1435 2017-05-03T15:38:30.177
12 22 1441 2017-05-08T18:29:23.54
2646 17 1442 2017-05-09T04:23:38.467
2646 177 1442 2017-05-09T04:23:38.467
2646 180 1442 2017-05-09T04:23:38.467
2652 9 1444 2017-05-09T16:27:12.33
2652 20 1444 2017-05-09T16:27:12.33
2652 161 1444 2017-05-09T16:27:12.33
2652 30 1444 2017-05-09T16:27:12.33
2654 5 1445 2017-05-09T19:07:21.36
2654 58 1445 2017-05-09T19:07:21.36
2664 131 1448 2017-05-10T12:57:00.24
2664 158 1448 2017-05-10T12:57:00.24
2666 51 1449 2017-05-10T14:13:00.953
2666 52 1449 2017-05-10T14:13:00.953
2675 39 1455 2017-05-11T11:44:49.25
2675 161 1455 2017-05-11T11:44:49.25
2670 51 1458 2017-05-11T16:34:50.45
2670 52 1458 2017-05-11T16:34:50.45
70 19 1461 2017-05-12T23:51:47.337
70 111 1461 2017-05-12T23:51:47.337
2700 16 1466 2017-05-13T10:32:29.497
2700 74 1466 2017-05-13T10:32:29.497
2724 31 1475 2017-05-16T06:23:25.667
2724 180 1475 2017-05-16T06:23:25.667
2725 39 1476 2017-05-16T06:50:20.623
2725 6 1476 2017-05-16T06:50:20.623
2725 170 1476 2017-05-16T06:50:20.623
2725 175 1476 2017-05-16T06:50:20.623
1822 42 1479 2017-05-16T12:32:35.133
1822 11 1479 2017-05-16T12:32:35.133
1822 28 1479 2017-05-16T12:32:35.133
642 169 1480 2017-05-16T13:45:00.043
1822 8 1482 2017-05-16T14:20:47.207
1822 9 1482 2017-05-16T14:20:47.207
1822 11 1482 2017-05-16T14:20:47.207
1822 42 1492 2017-05-18T08:34:14.997
1822 96 1492 2017-05-18T08:34:14.997
1822 26 1492 2017-05-18T08:34:14.997
2765 9 1494 2017-05-18T17:28:51.923
2765 157 1494 2017-05-18T17:28:51.923
2765 151 1494 2017-05-18T17:28:51.923
2765 184 1494 2017-05-18T17:28:51.923
2724 133 1498 2017-05-19T07:32:08.077
2724 153 1498 2017-05-19T07:32:08.077
2779 26 1500 2017-05-19T17:39:21.33
2779 27 1500 2017-05-19T17:39:21.33
2779 29 1500 2017-05-19T17:39:21.33
2790 5 1505 2017-05-20T22:41:02.59
2790 8 1505 2017-05-20T22:41:02.59
2799 8 1507 2017-05-21T19:17:17.64
78 8 1509 2017-05-22T07:50:24.58
78 26 1509 2017-05-22T07:50:24.58
78 185 1509 2017-05-22T07:50:24.58
12 8 1517 2017-05-25T17:29:36.29
12 42 1517 2017-05-25T17:29:36.29
12 27 1517 2017-05-25T17:29:36.29
2854 51 1518 2017-05-25T20:59:48.197
2854 52 1518 2017-05-25T20:59:48.197
49 5 1521 2017-05-26T12:01:13.597
49 89 1521 2017-05-26T12:01:13.597
1822 9 1523 2017-05-26T12:16:56.98
1822 11 1523 2017-05-26T12:16:56.98
1822 186 1523 2017-05-26T12:16:56.98
49 50 1526 2017-05-27T12:01:23.037
49 72 1526 2017-05-27T12:01:23.037
2882 51 1534 2017-05-28T14:12:53.273
2882 76 1534 2017-05-28T14:12:53.273
2882 166 1534 2017-05-28T14:12:53.273
2884 112 1535 2017-05-28T16:03:19.533
2888 11 1538 2017-05-29T07:05:42.313
2888 155 1538 2017-05-29T07:05:42.313
12 5 1558 2017-05-30T13:00:12.917
12 51 1558 2017-05-30T13:00:12.917
2909 52 1561 2017-05-30T18:00:24.577
2909 19 1561 2017-05-30T18:00:24.577
2916 27 1563 2017-05-30T21:38:31.12
2916 2 1563 2017-05-30T21:38:31.12
12 14 1566 2017-05-31T14:49:49.643
12 29 1566 2017-05-31T14:49:49.643
12 185 1566 2017-05-31T14:49:49.643
49 109 1571 2017-06-01T12:13:15.49
2955 46 1575 2017-06-02T08:07:07.173
2955 127 1575 2017-06-02T08:07:07.173
2955 158 1575 2017-06-02T08:07:07.173
252 5 1576 2017-06-02T11:17:22.643
252 58 1576 2017-06-02T11:17:22.643
252 73 1576 2017-06-02T11:17:22.643
2965 5 1578 2017-06-02T22:51:04.937
2965 9 1578 2017-06-02T22:51:04.937
2965 11 1578 2017-06-02T22:51:04.937
2882 51 1584 2017-06-04T20:45:38.337
2882 52 1584 2017-06-04T20:45:38.337
2995 3 1589 2017-06-06T10:58:08.563
2995 23 1589 2017-06-06T10:58:08.563
2996 5 1590 2017-06-06T15:35:48.777
2996 9 1590 2017-06-06T15:35:48.777
2996 161 1590 2017-06-06T15:35:48.777
2996 176 1590 2017-06-06T15:35:48.777
2997 7 1591 2017-06-06T15:51:37.393
2997 154 1591 2017-06-06T15:51:37.393
2999 51 1595 2017-06-06T18:12:30.747
2999 161 1595 2017-06-06T18:12:30.747
2999 50 1595 2017-06-06T18:12:30.747
3005 27 1598 2017-06-07T13:45:26.017
3005 165 1598 2017-06-07T13:45:26.017
3006 5 1599 2017-06-07T14:02:52.61
3006 51 1599 2017-06-07T14:02:52.61
3006 52 1599 2017-06-07T14:02:52.61
2997 5 1604 2017-06-07T20:24:53.093
2997 8 1604 2017-06-07T20:24:53.093
2997 7 1604 2017-06-07T20:24:53.093
2997 59 1604 2017-06-07T20:24:53.093
2788 22 1605 2017-06-08T02:10:54.227
3046 5 1610 2017-06-11T11:46:19.75
3046 11 1610 2017-06-11T11:46:19.75
3046 28 1610 2017-06-11T11:46:19.75
2950 52 1611 2017-06-11T12:08:04.393
3061 91 1626 2017-06-13T08:29:20.53
3061 180 1626 2017-06-13T08:29:20.53
3061 174 1626 2017-06-13T08:29:20.53
3069 158 1631 2017-06-14T06:25:23.717
3074 8 1633 2017-06-14T09:03:06.63
3074 27 1633 2017-06-14T09:03:06.63
3074 144 1633 2017-06-14T09:03:06.63
3076 26 1634 2017-06-14T09:52:43.67
3076 187 1634 2017-06-14T09:52:43.67
2246 26 1641 2017-06-14T19:17:25.68
2246 94 1641 2017-06-14T19:17:25.68
70 19 1642 2017-06-14T20:45:18.007
3088 70 1644 2017-06-15T01:19:41.663
3088 59 1644 2017-06-15T01:19:41.663
2554 9 1647 2017-06-15T08:42:56.44
2554 170 1647 2017-06-15T08:42:56.44
168 39 1648 2017-06-15T09:03:04.1
168 17 1648 2017-06-15T09:03:04.1
168 142 1648 2017-06-15T09:03:04.1
2246 26 1651 2017-06-16T03:17:34.433
2246 94 1651 2017-06-16T03:17:34.433
2246 61 1651 2017-06-16T03:17:34.433
2950 52 1653 2017-06-16T12:09:21.393
2950 27 1653 2017-06-16T12:09:21.393
2950 19 1653 2017-06-16T12:09:21.393
2950 140 1653 2017-06-16T12:09:21.393
2246 94 1671 2017-06-18T00:05:59.25
708 20 1675 2017-06-18T11:06:52.327
708 27 1675 2017-06-18T11:06:52.327
708 6 1675 2017-06-18T11:06:52.327
708 46 1675 2017-06-18T11:06:52.327
708 108 1675 2017-06-18T11:06:52.327
3118 3 1679 2017-06-18T15:33:07.53
3118 20 1679 2017-06-18T15:33:07.53
3118 6 1679 2017-06-18T15:33:07.53
3118 55 1679 2017-06-18T15:33:07.53
3118 88 1679 2017-06-18T15:33:07.53
3129 46 1683 2017-06-19T12:32:49.693
3134 9 1687 2017-06-20T02:40:44.997
3134 151 1687 2017-06-20T02:40:44.997
3145 5 1689 2017-06-20T17:53:31.303
3145 8 1689 2017-06-20T17:53:31.303
3145 46 1689 2017-06-20T17:53:31.303
1580 9 1690 2017-06-20T18:04:12.717
1580 126 1690 2017-06-20T18:04:12.717
3149 42 1691 2017-06-21T01:08:41.507
3149 6 1691 2017-06-21T01:08:41.507
3149 17 1691 2017-06-21T01:08:41.507
3149 180 1691 2017-06-21T01:08:41.507
3149 173 1691 2017-06-21T01:08:41.507
3174 117 1693 2017-06-22T16:33:31.737
3174 188 1693 2017-06-22T16:33:31.737
3175 11 1694 2017-06-22T17:22:43.867
3185 11 1698 2017-06-23T15:25:07.063
3185 177 1698 2017-06-23T15:25:07.063
3223 3 1705 2017-06-26T20:52:24.58
3223 170 1705 2017-06-26T20:52:24.58
3233 51 1717 2017-06-27T14:47:58.173
3233 52 1717 2017-06-27T14:47:58.173
3236 11 1718 2017-06-27T16:48:29.433
3236 21 1718 2017-06-27T16:48:29.433
3240 3 1719 2017-06-27T23:13:04.407
3240 17 1719 2017-06-27T23:13:04.407
3240 108 1719 2017-06-27T23:13:04.407
3260 5 1724 2017-06-28T18:49:05.157
3260 51 1724 2017-06-28T18:49:05.157
3260 72 1724 2017-06-28T18:49:05.157
3264 3 1728 2017-06-29T12:45:39.953
3264 16 1728 2017-06-29T12:45:39.953
3264 177 1728 2017-06-29T12:45:39.953
2950 19 1731 2017-06-29T18:54:49.727
2950 111 1731 2017-06-29T18:54:49.727
2950 131 1731 2017-06-29T18:54:49.727
1705 26 1736 2017-06-30T21:43:10.703
1705 181 1736 2017-06-30T21:43:10.703
3121 11 1743 2017-07-01T19:43:12.393
3121 174 1743 2017-07-01T19:43:12.393
2950 19 1749 2017-07-02T12:34:51.51
2950 111 1749 2017-07-02T12:34:51.51
2950 51 1750 2017-07-02T13:23:38.397
2950 52 1750 2017-07-02T13:23:38.397
2950 140 1750 2017-07-02T13:23:38.397
2950 59 1752 2017-07-03T16:06:13.64
2950 71 1752 2017-07-03T16:06:13.64
2950 152 1752 2017-07-03T16:06:13.64
3311 88 1756 2017-07-04T06:16:23.433
3311 173 1756 2017-07-04T06:16:23.433
3337 5 1764 2017-07-05T23:31:45.21
3337 7 1764 2017-07-05T23:31:45.21
3340 51 1766 2017-07-06T09:57:45.24
3340 52 1766 2017-07-06T09:57:45.24
168 17 1767 2017-07-06T11:20:11.717
168 108 1767 2017-07-06T11:20:11.717
168 142 1767 2017-07-06T11:20:11.717
168 178 1767 2017-07-06T11:20:11.717
3342 88 1768 2017-07-06T12:55:59.843
3342 170 1768 2017-07-06T12:55:59.843
3353 58 1772 2017-07-07T07:16:17.597
3353 23 1772 2017-07-07T07:16:17.597
107 3 1775 2017-07-08T19:53:25.307
107 165 1775 2017-07-08T19:53:25.307
107 170 1775 2017-07-08T19:53:25.307
3378 9 1783 2017-06-29T14:04:07.987
3260 52 1786 2017-07-10T17:54:36.887
3260 70 1786 2017-07-10T17:54:36.887
3260 109 1786 2017-07-10T17:54:36.887
3260 71 1786 2017-07-10T17:54:36.887
2950 19 1788 2017-07-11T10:24:21.623
2950 111 1788 2017-07-11T10:24:21.623
2950 25 1788 2017-07-11T10:24:21.623
2950 140 1788 2017-07-11T10:24:21.623
3394 26 1791 2017-07-12T03:35:07.7
3394 166 1791 2017-07-12T03:35:07.7
3398 26 1794 2017-07-12T12:49:07.07
3398 94 1794 2017-07-12T12:49:07.07
49 189 1799 2017-07-13T15:26:08.5
3413 51 1801 2017-07-13T17:25:03.603
3413 52 1801 2017-07-13T17:25:03.603
3260 5 1808 2017-07-16T18:11:45.267
3260 51 1808 2017-07-16T18:11:45.267
3260 170 1808 2017-07-16T18:11:45.267
1483 39 1809 2017-07-16T19:06:06.673
1483 161 1809 2017-07-16T19:06:06.673
3445 27 1811 2017-07-17T12:58:13.06
3445 46 1811 2017-07-17T12:58:13.06
3456 11 1812 2017-07-17T14:49:06.78
3448 20 1814 2017-07-17T18:57:14.297
3448 161 1814 2017-07-17T18:57:14.297
143 39 1817 2017-07-18T18:20:55.903
143 20 1817 2017-07-18T18:20:55.903
554 5 1819 2017-07-19T01:05:34.097
554 17 1819 2017-07-19T01:05:34.097
3471 26 1825 2017-07-19T15:37:57.873
3471 87 1825 2017-07-19T15:37:57.873
3471 108 1825 2017-07-19T15:37:57.873
3475 19 1828 2017-07-19T22:06:42.44
3481 161 1830 2017-07-20T09:26:27.223
2950 162 1834 2017-07-20T15:12:49.71
3505 9 1837 2017-07-22T07:44:39.827
3505 51 1837 2017-07-22T07:44:39.827
3505 161 1837 2017-07-22T07:44:39.827
3531 5 1854 2017-07-26T15:05:20.94
3531 7 1854 2017-07-26T15:05:20.94
3558 3 1857 2017-07-26T19:30:40.247
3558 108 1857 2017-07-26T19:30:40.247
3558 18 1857 2017-07-26T19:30:40.247
1800 26 1858 2017-07-26T19:33:26.967
1800 3 1858 2017-07-26T19:33:26.967
1800 11 1858 2017-07-26T19:33:26.967
1800 181 1858 2017-07-26T19:33:26.967
3456 5 1865 2017-07-27T09:09:32.843
3456 190 1865 2017-07-27T09:09:32.843
3565 51 1868 2017-07-27T14:38:38.123
3565 52 1868 2017-07-27T14:38:38.123
3571 27 1871 2017-07-28T10:48:15.463
3581 39 1874 2017-07-29T05:44:21.993
3581 88 1874 2017-07-29T05:44:21.993
3581 174 1874 2017-07-29T05:44:21.993
3581 191 1874 2017-07-29T05:44:21.993
3639 8 1884 2017-08-03T09:11:11.013
3644 9 1886 2017-08-03T14:13:35.833
3644 42 1886 2017-08-03T14:13:35.833
3670 5 1889 2017-08-06T09:04:15.887
3670 76 1889 2017-08-06T09:04:15.887
3672 6 1891 2017-08-06T11:55:17.473
3672 158 1891 2017-08-06T11:55:17.473
3672 48 1891 2017-08-06T11:55:17.473
3689 109 1895 2017-08-05T22:25:34.153
3689 5 1895 2017-08-05T22:25:34.153
3683 55 1896 2017-08-07T11:33:13.997
708 9 1897 2017-08-07T15:00:18.663
708 6 1897 2017-08-07T15:00:18.663
708 170 1897 2017-08-07T15:00:18.663
3688 109 1899 2017-08-07T18:13:29.153
3688 186 1899 2017-08-07T18:13:29.153
3693 186 1901 2017-08-07T23:15:51.36
3695 14 1904 2017-08-08T08:59:22.933
3695 192 1904 2017-08-08T08:59:22.933
3715 9 1908 2017-08-09T18:54:31.59
3715 20 1908 2017-08-09T18:54:31.59
3715 27 1908 2017-08-09T18:54:31.59
3715 17 1908 2017-08-09T18:54:31.59
3715 43 1908 2017-08-09T18:54:31.59
3725 109 1910 2017-08-11T01:03:21.387
3475 5 1913 2017-08-14T10:33:44.7
3475 19 1913 2017-08-14T10:33:44.7
3475 14 1913 2017-08-14T10:33:44.7
3750 58 1914 2017-08-14T13:48:24.207
3750 16 1914 2017-08-14T13:48:24.207
3134 151 1916 2017-08-14T23:18:42.36
3134 186 1916 2017-08-14T23:18:42.36
3617 9 1918 2017-08-15T21:33:02.52
3617 113 1918 2017-08-15T21:33:02.52
3768 11 1920 2017-08-16T12:06:57.683
3768 55 1920 2017-08-16T12:06:57.683
3768 166 1920 2017-08-16T12:06:57.683
3768 169 1920 2017-08-16T12:06:57.683
49 19 1925 2017-08-18T12:48:16.673
2997 5 1929 2017-08-21T02:54:11.383
2997 51 1929 2017-08-21T02:54:11.383
2997 76 1929 2017-08-21T02:54:11.383
3061 161 1930 2017-08-21T05:32:50.303
3061 91 1930 2017-08-21T05:32:50.303
3829 51 1937 2017-08-22T20:32:03.12
3829 52 1937 2017-08-22T20:32:03.12
3854 168 1942 2017-08-25T04:39:29.243
3855 20 1943 2017-08-25T05:14:43.39
3855 161 1943 2017-08-25T05:14:43.39
3866 168 1945 2017-08-25T20:34:25.54
3866 181 1945 2017-08-25T20:34:25.54
3878 51 1948 2017-08-27T09:22:38.643
3878 52 1948 2017-08-27T09:22:38.643
39 177 1949 2017-08-27T15:17:48.15
39 193 1949 2017-08-27T15:17:48.15
3880 6 1950 2017-08-27T16:53:26.463
3880 38 1950 2017-08-27T16:53:26.463
3768 11 1951 2017-08-28T11:09:53.647
3768 166 1951 2017-08-28T11:09:53.647
3768 26 1953 2017-08-28T18:49:35.91
3768 166 1953 2017-08-28T18:49:35.91
3903 17 1959 2017-08-29T14:00:47.927
3903 108 1959 2017-08-29T14:00:47.927
3903 53 1959 2017-08-29T14:00:47.927
3903 54 1959 2017-08-29T14:00:47.927
3913 19 1962 2017-08-30T12:25:42.213
3914 39 1963 2017-08-30T12:35:01.387
3914 20 1963 2017-08-30T12:35:01.387
3914 87 1963 2017-08-30T12:35:01.387
3824 166 1970 2017-08-30T22:25:57.45
3948 19 1977 2017-08-31T15:18:30.72
3824 166 1980 2017-08-31T18:46:43.39
3824 194 1980 2017-08-31T18:46:43.39
3824 51 1981 2017-09-01T01:48:27.307
3824 166 1985 2017-09-01T14:44:13.963
3824 195 1985 2017-09-01T14:44:13.963
3824 166 1986 2017-09-02T00:02:33.11
3824 195 1986 2017-09-02T00:02:33.11
3824 51 1987 2017-09-02T00:11:09.453
3824 52 1987 2017-09-02T00:11:09.453
3824 51 1990 2017-09-03T03:44:08.263
3824 11 1990 2017-09-03T03:44:08.263
3995 42 1998 2017-09-03T18:24:17.093
3995 6 1998 2017-09-03T18:24:17.093
3995 16 1998 2017-09-03T18:24:17.093
3995 33 1998 2017-09-03T18:24:17.093
4004 19 2002 2017-09-04T11:56:46.197
4004 7 2002 2017-09-04T11:56:46.197
4004 111 2002 2017-09-04T11:56:46.197
4004 69 2002 2017-09-04T11:56:46.197
4004 101 2002 2017-09-04T11:56:46.197
3824 51 2010 2017-09-05T04:26:46.867
3824 52 2010 2017-09-05T04:26:46.867
3686 16 2014 2017-09-06T08:19:12.137
3686 28 2014 2017-09-06T08:19:12.137
4022 28 2015 2017-09-06T09:54:42.693
4022 176 2015 2017-09-06T09:54:42.693
4034 6 2020 2017-09-07T16:36:16.527
4034 59 2020 2017-09-07T16:36:16.527
4034 155 2020 2017-09-07T16:36:16.527
4034 196 2020 2017-09-07T16:36:16.527
4034 26 2021 2017-09-07T17:59:38.977
4034 58 2023 2017-09-07T18:41:11.22
4034 56 2023 2017-09-07T18:41:11.22
4035 9 2025 2017-09-07T19:29:17.683
4035 16 2025 2017-09-07T19:29:17.683
4035 38 2025 2017-09-07T19:29:17.683
4035 129 2025 2017-09-07T19:29:17.683
4035 11 2026 2017-09-07T20:10:21.393
4035 87 2026 2017-09-07T20:10:21.393
4035 129 2026 2017-09-07T20:10:21.393
3768 26 2036 2017-09-10T11:49:04.327
3768 166 2036 2017-09-10T11:49:04.327
3768 55 2036 2017-09-10T11:49:04.327
3768 23 2036 2017-09-10T11:49:04.327
3768 107 2036 2017-09-10T11:49:04.327
4059 161 2039 2017-09-11T17:25:39.557
4059 151 2039 2017-09-11T17:25:39.557
4061 19 2040 2017-09-11T17:57:39.66
4061 111 2040 2017-09-11T17:57:39.66
4065 177 2044 2017-09-12T00:04:44.563
4065 21 2044 2017-09-12T00:04:44.563
4068 5 2046 2017-09-12T09:03:42.863
4068 170 2046 2017-09-12T09:03:42.863
4068 119 2046 2017-09-12T09:03:42.863
3914 8 2053 2017-09-12T19:33:54.02
4088 19 2064 2017-09-13T07:08:42.727
4088 111 2064 2017-09-13T07:08:42.727
2225 46 2068 2017-09-13T21:07:20.433
2225 91 2068 2017-09-13T21:07:20.433
2225 113 2068 2017-09-13T21:07:20.433
2225 46 2069 2017-09-13T22:48:25.923
2225 87 2069 2017-09-13T22:48:25.923
2225 91 2069 2017-09-13T22:48:25.923
1963 11 2071 2017-09-13T23:31:23.877
1963 91 2071 2017-09-13T23:31:23.877
4106 46 2075 2017-09-14T15:56:18.137
4106 91 2075 2017-09-14T15:56:18.137
2225 9 2078 2017-09-14T21:41:46.693
2225 16 2078 2017-09-14T21:41:46.693
2225 38 2078 2017-09-14T21:41:46.693
2225 16 2079 2017-09-15T06:44:16.677
2225 44 2079 2017-09-15T06:44:16.677
2225 160 2079 2017-09-15T06:44:16.677
4122 5 2088 2017-09-17T02:31:47.05
4122 26 2088 2017-09-17T02:31:47.05
4122 161 2088 2017-09-17T02:31:47.05
2225 170 2092 2017-09-17T15:17:08.383
2225 165 2092 2017-09-17T15:17:08.383
2225 56 2092 2017-09-17T15:17:08.383
2225 197 2092 2017-09-17T15:17:08.383
16 1 2095 2017-09-17T17:06:58.083
2225 26 2097 2017-09-17T20:09:01.083
2225 44 2097 2017-09-17T20:09:01.083
4125 39 2099 2017-09-17T23:17:55.023
4125 131 2099 2017-09-17T23:17:55.023
4142 198 2102 2017-09-19T12:54:51.567
54 8 2106 2017-09-19T18:13:07.96
54 17 2106 2017-09-19T18:13:07.96
4146 5 2107 2017-09-20T04:12:22.59
4150 3 2110 2017-09-20T14:44:19.637
4150 39 2110 2017-09-20T14:44:19.637
4150 20 2110 2017-09-20T14:44:19.637
4150 161 2110 2017-09-20T14:44:19.637
4155 51 2111 2017-09-21T00:19:28.407
4155 52 2111 2017-09-21T00:19:28.407
4157 3 2112 2017-09-21T07:07:06.403
4157 17 2112 2017-09-21T07:07:06.403
4157 53 2112 2017-09-21T07:07:06.403
4164 51 2114 2017-09-21T13:45:40.127
4160 8 2116 2017-09-21T14:35:06.32
4160 11 2116 2017-09-21T14:35:06.32
4160 174 2116 2017-09-21T14:35:06.32
4160 175 2116 2017-09-21T14:35:06.32
4172 5 2123 2017-09-22T15:26:28.5
4172 28 2123 2017-09-22T15:26:28.5
4172 159 2123 2017-09-22T15:26:28.5
4122 26 2126 2017-09-23T04:58:43.6
4122 161 2126 2017-09-23T04:58:43.6
4209 3 2133 2017-09-25T12:29:04.027
4227 5 2140 2017-09-27T12:22:32.677
4227 174 2140 2017-09-27T12:22:32.677
4229 186 2141 2017-09-27T13:42:06.92
4229 148 2141 2017-09-27T13:42:06.92
1085 199 2144 2017-09-28T18:29:28.87
4242 19 2146 2017-09-29T04:57:41.367
4242 111 2146 2017-09-29T04:57:41.367
4242 19 2147 2017-09-29T07:58:15.02
4242 111 2147 2017-09-29T07:58:15.02
4253 5 2150 2017-09-29T19:28:57.03
4253 20 2150 2017-09-29T19:28:57.03
4253 88 2150 2017-09-29T19:28:57.03
4253 109 2150 2017-09-29T19:28:57.03
4257 5 2153 2017-09-30T18:34:08.493
4257 9 2153 2017-09-30T18:34:08.493
4257 20 2153 2017-09-30T18:34:08.493
4257 161 2153 2017-09-30T18:34:08.493
4257 44 2153 2017-09-30T18:34:08.493
4268 20 2155 2017-10-02T02:57:58.387
4269 26 2157 2017-10-02T10:28:57.503
4269 94 2157 2017-10-02T10:28:57.503
4269 88 2157 2017-10-02T10:28:57.503
4272 174 2160 2017-10-02T16:30:26.58
4276 5 2162 2017-10-02T18:49:15.377
4276 153 2162 2017-10-02T18:49:15.377
4276 132 2162 2017-10-02T18:49:15.377
4294 39 2169 2017-10-04T02:06:25.907
4299 165 2170 2017-10-04T10:52:10.447
4299 76 2170 2017-10-04T10:52:10.447
4312 199 2176 2017-10-05T12:57:05.247
4322 11 2178 2017-10-06T13:29:09.213
4333 5 2180 2017-10-07T15:31:31.197
4333 51 2180 2017-10-07T15:31:31.197
4333 52 2180 2017-10-07T15:31:31.197
3581 39 2184 2017-10-08T07:26:04.99
3581 88 2184 2017-10-08T07:26:04.99
3581 174 2184 2017-10-08T07:26:04.99
3581 191 2184 2017-10-08T07:26:04.99
4352 3 2189 2017-10-09T21:18:39
4352 62 2189 2017-10-09T21:18:39
4365 58 2191 2017-10-10T17:18:49.003
4257 5 2193 2017-10-12T13:43:31.923
4257 11 2193 2017-10-12T13:43:31.923
4257 25 2193 2017-10-12T13:43:31.923
4257 177 2193 2017-10-12T13:43:31.923
4257 130 2193 2017-10-12T13:43:31.923
4387 42 2194 2017-10-12T14:45:06.02
4387 105 2194 2017-10-12T14:45:06.02
4393 7 2198 2017-10-13T13:49:01.257
4393 1 2198 2017-10-13T13:49:01.257
4396 39 2199 2017-10-14T07:06:46.047
4396 27 2199 2017-10-14T07:06:46.047
4396 46 2199 2017-10-14T07:06:46.047
4396 28 2199 2017-10-14T07:06:46.047
4397 20 2200 2017-10-14T11:40:27.41
4397 168 2200 2017-10-14T11:40:27.41
4397 181 2200 2017-10-14T11:40:27.41
4397 81 2200 2017-10-14T11:40:27.41
4351 26 2208 2017-10-15T21:07:49.543
4351 166 2208 2017-10-15T21:07:49.543
4351 169 2208 2017-10-15T21:07:49.543
4351 61 2208 2017-10-15T21:07:49.543
4414 5 2211 2017-10-17T06:12:51.853
4414 26 2211 2017-10-17T06:12:51.853
4414 3 2211 2017-10-17T06:12:51.853
4414 43 2211 2017-10-17T06:12:51.853
4414 106 2211 2017-10-17T06:12:51.853
4122 26 2214 2017-10-18T10:36:55.993
4122 161 2214 2017-10-18T10:36:55.993
4452 39 2217 2017-10-21T18:04:14.563
4452 58 2217 2017-10-21T18:04:14.563
4452 46 2217 2017-10-21T18:04:14.563
4452 91 2217 2017-10-21T18:04:14.563
4456 5 2220 2017-10-22T09:37:46.703
4456 8 2220 2017-10-22T09:37:46.703
708 168 2222 2017-10-26T07:12:03.303
708 181 2222 2017-10-26T07:12:03.303
4525 168 2230 2017-10-29T12:40:25.263
4525 181 2230 2017-10-29T12:40:25.263
4546 16 2235 2017-10-31T08:23:04.573
4546 23 2235 2017-10-31T08:23:04.573
708 55 2236 2017-11-01T08:48:34.73
4572 5 2237 2017-11-02T16:28:11.777
4572 51 2237 2017-11-02T16:28:11.777
4572 52 2237 2017-11-02T16:28:11.777
4573 3 2239 2017-11-02T16:53:21.563
4573 58 2239 2017-11-02T16:53:21.563
4573 6 2239 2017-11-02T16:53:21.563
4573 17 2239 2017-11-02T16:53:21.563
4589 161 2242 2017-11-03T15:01:26.527
4589 198 2242 2017-11-03T15:01:26.527
4596 47 2245 2017-11-04T07:12:16.9
11 8 2249 2017-11-05T09:51:24.983
11 31 2249 2017-11-05T09:51:24.983
4602 17 2252 2017-11-05T14:39:18.817
4602 108 2252 2017-11-05T14:39:18.817
4602 198 2252 2017-11-05T14:39:18.817
4606 26 2253 2017-11-05T18:01:18.053
4606 42 2253 2017-11-05T18:01:18.053
4606 43 2253 2017-11-05T18:01:18.053
4414 26 2254 2017-11-06T07:47:31.38
4414 127 2254 2017-11-06T07:47:31.38
4414 43 2254 2017-11-06T07:47:31.38
314 26 2255 2017-11-06T10:44:17.15
314 94 2255 2017-11-06T10:44:17.15
314 187 2255 2017-11-06T10:44:17.15
1436 58 2257 2017-11-06T20:43:32.763
1436 196 2257 2017-11-06T20:43:32.763
4606 42 2260 2017-11-07T10:24:17.087
4606 27 2260 2017-11-07T10:24:17.087
4643 8 2267 2017-11-09T01:55:29.533
4643 20 2267 2017-11-09T01:55:29.533
4573 11 2268 2017-11-09T17:31:50.247
4573 3 2268 2017-11-09T17:31:50.247
4573 17 2268 2017-11-09T17:31:50.247
4573 6 2268 2017-11-09T17:31:50.247
4573 180 2268 2017-11-09T17:31:50.247
1436 51 2269 2017-11-10T07:22:25.55
4650 26 2271 2017-11-10T10:37:34.057
4650 166 2271 2017-11-10T10:37:34.057
4650 180 2271 2017-11-10T10:37:34.057
4650 61 2271 2017-11-10T10:37:34.057
4650 40 2271 2017-11-10T10:37:34.057
4662 76 2273 2017-11-12T01:52:25.26
3846 28 2275 2017-11-12T20:15:32.567
3846 165 2275 2017-11-12T20:15:32.567
4681 39 2278 2017-11-13T13:59:30.373
4687 5 2282 2017-11-13T22:51:46.377
4687 46 2282 2017-11-13T22:51:46.377
4687 109 2282 2017-11-13T22:51:46.377
4690 58 2283 2017-11-14T06:52:22.333
1800 22 2284 2017-11-14T20:44:33.087
4701 38 2286 2017-11-15T08:55:30.503
4709 165 2288 2017-11-15T21:17:10.407
4679 5 2290 2017-11-16T10:56:52.083
4679 46 2290 2017-11-16T10:56:52.083
4679 109 2290 2017-11-16T10:56:52.083
4679 1 2290 2017-11-16T10:56:52.083
4719 20 2292 2017-11-16T21:42:40.55
4719 87 2292 2017-11-16T21:42:40.55
4719 160 2292 2017-11-16T21:42:40.55
4724 19 2294 2017-11-17T15:55:13.807
4724 111 2294 2017-11-17T15:55:13.807
4756 5 2300 2017-11-21T10:19:09.9
4756 8 2300 2017-11-21T10:19:09.9
4756 9 2300 2017-11-21T10:19:09.9
4756 20 2300 2017-11-21T10:19:09.9
49 5 2309 2017-11-23T13:36:48.187
49 52 2309 2017-11-23T13:36:48.187
49 19 2309 2017-11-23T13:36:48.187
49 200 2309 2017-11-23T13:36:48.187
4804 174 2314 2017-11-25T22:33:49.897
4806 69 2315 2017-11-26T09:17:11.517
4809 5 2317 2017-11-26T12:12:46.827
4809 19 2317 2017-11-26T12:12:46.827
4809 109 2317 2017-11-26T12:12:46.827
4814 19 2319 2017-11-26T17:58:21.457
4814 111 2319 2017-11-26T17:58:21.457
4826 5 2325 2017-11-27T15:40:38.02
4826 46 2325 2017-11-27T15:40:38.02
4826 7 2325 2017-11-27T15:40:38.02
4826 104 2325 2017-11-27T15:40:38.02
4832 8 2327 2017-11-27T23:30:37.36
4832 42 2327 2017-11-27T23:30:37.36
4852 11 2334 2017-11-29T02:42:17.73
4907 47 2340 2017-11-30T18:37:17.913
4907 48 2340 2017-11-30T18:37:17.913
4910 5 2341 2017-11-30T22:45:53.993
4910 20 2341 2017-11-30T22:45:53.993
4910 27 2341 2017-11-30T22:45:53.993
4910 76 2341 2017-11-30T22:45:53.993
4938 48 2343 2017-12-01T18:30:41.463
4972 11 2345 2017-12-03T07:15:10.59
4972 20 2345 2017-12-03T07:15:10.59
4972 161 2345 2017-12-03T07:15:10.59
4972 88 2345 2017-12-03T07:15:10.59
4972 198 2345 2017-12-03T07:15:10.59
4978 9 2346 2017-12-03T18:37:31.07
4978 42 2346 2017-12-03T18:37:31.07
4978 88 2346 2017-12-03T18:37:31.07
4978 38 2346 2017-12-03T18:37:31.07
2515 3 2351 2017-12-04T18:37:20.713
2515 19 2351 2017-12-04T18:37:20.713
172 111 2352 2017-12-05T05:33:35.267
172 50 2352 2017-12-05T05:33:35.267
5021 9 2357 2017-12-06T21:57:15.173
5021 27 2357 2017-12-06T21:57:15.173
5021 17 2357 2017-12-06T21:57:15.173
5021 108 2357 2017-12-06T21:57:15.173
5021 168 2357 2017-12-06T21:57:15.173
49 201 2359 2017-12-07T15:07:33.733
39 177 2363 2017-12-08T10:25:03.403
39 77 2363 2017-12-08T10:25:03.403
39 193 2363 2017-12-08T10:25:03.403
5053 3 2366 2017-12-09T03:02:52.153
5033 5 2367 2017-12-09T09:21:50.53
5033 19 2367 2017-12-09T09:21:50.53
5033 111 2367 2017-12-09T09:21:50.53
5033 1 2367 2017-12-09T09:21:50.53
5056 5 2370 2017-12-09T15:44:02.897
5056 88 2370 2017-12-09T15:44:02.897
2950 19 2374 2017-12-10T05:20:47.813
2950 111 2374 2017-12-10T05:20:47.813
4122 5 2378 2017-12-11T07:17:40.497
4122 26 2378 2017-12-11T07:17:40.497
4122 39 2378 2017-12-11T07:17:40.497
5070 93 2379 2017-12-11T11:43:40.05
1436 51 2381 2017-12-11T20:12:29.483
1436 52 2381 2017-12-11T20:12:29.483
1436 25 2381 2017-12-11T20:12:29.483
5078 51 2382 2017-12-12T11:29:39.443
5078 52 2382 2017-12-12T11:29:39.443
5078 14 2382 2017-12-12T11:29:39.443
5078 130 2382 2017-12-12T11:29:39.443
5095 11 2389 2017-12-13T03:43:36.16
5095 180 2389 2017-12-13T03:43:36.16
5095 188 2389 2017-12-13T03:43:36.16
12 7 2392 2017-12-13T16:17:01.337
12 1 2392 2017-12-13T16:17:01.337
5108 5 2394 2017-12-13T19:35:53.977
5108 7 2394 2017-12-13T19:35:53.977
5108 46 2394 2017-12-13T19:35:53.977
5108 1 2394 2017-12-13T19:35:53.977
5108 100 2394 2017-12-13T19:35:53.977
3768 26 2397 2017-12-15T13:05:25.763
3768 23 2397 2017-12-15T13:05:25.763
3768 187 2397 2017-12-15T13:05:25.763
5128 26 2404 2017-12-16T12:59:43.333
5128 88 2404 2017-12-16T12:59:43.333
5128 147 2404 2017-12-16T12:59:43.333
5143 9 2409 2017-12-18T03:05:02.43
5143 20 2409 2017-12-18T03:05:02.43
5143 42 2409 2017-12-18T03:05:02.43
5143 161 2409 2017-12-18T03:05:02.43
5108 5 2411 2017-12-18T06:49:53.673
5108 51 2411 2017-12-18T06:49:53.673
5108 58 2411 2017-12-18T06:49:53.673
5108 7 2411 2017-12-18T06:49:53.673
5172 5 2414 2017-12-14T04:46:44.687
5172 7 2414 2017-12-14T04:46:44.687
5172 46 2414 2017-12-14T04:46:44.687
5335 172 2417 2017-11-27T15:16:26.517
5167 11 2427 2017-12-19T17:32:48.4
5167 17 2427 2017-12-19T17:32:48.4
5167 180 2427 2017-12-19T17:32:48.4
1214 27 2428 2017-12-19T17:36:10.68
5184 166 2430 2017-12-20T20:01:38.683
5184 154 2430 2017-12-20T20:01:38.683
5167 58 2431 2017-12-20T23:20:44.193
5033 5 2432 2017-12-21T03:27:10.463
5033 76 2432 2017-12-21T03:27:10.463
5033 93 2432 2017-12-21T03:27:10.463
5190 9 2433 2017-12-21T07:12:32.44
5190 39 2433 2017-12-21T07:12:32.44
5190 28 2433 2017-12-21T07:12:32.44
5190 180 2433 2017-12-21T07:12:32.44
5198 17 2436 2017-12-22T03:42:44.88
5198 108 2436 2017-12-22T03:42:44.88
5203 5 2437 2017-12-22T10:38:01.897
5203 52 2437 2017-12-22T10:38:01.897
5225 5 2449 2017-12-26T09:20:35.64
5225 76 2449 2017-12-26T09:20:35.64
5231 180 2451 2017-12-26T17:47:26.88
5234 8 2452 2017-12-26T21:32:11.547
5234 1 2452 2017-12-26T21:32:11.547
5238 8 2454 2017-12-27T08:24:23.59
5238 66 2454 2017-12-27T08:24:23.59
5185 3 2455 2017-12-27T10:03:03.833
5185 39 2455 2017-12-27T10:03:03.833
5240 69 2456 2017-12-27T11:40:11.217
5244 9 2463 2017-12-28T12:42:41.8
5244 27 2463 2017-12-28T12:42:41.8
5244 127 2463 2017-12-28T12:42:41.8
5244 172 2463 2017-12-28T12:42:41.8
3768 26 2464 2017-12-28T15:21:51.453
3768 187 2464 2017-12-28T15:21:51.453
3007 51 2466 2017-12-28T19:09:33.287
3007 52 2466 2017-12-28T19:09:33.287
5257 38 2468 2017-12-29T09:02:12.75
14 26 2475 2017-12-30T18:00:04.337
14 94 2475 2017-12-30T18:00:04.337
14 202 2475 2017-12-30T18:00:04.337
5278 51 2479 2018-01-01T16:43:41.037
5278 52 2479 2018-01-01T16:43:41.037
5283 26 2480 2018-01-02T02:55:57.667
5283 9 2480 2018-01-02T02:55:57.667
5286 198 2482 2018-01-02T09:35:23.773
5288 94 2483 2018-01-02T12:17:06.39
1701 26 2484 2018-01-02T20:38:20.09
1701 55 2484 2018-01-02T20:38:20.09
1701 106 2484 2018-01-02T20:38:20.09
1701 194 2484 2018-01-02T20:38:20.09
5309 19 2489 2018-01-04T13:39:52.463
5309 101 2489 2018-01-04T13:39:52.463
5309 21 2489 2018-01-04T13:39:52.463
623 166 2496 2018-01-05T17:32:46.243
623 195 2496 2018-01-05T17:32:46.243
5324 27 2498 2018-01-05T20:00:26.19
5324 6 2498 2018-01-05T20:00:26.19
5324 157 2498 2018-01-05T20:00:26.19
3812 5 2499 2018-01-05T21:15:37.23
3812 8 2499 2018-01-05T21:15:37.23
5335 172 2503 2018-01-06T11:44:50.173
3812 5 2504 2018-01-06T12:56:52.437
3812 8 2504 2018-01-06T12:56:52.437
3812 186 2504 2018-01-06T12:56:52.437
5345 9 2507 2018-01-07T10:54:04.42
5345 170 2507 2018-01-07T10:54:04.42
5345 15 2507 2018-01-07T10:54:04.42
5345 182 2507 2018-01-07T10:54:04.42
5190 39 2508 2018-01-07T14:22:12.593
5190 38 2508 2018-01-07T14:22:12.593
5190 47 2508 2018-01-07T14:22:12.593
5347 5 2510 2018-01-07T18:41:37.15
5347 109 2510 2018-01-07T18:41:37.15
5347 72 2510 2018-01-07T18:41:37.15
5347 203 2510 2018-01-07T18:41:37.15
3812 5 2517 2018-01-08T10:37:20.1
3812 8 2517 2018-01-08T10:37:20.1
3812 5 2523 2018-01-09T15:04:13.35
3812 8 2523 2018-01-09T15:04:13.35
5382 26 2528 2018-01-10T08:12:30.603
5382 27 2528 2018-01-10T08:12:30.603
5382 28 2528 2018-01-10T08:12:30.603
5384 11 2529 2018-01-10T10:34:40.21
5384 173 2529 2018-01-10T10:34:40.21
5384 45 2529 2018-01-10T10:34:40.21
5386 26 2530 2018-01-10T13:12:09.323
5386 38 2530 2018-01-10T13:12:09.323
5386 180 2530 2018-01-10T13:12:09.323
5399 9 2537 2018-01-11T14:19:04.19
5399 11 2537 2018-01-11T14:19:04.19
5399 201 2537 2018-01-11T14:19:04.19
4814 19 2542 2018-01-12T19:14:34.54
4814 111 2542 2018-01-12T19:14:34.54
3812 5 2545 2018-01-13T21:45:08.15
3812 7 2545 2018-01-13T21:45:08.15
5446 166 2550 2017-12-05T20:21:39.047
5446 154 2550 2017-12-05T20:21:39.047
5443 26 2552 2018-01-12T11:37:41.633
5443 11 2552 2018-01-12T11:37:41.633
5443 166 2552 2018-01-12T11:37:41.633
5446 166 2553 2018-01-03T22:47:52.98
5446 154 2553 2018-01-03T22:47:52.98
5454 11 2556 2018-01-12T19:51:05.887
5454 19 2556 2018-01-12T19:51:05.887
5454 111 2556 2018-01-12T19:51:05.887
5454 101 2556 2018-01-12T19:51:05.887
3768 26 2557 2018-01-15T19:06:16.337
3768 11 2557 2018-01-15T19:06:16.337
5399 168 2560 2018-01-17T13:15:24.007
5399 181 2560 2018-01-17T13:15:24.007
5468 51 2568 2018-01-19T16:36:11.493
5468 166 2568 2018-01-19T16:36:11.493
5399 11 2569 2018-01-19T17:31:29.147
5399 168 2569 2018-01-19T17:31:29.147
5399 181 2569 2018-01-19T17:31:29.147
3768 166 2574 2018-01-20T18:35:43.667
3768 169 2574 2018-01-20T18:35:43.667
5475 5 2575 2018-01-20T22:14:16.51
5475 51 2575 2018-01-20T22:14:16.51
5475 7 2575 2018-01-20T22:14:16.51
3768 166 2577 2018-01-21T09:18:35.567
3768 169 2577 2018-01-21T09:18:35.567
5498 161 2584 2018-01-24T08:00:55.683
5500 177 2585 2018-01-24T16:43:43.31
5500 141 2585 2018-01-24T16:43:43.31
5504 9 2586 2018-01-24T20:20:06.31
5504 20 2586 2018-01-24T20:20:06.31
5504 42 2586 2018-01-24T20:20:06.31
5504 27 2586 2018-01-24T20:20:06.31
5507 137 2588 2018-01-24T22:13:55.127
5508 26 2589 2018-01-25T02:58:46.057
5508 94 2589 2018-01-25T02:58:46.057
5143 58 2592 2018-01-26T06:10:44.477
5143 106 2592 2018-01-26T06:10:44.477
3812 5 2596 2018-01-27T23:13:24.183
3812 113 2596 2018-01-27T23:13:24.183
5534 5 2598 2018-01-28T12:08:51.313
5547 11 2605 2018-01-29T16:15:38.73
5547 166 2605 2018-01-29T16:15:38.73
4910 41 2617 2018-01-31T14:19:41.237
152 47 2621 2018-02-03T20:19:13.487
5588 17 2625 2018-02-04T12:43:14.723
5588 177 2625 2018-02-04T12:43:14.723
5588 204 2625 2018-02-04T12:43:14.723
5631 51 2633 2018-02-09T15:44:19.233
5631 52 2633 2018-02-09T15:44:19.233
5642 5 2638 2018-02-11T16:34:33.197
5642 11 2638 2018-02-11T16:34:33.197
5634 5 2639 2018-02-12T19:15:50.297
5634 19 2639 2018-02-12T19:15:50.297
5634 109 2639 2018-02-12T19:15:50.297
5357 5 2641 2018-02-13T14:45:21.21
5357 51 2641 2018-02-13T14:45:21.21
5357 52 2641 2018-02-13T14:45:21.21
5357 203 2641 2018-02-13T14:45:21.21
5658 51 2642 2018-02-13T16:31:56.02
5663 5 2644 2018-02-14T10:54:45.667
5663 51 2644 2018-02-14T10:54:45.667
5663 52 2644 2018-02-14T10:54:45.667
5663 69 2644 2018-02-14T10:54:45.667
5669 26 2646 2018-02-14T17:54:35.203
5669 166 2646 2018-02-14T17:54:35.203
5669 169 2646 2018-02-14T17:54:35.203
5669 195 2646 2018-02-14T17:54:35.203
5357 5 2647 2018-02-14T19:36:03.153
5357 51 2647 2018-02-14T19:36:03.153
5357 52 2647 2018-02-14T19:36:03.153
5357 203 2647 2018-02-14T19:36:03.153
5676 19 2648 2018-02-15T16:58:18.553
5676 111 2648 2018-02-15T16:58:18.553
5678 109 2651 2018-02-16T05:38:59.353
5678 69 2651 2018-02-16T05:38:59.353
5690 5 2656 2018-02-17T11:59:50.74
5690 111 2656 2018-02-17T11:59:50.74
5690 180 2656 2018-02-17T11:59:50.74
5690 101 2656 2018-02-17T11:59:50.74
5690 140 2656 2018-02-17T11:59:50.74
5686 198 2657 2018-02-17T18:05:22.82
2853 17 2658 2018-02-18T01:10:03.27
2853 178 2658 2018-02-18T01:10:03.27
2853 204 2658 2018-02-18T01:10:03.27
4070 26 2659 2018-02-18T09:19:49.21
4070 20 2659 2018-02-18T09:19:49.21
4070 127 2659 2018-02-18T09:19:49.21
4070 26 2660 2018-02-18T10:00:55.357
5698 58 2663 2018-02-18T14:43:54.68
5710 3 2666 2018-02-19T17:45:01.037
5710 82 2666 2018-02-19T17:45:01.037
5190 87 2670 2018-02-22T06:38:17.06
5747 161 2675 2018-02-23T09:47:46.113
5773 26 2679 2018-02-26T03:00:28.62
5773 16 2679 2018-02-26T03:00:28.62
708 205 2680 2018-02-27T11:18:48.34
5797 5 2683 2018-03-01T22:12:55.667
5797 165 2683 2018-03-01T22:12:55.667
5803 39 2686 2018-03-02T19:50:50.11
5803 161 2686 2018-03-02T19:50:50.11
5814 19 2690 2018-03-03T19:23:21.487
5814 106 2690 2018-03-03T19:23:21.487
5814 206 2690 2018-03-03T19:23:21.487
5821 58 2695 2018-03-04T11:36:43.707
5821 174 2695 2018-03-04T11:36:43.707
5821 207 2695 2018-03-04T11:36:43.707
5834 166 2701 2018-03-06T06:36:01.85
5834 169 2701 2018-03-06T06:36:01.85
5834 175 2701 2018-03-06T06:36:01.85
5837 26 2703 2018-03-07T01:43:39.417
5837 161 2703 2018-03-07T01:43:39.417
5837 76 2703 2018-03-07T01:43:39.417
5847 26 2706 2018-03-07T19:36:50.047
5847 94 2706 2018-03-07T19:36:50.047
5847 137 2706 2018-03-07T19:36:50.047
5847 175 2706 2018-03-07T19:36:50.047
5853 168 2707 2018-03-07T21:01:53.62
5853 181 2707 2018-03-07T21:01:53.62
5864 9 2711 2018-03-08T16:06:06.883
5864 87 2711 2018-03-08T16:06:06.883
5819 39 2714 2018-03-10T16:17:51.943
5819 20 2714 2018-03-10T16:17:51.943
5819 161 2714 2018-03-10T16:17:51.943
5698 208 2715 2018-03-10T17:54:45.863
5698 209 2715 2018-03-10T17:54:45.863
5882 20 2716 2018-03-11T17:42:07.443
5882 161 2716 2018-03-11T17:42:07.443
5887 168 2717 2018-03-13T00:00:25.003
5887 181 2717 2018-03-13T00:00:25.003
5382 58 2718 2018-03-13T05:43:03.92
5382 28 2718 2018-03-13T05:43:03.92
5382 171 2718 2018-03-13T05:43:03.92
5382 210 2718 2018-03-13T05:43:03.92
5382 211 2718 2018-03-13T05:43:03.92
5887 181 2720 2018-03-13T13:42:06.15
5893 51 2721 2018-03-13T17:21:46.27
5893 52 2721 2018-03-13T17:21:46.27
5901 96 2727 2018-03-14T14:26:00.21
5889 58 2730 2018-03-15T06:30:17.817
5889 165 2730 2018-03-15T06:30:17.817
5889 28 2730 2018-03-15T06:30:17.817
5923 26 2731 2018-03-16T12:54:51.7
5923 202 2731 2018-03-16T12:54:51.7
5922 26 2732 2018-03-16T13:00:04.92
5922 42 2732 2018-03-16T13:00:04.92
5922 94 2732 2018-03-16T13:00:04.92
5922 26 2735 2018-03-16T19:23:45.27
5922 197 2735 2018-03-16T19:23:45.27
5922 26 2737 2018-03-17T07:15:05.06
5922 58 2737 2018-03-17T07:15:05.06
5922 165 2737 2018-03-17T07:15:05.06
5927 55 2738 2018-03-17T17:21:06.04
5922 26 2742 2018-03-19T18:57:40.693
5922 94 2742 2018-03-19T18:57:40.693
5834 175 2749 2018-03-21T04:27:37.633
5961 26 2752 2018-03-22T04:59:57.133
5961 161 2752 2018-03-22T04:59:57.133
5961 180 2752 2018-03-22T04:59:57.133
5960 26 2754 2018-03-22T05:57:19.347
5960 199 2754 2018-03-22T05:57:19.347
5887 168 2757 2018-03-22T20:55:18.287
5887 180 2757 2018-03-22T20:55:18.287
5887 181 2757 2018-03-22T20:55:18.287
5803 161 2759 2018-03-23T07:32:17.247
5922 20 2760 2018-03-23T12:11:47.28
5922 87 2760 2018-03-23T12:11:47.28
5922 109 2760 2018-03-23T12:11:47.28
5922 32 2760 2018-03-23T12:11:47.28
5979 11 2762 2018-03-25T08:21:49.56
5979 177 2762 2018-03-25T08:21:49.56
5979 129 2762 2018-03-25T08:21:49.56
5887 180 2766 2018-03-26T13:07:41.99
5887 181 2766 2018-03-26T13:07:41.99
4269 58 2770 2018-03-27T11:42:22.707
4269 3 2770 2018-03-27T11:42:22.707
4269 180 2770 2018-03-27T11:42:22.707
1085 26 2771 2018-03-28T20:24:02.85
1085 212 2771 2018-03-28T20:24:02.85
6006 51 2772 2018-03-28T21:27:46.833
6006 52 2772 2018-03-28T21:27:46.833
6006 101 2772 2018-03-28T21:27:46.833
6006 169 2772 2018-03-28T21:27:46.833
708 6 2774 2018-03-29T07:56:50.853
6013 186 2779 2018-03-29T18:41:26.223
6013 155 2779 2018-03-29T18:41:26.223
6017 48 2780 2018-03-30T08:50:06.083
6017 71 2780 2018-03-30T08:50:06.083
6037 144 2791 2018-03-31T12:13:41.223
3366 5 2793 2018-03-31T17:02:05.92
3366 70 2793 2018-03-31T17:02:05.92
3366 106 2793 2018-03-31T17:02:05.92
6055 5 2795 2018-04-03T09:32:37.897
6055 100 2795 2018-04-03T09:32:37.897
6055 213 2795 2018-04-03T09:32:37.897
6061 42 2797 2018-04-03T16:42:45.06
6061 214 2797 2018-04-03T16:42:45.06
6067 26 2799 2018-04-04T08:38:54.99
6069 39 2800 2018-04-04T11:25:44.98
6069 95 2800 2018-04-04T11:25:44.98
6069 215 2800 2018-04-04T11:25:44.98
6074 27 2801 2018-04-04T16:33:27.793
6074 17 2801 2018-04-04T16:33:27.793
6074 46 2801 2018-04-04T16:33:27.793
6074 168 2801 2018-04-04T16:33:27.793
6074 1 2801 2018-04-04T16:33:27.793
6074 8 2803 2018-04-04T18:02:30.637
6074 27 2803 2018-04-04T18:02:30.637
6074 6 2803 2018-04-04T18:02:30.637
6080 56 2805 2018-04-05T10:28:30.707
6090 153 2809 2018-04-06T02:30:10.007
5922 26 2810 2018-04-06T07:32:20.11
5922 94 2810 2018-04-06T07:32:20.11
5922 187 2810 2018-04-06T07:32:20.11
5887 168 2813 2018-04-07T11:33:20.533
5887 181 2813 2018-04-07T11:33:20.533
6103 17 2819 2018-04-08T19:23:05.097
6103 134 2819 2018-04-08T19:23:05.097
5887 168 2820 2018-04-09T13:41:23.74
5887 180 2820 2018-04-09T13:41:23.74
2225 161 2821 2018-04-09T19:57:41.88
2225 180 2821 2018-04-09T19:57:41.88
6114 55 2822 2018-04-10T06:10:37.97
6114 38 2822 2018-04-10T06:10:37.97
6114 194 2822 2018-04-10T06:10:37.97
4070 20 2823 2018-04-10T09:34:46.797
4070 127 2823 2018-04-10T09:34:46.797
6134 198 2828 2018-04-11T11:07:39.403
5887 181 2832 2018-04-12T14:50:30.573
49 27 2833 2018-04-13T12:48:42.57
49 28 2833 2018-04-13T12:48:42.57
49 216 2833 2018-04-13T12:48:42.57
6068 8 2838 2018-04-15T10:07:24.737
6068 59 2838 2018-04-15T10:07:24.737
6055 5 2841 2018-04-16T07:18:57.38
6055 109 2841 2018-04-16T07:18:57.38
6055 213 2841 2018-04-16T07:18:57.38
6156 87 2845 2018-04-16T20:20:59.117
6156 28 2845 2018-04-16T20:20:59.117
6156 32 2845 2018-04-16T20:20:59.117
6156 96 2845 2018-04-16T20:20:59.117
6156 73 2845 2018-04-16T20:20:59.117
6163 108 2846 2018-04-17T18:33:54.467
6163 53 2846 2018-04-17T18:33:54.467
6169 17 2852 2018-04-18T16:42:42.157
6169 108 2852 2018-04-18T16:42:42.157
6169 47 2852 2018-04-18T16:42:42.157
6169 149 2852 2018-04-18T16:42:42.157
6173 5 2854 2018-04-18T21:29:03.817
6173 104 2854 2018-04-18T21:29:03.817
6176 26 2856 2018-04-19T07:50:48.263
6176 88 2856 2018-04-19T07:50:48.263
6176 187 2856 2018-04-19T07:50:48.263
6183 58 2859 2018-04-19T15:47:05.75
6183 96 2859 2018-04-19T15:47:05.75
6183 201 2859 2018-04-19T15:47:05.75
630 117 2860 2018-04-19T18:33:57.683
6192 23 2864 2018-04-21T11:25:35.407
3669 108 2867 2018-04-23T04:31:18.727
6209 19 2868 2018-04-23T16:17:24.267
6209 111 2868 2018-04-23T16:17:24.267
6211 20 2869 2018-04-23T17:03:59.827
6211 88 2869 2018-04-23T17:03:59.827
6211 133 2869 2018-04-23T17:03:59.827
5950 11 2873 2018-04-24T09:53:22.477
5950 177 2873 2018-04-24T09:53:22.477
5950 178 2873 2018-04-24T09:53:22.477
5887 168 2874 2018-04-24T12:28:25.45
5887 181 2874 2018-04-24T12:28:25.45
6224 3 2876 2018-04-25T07:04:23.223
6234 166 2878 2018-04-26T18:29:21.637
6234 169 2878 2018-04-26T18:29:21.637
6238 26 2879 2018-04-27T10:44:12.41
6238 11 2879 2018-04-27T10:44:12.41
6238 58 2879 2018-04-27T10:44:12.41
6238 161 2879 2018-04-27T10:44:12.41
6238 6 2879 2018-04-27T10:44:12.41
5887 180 2881 2018-04-28T08:06:06.967
5887 45 2881 2018-04-28T08:06:06.967
5887 217 2881 2018-04-28T08:06:06.967
5922 26 2883 2018-04-29T13:56:55.727
5922 155 2883 2018-04-29T13:56:55.727
2950 8 2884 2018-04-30T05:40:06.303
2950 71 2884 2018-04-30T05:40:06.303
6264 39 2888 2018-04-30T21:57:54.89
6264 116 2888 2018-04-30T21:57:54.89
6268 29 2889 2018-05-01T12:05:27.01
6268 185 2889 2018-05-01T12:05:27.01
6147 58 2892 2018-05-02T09:38:13.87
6147 3 2892 2018-05-02T09:38:13.87
6147 39 2892 2018-05-02T09:38:13.87
6147 6 2892 2018-05-02T09:38:13.87
6282 5 2895 2018-05-03T04:31:15.6
6282 20 2895 2018-05-03T04:31:15.6
6282 189 2895 2018-05-03T04:31:15.6
3669 131 2897 2018-05-04T05:31:19.743
6295 106 2900 2018-05-05T12:20:21.267
6295 218 2900 2018-05-05T12:20:21.267
6304 17 2902 2018-05-06T15:36:13.063
5190 9 2904 2018-05-07T04:22:59.26
5190 11 2904 2018-05-07T04:22:59.26
5190 20 2904 2018-05-07T04:22:59.26
6312 3 2906 2018-05-07T09:33:21.35
6312 6 2906 2018-05-07T09:33:21.35
6312 46 2906 2018-05-07T09:33:21.35
5687 161 2907 2018-05-07T09:53:03.39
5687 180 2907 2018-05-07T09:53:03.39
5687 199 2907 2018-05-07T09:53:03.39
6323 108 2914 2018-05-08T15:26:22.65
6323 131 2914 2018-05-08T15:26:22.65
6323 158 2914 2018-05-08T15:26:22.65
6334 26 2918 2018-05-09T12:21:10.853
6334 37 2918 2018-05-09T12:21:10.853
6334 194 2918 2018-05-09T12:21:10.853
6335 95 2919 2018-05-09T12:54:23.673
6335 144 2919 2018-05-09T12:54:23.673
5887 168 2920 2018-05-09T13:14:02.16
5887 181 2920 2018-05-09T13:14:02.16
6341 20 2924 2018-05-10T02:03:37.653
6347 20 2927 2018-05-10T08:33:18.91
6347 39 2927 2018-05-10T08:33:18.91
6347 27 2927 2018-05-10T08:33:18.91
6348 51 2928 2018-05-10T10:48:37.403
6354 26 2932 2018-05-11T04:16:23.603
6354 219 2932 2018-05-11T04:16:23.603
6147 3 2935 2018-05-11T08:35:34.63
6147 58 2935 2018-05-11T08:35:34.63
5887 168 2939 2018-05-11T22:56:00.423
5887 181 2939 2018-05-11T22:56:00.423
6383 174 2945 2018-05-15T07:20:45.157
6390 108 2948 2018-05-15T14:12:13.737
6391 46 2949 2018-05-15T17:57:42.627
6391 69 2949 2018-05-15T17:57:42.627
6391 214 2949 2018-05-15T17:57:42.627
6397 26 2951 2018-05-16T05:37:20.04
6397 11 2951 2018-05-16T05:37:20.04
6397 161 2951 2018-05-16T05:37:20.04
6397 176 2951 2018-05-16T05:37:20.04
6397 107 2951 2018-05-16T05:37:20.04
6411 180 2957 2018-05-17T11:42:04.74
6411 198 2957 2018-05-17T11:42:04.74
6412 26 2958 2018-05-17T13:38:02.313
6417 5 2961 2018-05-17T19:07:28.227
6430 26 2969 2018-05-18T11:13:57.86
6430 11 2969 2018-05-18T11:13:57.86
6430 177 2969 2018-05-18T11:13:57.86
6440 3 2971 2018-05-20T16:15:14.677
6440 108 2971 2018-05-20T16:15:14.677
6452 158 2972 2018-05-22T11:34:05.827
6037 27 2973 2018-05-22T12:27:55.593
6121 6 2975 2018-05-22T18:21:06.743
6462 5 2977 2018-05-23T05:55:57.89
6440 3 2978 2018-05-23T10:10:42.433
6440 108 2978 2018-05-23T10:10:42.433
6466 165 2983 2018-05-23T14:35:44.557
6466 96 2983 2018-05-23T14:35:44.557
6475 26 2986 2018-05-23T22:13:54.69
6475 38 2986 2018-05-23T22:13:54.69
6475 37 2986 2018-05-23T22:13:54.69
6481 198 2989 2018-05-24T18:27:22.56
6481 107 2989 2018-05-24T18:27:22.56
6494 213 2991 2018-05-26T09:15:22.933
6496 5 2993 2018-05-27T00:14:28.84
6496 51 2993 2018-05-27T00:14:28.84
6496 11 2993 2018-05-27T00:14:28.84
6496 6 2993 2018-05-27T00:14:28.84
6496 50 2993 2018-05-27T00:14:28.84
6500 11 2995 2018-05-27T20:16:42.887
6500 174 2995 2018-05-27T20:16:42.887
6508 203 3002 2018-05-29T10:19:34.293
6512 88 3005 2018-05-29T16:32:52.847
6512 31 3005 2018-05-29T16:32:52.847
185 26 3008 2018-05-30T08:00:09.587
185 8 3008 2018-05-30T08:00:09.587
185 94 3008 2018-05-30T08:00:09.587
185 37 3008 2018-05-30T08:00:09.587
6470 20 3011 2018-05-30T14:05:53.81
6470 154 3011 2018-05-30T14:05:53.81
6379 20 3013 2018-05-31T17:00:10.43
6379 177 3013 2018-05-31T17:00:10.43
6379 129 3013 2018-05-31T17:00:10.43
6334 26 3014 2018-06-01T13:23:09.403
6531 52 3016 2018-06-01T15:04:39.79
6536 26 3020 2018-06-02T09:20:41.7
6536 94 3020 2018-06-02T09:20:41.7
6514 94 3022 2018-06-03T00:10:10.03
2222 168 3025 2018-06-03T17:55:08.577
2222 181 3025 2018-06-03T17:55:08.577
4070 26 3026 2018-06-04T22:44:08.303
6448 26 3028 2018-06-05T08:52:32.93
6448 8 3028 2018-06-05T08:52:32.93
6561 11 3029 2018-06-06T08:05:08.447
6561 20 3029 2018-06-06T08:05:08.447
6561 70 3029 2018-06-06T08:05:08.447
6561 198 3029 2018-06-06T08:05:08.447
6571 45 3031 2018-06-07T08:00:02.167
6571 30 3031 2018-06-07T08:00:02.167
6462 3 3034 2018-06-09T20:04:17.147
6462 39 3034 2018-06-09T20:04:17.147
6462 157 3034 2018-06-09T20:04:17.147
16 7 3035 2018-06-09T20:06:57.663
16 1 3035 2018-06-09T20:06:57.663
16 220 3035 2018-06-09T20:06:57.663
6591 158 3038 2018-06-10T12:23:27.663
6591 131 3038 2018-06-10T12:23:27.663
6592 86 3039 2018-06-10T12:48:59.97
6594 213 3041 2018-06-10T14:54:52.4
5875 42 3047 2018-06-12T11:14:14.307
5875 38 3047 2018-06-12T11:14:14.307
6613 5 3048 2018-06-12T22:14:54.607
6613 11 3048 2018-06-12T22:14:54.607
6613 180 3048 2018-06-12T22:14:54.607
6613 165 3048 2018-06-12T22:14:54.607
6613 113 3048 2018-06-12T22:14:54.607
6430 169 3049 2018-06-13T06:43:05.023
6430 198 3049 2018-06-13T06:43:05.023
1085 221 3052 2018-06-13T13:03:19.66
1996 26 3057 2018-06-14T11:25:42.767
1996 11 3057 2018-06-14T11:25:42.767
1996 180 3057 2018-06-14T11:25:42.767
185 26 3059 2018-06-15T16:40:09.607
185 166 3059 2018-06-15T16:40:09.607
185 185 3059 2018-06-15T16:40:09.607
185 222 3059 2018-06-15T16:40:09.607
6639 186 3067 2018-06-17T10:01:48.85
6643 11 3068 2018-06-18T05:14:29.253
6643 39 3068 2018-06-18T05:14:29.253
6643 180 3068 2018-06-18T05:14:29.253
6643 23 3068 2018-06-18T05:14:29.253
6643 145 3068 2018-06-18T05:14:29.253
6430 26 3070 2018-06-18T10:27:06.36
6430 169 3070 2018-06-18T10:27:06.36
6430 198 3070 2018-06-18T10:27:06.36
1085 26 3074 2018-06-18T16:25:13.81
1085 175 3074 2018-06-18T16:25:13.81
1085 223 3074 2018-06-18T16:25:13.81
6660 5 3079 2018-06-20T11:39:33.107
6660 161 3079 2018-06-20T11:39:33.107
6645 42 3083 2018-06-21T11:36:52.263
6645 88 3083 2018-06-21T11:36:52.263
6347 9 3085 2018-06-22T08:53:02.983
6347 39 3085 2018-06-22T08:53:02.983
6347 224 3085 2018-06-22T08:53:02.983
6679 3 3088 2018-06-22T16:49:44.65
6679 19 3088 2018-06-22T16:49:44.65
6681 5 3090 2018-06-22T19:17:04.967
6681 29 3090 2018-06-22T19:17:04.967
6681 65 3090 2018-06-22T19:17:04.967
6688 9 3092 2018-06-23T21:37:14.717
6688 127 3092 2018-06-23T21:37:14.717
6688 151 3092 2018-06-23T21:37:14.717
6688 30 3092 2018-06-23T21:37:14.717
185 26 3093 2018-06-24T04:55:11.117
185 94 3093 2018-06-24T04:55:11.117
185 61 3093 2018-06-24T04:55:11.117
185 26 3095 2018-06-24T09:10:02.27
185 61 3095 2018-06-24T09:10:02.27
185 197 3095 2018-06-24T09:10:02.27
3258 3 3098 2018-06-25T10:25:21.97
3258 46 3098 2018-06-25T10:25:21.97
3258 69 3098 2018-06-25T10:25:21.97
3258 153 3098 2018-06-25T10:25:21.97
6481 169 3099 2018-06-25T11:39:50.253
6481 37 3099 2018-06-25T11:39:50.253
6645 26 3101 2018-06-25T13:03:27.64
6645 29 3101 2018-06-25T13:03:27.64
6645 176 3101 2018-06-25T13:03:27.64
6622 8 3104 2018-06-25T13:39:15.44
6622 20 3104 2018-06-25T13:39:15.44
6622 29 3104 2018-06-25T13:39:15.44
6622 185 3104 2018-06-25T13:39:15.44
6417 5 3109 2018-06-26T15:04:06.253
6417 109 3109 2018-06-26T15:04:06.253
6147 3 3118 2018-06-27T10:00:33.873
6147 58 3118 2018-06-27T10:00:33.873
6709 26 3120 2018-06-27T13:27:57.947
185 26 3123 2018-06-27T17:55:26.76
185 94 3123 2018-06-27T17:55:26.76
185 225 3123 2018-06-27T17:55:26.76
99 109 3131 2018-06-30T21:20:40.3
6745 51 3132 2018-06-30T21:35:21.093
6745 52 3132 2018-06-30T21:35:21.093
6746 11 3133 2018-06-30T22:02:31.627
6746 180 3133 2018-06-30T22:02:31.627
6746 72 3133 2018-06-30T22:02:31.627
6747 5 3135 2018-07-01T11:30:55.9
6747 3 3135 2018-07-01T11:30:55.9
6747 46 3135 2018-07-01T11:30:55.9
6747 69 3135 2018-07-01T11:30:55.9
6747 170 3135 2018-07-01T11:30:55.9
6754 11 3137 2018-07-03T03:39:53.897
6754 58 3137 2018-07-03T03:39:53.897
6754 161 3137 2018-07-03T03:39:53.897
185 197 3138 2018-07-03T04:23:13.993
185 226 3138 2018-07-03T04:23:13.993
6754 161 3148 2018-07-05T12:08:31.787
6784 166 3149 2018-07-08T10:43:52.297
6784 195 3149 2018-07-08T10:43:52.297
6452 9 3152 2018-07-09T12:15:33.893
6452 28 3152 2018-07-09T12:15:33.893
6317 227 3159 2018-07-10T23:25:15.413
6807 26 3161 2018-07-11T12:09:36.147
6807 180 3161 2018-07-11T12:09:36.147
185 26 3162 2018-07-12T02:31:51.953
185 94 3162 2018-07-12T02:31:51.953
185 228 3162 2018-07-12T02:31:51.953
6799 161 3163 2018-07-12T05:51:04.823
6799 66 3163 2018-07-12T05:51:04.823
6810 9 3165 2018-07-12T08:51:23.207
6810 20 3165 2018-07-12T08:51:23.207
6810 161 3165 2018-07-12T08:51:23.207
6810 42 3165 2018-07-12T08:51:23.207
6810 180 3165 2018-07-12T08:51:23.207
6813 6 3169 2018-07-12T22:30:04.883
5426 5 3170 2018-07-12T23:37:20.893
5426 19 3170 2018-07-12T23:37:20.893
5426 177 3170 2018-07-12T23:37:20.893
5426 101 3170 2018-07-12T23:37:20.893
5426 33 3170 2018-07-12T23:37:20.893
6816 161 3172 2018-07-13T06:28:34.673
6799 3 3174 2018-07-13T13:26:59.04
6799 161 3174 2018-07-13T13:26:59.04
6799 66 3174 2018-07-13T13:26:59.04
6820 26 3176 2018-07-14T00:29:20.423
6820 9 3176 2018-07-14T00:29:20.423
6820 27 3176 2018-07-14T00:29:20.423
6820 43 3176 2018-07-14T00:29:20.423
6820 75 3176 2018-07-14T00:29:20.423
6823 51 3179 2018-07-14T15:08:45.233
6823 178 3179 2018-07-14T15:08:45.233
6829 166 3182 2018-07-15T18:14:56.463
6829 175 3182 2018-07-15T18:14:56.463
6829 195 3182 2018-07-15T18:14:56.463
6807 180 3184 2018-07-16T04:26:20
6799 161 3186 2018-07-16T13:16:13.53
6799 87 3186 2018-07-16T13:16:13.53
185 26 3189 2018-07-16T15:40:08.747
185 94 3189 2018-07-16T15:40:08.747
185 229 3189 2018-07-16T15:40:08.747
6834 6 3191 2018-07-16T21:41:23.573
6834 46 3191 2018-07-16T21:41:23.573
6834 168 3191 2018-07-16T21:41:23.573
6834 91 3191 2018-07-16T21:41:23.573
271 18 3194 2018-07-17T11:13:07.37
271 178 3194 2018-07-17T11:13:07.37
271 146 3194 2018-07-17T11:13:07.37
6799 161 3198 2018-07-18T09:32:28.53
6799 27 3198 2018-07-18T09:32:28.53
6799 42 3198 2018-07-18T09:32:28.53
6799 180 3198 2018-07-18T09:32:28.53
6799 43 3198 2018-07-18T09:32:28.53
6816 198 3202 2018-07-19T05:09:43.077
6816 198 3204 2018-07-19T18:42:13.207
6816 160 3204 2018-07-19T18:42:13.207
6873 58 3209 2018-07-20T18:49:45.6
6873 56 3209 2018-07-20T18:49:45.6
6873 197 3209 2018-07-20T18:49:45.6
185 96 3210 2018-07-21T08:14:15.677
185 197 3210 2018-07-21T08:14:15.677
185 230 3210 2018-07-21T08:14:15.677
623 231 3216 2018-07-23T13:19:57.22
6799 161 3218 2018-07-24T05:12:27.927
6799 87 3218 2018-07-24T05:12:27.927
6799 161 3219 2018-07-24T10:38:19.373
6799 87 3219 2018-07-24T10:38:19.373
6799 160 3219 2018-07-24T10:38:19.373
6816 26 3222 2018-07-25T13:44:15.907
6910 168 3227 2018-07-28T02:01:33.793
6911 20 3228 2018-07-28T04:09:28.823
6911 180 3228 2018-07-28T04:09:28.823
6911 76 3228 2018-07-28T04:09:28.823
6929 76 3232 2018-08-01T03:48:28.32
6929 213 3232 2018-08-01T03:48:28.32
6934 20 3235 2018-08-01T13:19:41.563
6934 70 3235 2018-08-01T13:19:41.563
6934 71 3235 2018-08-01T13:19:41.563
6934 152 3235 2018-08-01T13:19:41.563
3878 69 3236 2018-08-01T14:44:58.433
6937 26 3237 2018-08-01T17:08:40.14
6937 8 3237 2018-08-01T17:08:40.14
6937 11 3237 2018-08-01T17:08:40.14
6937 20 3237 2018-08-01T17:08:40.14
6939 8 3241 2018-08-01T18:49:08.81
6939 20 3241 2018-08-01T18:49:08.81
708 232 3244 2018-08-02T08:26:28.01
6816 26 3245 2018-08-02T11:30:26.95
6816 18 3245 2018-08-02T11:30:26.95
6816 202 3245 2018-08-02T11:30:26.95
6950 27 3246 2018-08-02T15:58:45.723
6968 58 3257 2018-08-05T06:21:03.803
6968 27 3257 2018-08-05T06:21:03.803
6968 6 3257 2018-08-05T06:21:03.803
6978 9 3259 2018-08-06T02:07:56.83
6978 42 3259 2018-08-06T02:07:56.83
6978 88 3259 2018-08-06T02:07:56.83
6980 127 3260 2018-08-06T07:29:08.68
6987 26 3262 2018-08-06T14:54:22.95
6987 117 3262 2018-08-06T14:54:22.95
6993 44 3266 2018-08-07T06:22:59.513
7016 162 3273 2018-08-10T00:37:49.67
6911 11 3275 2018-08-11T19:43:00.53
6911 58 3275 2018-08-11T19:43:00.53
6911 231 3275 2018-08-11T19:43:00.53
6816 161 3276 2018-08-12T04:20:28.047
6816 207 3276 2018-08-12T04:20:28.047
7031 52 3277 2018-08-12T08:06:08.633
7031 19 3277 2018-08-12T08:06:08.633
7031 88 3277 2018-08-12T08:06:08.633
7031 200 3277 2018-08-12T08:06:08.633
1151 8 3279 2018-08-12T16:08:32.59
1151 161 3279 2018-08-12T16:08:32.59
7055 11 3284 2018-08-15T08:38:57.537
7055 166 3284 2018-08-15T08:38:57.537
7055 180 3284 2018-08-15T08:38:57.537
7058 166 3287 2018-08-15T15:12:10.537
7058 180 3287 2018-08-15T15:12:10.537
7058 168 3287 2018-08-15T15:12:10.537
7058 181 3287 2018-08-15T15:12:10.537
7060 51 3288 2018-08-15T16:35:45.553
7060 52 3288 2018-08-15T16:35:45.553
7062 166 3289 2018-08-15T19:54:41.677
7062 195 3289 2018-08-15T19:54:41.677
6807 180 3291 2018-08-16T05:13:52.113
6080 26 3293 2018-08-16T14:39:50.247
6080 61 3293 2018-08-16T14:39:50.247
7076 52 3295 2018-08-16T21:11:36.2
7076 196 3295 2018-08-16T21:11:36.2
7055 11 3297 2018-08-17T09:23:45.303
6709 26 3299 2018-08-18T20:39:40.383
7084 26 3301 2018-08-19T12:07:16.027
7084 161 3301 2018-08-19T12:07:16.027
7084 155 3301 2018-08-19T12:07:16.027
7102 5 3306 2018-08-22T09:07:34.717
7109 58 3308 2018-08-23T01:47:06.59
7109 71 3308 2018-08-23T01:47:06.59
7107 5 3309 2018-08-23T14:49:53.723
7107 76 3309 2018-08-23T14:49:53.723
4273 19 3311 2018-08-23T15:25:35.183
4273 25 3311 2018-08-23T15:25:35.183
4273 21 3311 2018-08-23T15:25:35.183
6799 198 3313 2018-08-24T06:37:26.65
7123 26 3315 2018-08-25T03:58:01.027
7123 9 3315 2018-08-25T03:58:01.027
7123 11 3315 2018-08-25T03:58:01.027
7123 20 3315 2018-08-25T03:58:01.027
7123 180 3315 2018-08-25T03:58:01.027
6807 26 3316 2018-08-25T05:25:55.477
6807 180 3316 2018-08-25T05:25:55.477
6807 38 3316 2018-08-25T05:25:55.477
7126 11 3317 2018-08-25T11:30:47.153
7126 180 3317 2018-08-25T11:30:47.153
6816 198 3323 2018-08-25T16:02:04.51
6816 160 3323 2018-08-25T16:02:04.51
6816 3 3324 2018-08-25T17:34:20.687
6816 165 3324 2018-08-25T17:34:20.687
6816 198 3324 2018-08-25T17:34:20.687
80 184 3325 2018-08-25T19:14:22.07
4760 39 3329 2018-08-27T05:00:12.53
4760 42 3329 2018-08-27T05:00:12.53
4760 180 3329 2018-08-27T05:00:12.53
4760 87 3329 2018-08-27T05:00:12.53
4760 108 3329 2018-08-27T05:00:12.53
7138 8 3331 2018-08-27T07:26:45.21
7138 9 3331 2018-08-27T07:26:45.21
7138 58 3331 2018-08-27T07:26:45.21
6816 198 3332 2018-08-27T19:46:07.017
6816 207 3332 2018-08-27T19:46:07.017
7151 58 3334 2018-08-28T11:00:33.34
7151 46 3334 2018-08-28T11:00:33.34
7151 28 3334 2018-08-28T11:00:33.34
7151 91 3334 2018-08-28T11:00:33.34
7151 92 3334 2018-08-28T11:00:33.34
7157 153 3336 2018-08-28T20:17:17.337
7158 3 3338 2018-08-29T02:52:48.92
7158 180 3338 2018-08-29T02:52:48.92
7158 198 3338 2018-08-29T02:52:48.92
7166 6 3342 2018-08-30T04:39:22.513
7166 46 3342 2018-08-30T04:39:22.513
7166 168 3342 2018-08-30T04:39:22.513
7166 108 3342 2018-08-30T04:39:22.513
7166 81 3342 2018-08-30T04:39:22.513
185 26 3345 2018-08-31T11:33:13.637
185 94 3345 2018-08-31T11:33:13.637
185 169 3345 2018-08-31T11:33:13.637
7107 11 3346 2018-08-31T12:55:16.153
7107 129 3346 2018-08-31T12:55:16.153
