19 1 1 2017-11-28T19:09:28.497
15 2 4 2017-11-28T19:12:14.77
15 3 4 2017-11-28T19:12:14.77
35 4 8 2017-11-28T19:19:42.497
25 5 10 2017-11-28T19:23:12.077
25 6 10 2017-11-28T19:23:12.077
67 3 15 2017-11-28T19:40:45.043
67 7 15 2017-11-28T19:40:45.043
54 8 16 2017-11-28T19:41:01.407
54 9 16 2017-11-28T19:41:01.407
54 10 16 2017-11-28T19:41:01.407
54 6 20 2017-11-28T19:49:26.03
54 5 20 2017-11-28T19:49:26.03
89 6 25 2017-11-28T19:54:50.877
89 1 25 2017-11-28T19:54:50.877
89 11 25 2017-11-28T19:54:50.877
89 12 25 2017-11-28T19:54:50.877
89 13 25 2017-11-28T19:54:50.877
28 14 28 2017-11-28T20:02:39.447
28 15 28 2017-11-28T20:02:39.447
28 16 28 2017-11-28T20:02:39.447
127 17 30 2017-11-28T20:09:16.807
124 1 31 2017-11-28T20:12:59.103
124 18 31 2017-11-28T20:12:59.103
60 19 33 2017-11-28T20:16:46.583
60 20 33 2017-11-28T20:16:46.583
60 21 33 2017-11-28T20:16:46.583
124 20 35 2017-11-28T20:17:41.403
124 22 35 2017-11-28T20:17:41.403
60 20 37 2017-11-28T20:24:35.99
60 23 37 2017-11-28T20:24:35.99
60 24 37 2017-11-28T20:24:35.99
134 20 40 2017-11-28T20:43:01.757
134 22 40 2017-11-28T20:43:01.757
134 25 40 2017-11-28T20:43:01.757
166 2 48 2017-11-28T21:01:34.817
171 26 51 2017-11-28T21:06:53.517
171 8 51 2017-11-28T21:06:53.517
178 1 53 2017-11-28T21:07:47.743
178 15 53 2017-11-28T21:07:47.743
178 12 53 2017-11-28T21:07:47.743
178 27 53 2017-11-28T21:07:47.743
28 28 54 2017-11-28T21:11:15.41
148 29 56 2017-11-28T21:13:50.843
148 9 56 2017-11-28T21:13:50.843
148 30 56 2017-11-28T21:13:50.843
60 20 57 2017-11-28T21:14:09.273
60 1 57 2017-11-28T21:14:09.273
60 31 57 2017-11-28T21:14:09.273
148 29 58 2017-11-28T21:17:27.803
124 6 60 2017-11-28T21:18:35.17
108 1 66 2017-11-28T21:22:45.773
108 6 66 2017-11-28T21:22:45.773
148 1 67 2017-11-28T21:24:17.73
10 32 69 2017-11-28T21:27:03.46
10 33 69 2017-11-28T21:27:03.46
10 34 69 2017-11-28T21:27:03.46
188 8 77 2017-11-28T21:37:49.317
188 35 77 2017-11-28T21:37:49.317
60 20 78 2017-11-28T21:38:45.16
60 3 78 2017-11-28T21:38:45.16
60 19 78 2017-11-28T21:38:45.16
166 36 82 2017-11-28T21:44:40.45
166 7 82 2017-11-28T21:44:40.45
134 20 83 2017-11-28T21:45:25.787
134 32 83 2017-11-28T21:45:25.787
134 37 83 2017-11-28T21:45:25.787
148 3 84 2017-11-28T21:47:09.77
148 20 88 2017-11-28T21:58:21.337
148 22 88 2017-11-28T21:58:21.337
148 1 92 2017-11-28T22:03:00.123
148 6 92 2017-11-28T22:03:00.123
166 38 96 2017-11-28T22:12:01.23
166 39 96 2017-11-28T22:12:01.23
226 1 98 2017-11-28T22:13:32.853
226 13 98 2017-11-28T22:13:32.853
226 40 98 2017-11-28T22:13:32.853
148 20 100 2017-11-28T22:23:42.697
233 41 103 2017-11-28T22:35:02.607
235 20 104 2017-11-28T22:37:15.33
235 41 104 2017-11-28T22:37:15.33
257 3 111 2017-11-28T23:32:44.807
262 1 112 2017-11-28T23:41:23.307
262 39 112 2017-11-28T23:41:23.307
157 1 113 2017-11-28T23:53:39.347
299 42 120 2017-11-29T03:41:59.727
299 43 120 2017-11-29T03:41:59.727
303 20 123 2017-11-29T05:38:08.263
303 44 123 2017-11-29T05:38:08.263
310 41 128 2017-11-29T05:47:28.677
310 42 128 2017-11-29T05:47:28.677
310 45 128 2017-11-29T05:47:28.677
318 41 130 2017-11-29T07:00:48.077
318 5 130 2017-11-29T07:00:48.077
207 41 131 2017-11-29T07:05:16.727
207 5 131 2017-11-29T07:05:16.727
331 20 135 2017-11-29T08:10:21.913
331 46 135 2017-11-29T08:10:21.913
331 47 135 2017-11-29T08:10:21.913
336 41 140 2017-11-29T08:33:08.407
336 48 140 2017-11-29T08:33:08.407
336 30 140 2017-11-29T08:33:08.407
336 49 140 2017-11-29T08:33:08.407
331 20 141 2017-11-29T08:35:17.93
331 3 141 2017-11-29T08:35:17.93
331 50 141 2017-11-29T08:35:17.93
331 51 141 2017-11-29T08:35:17.93
331 50 143 2017-11-29T08:41:17.41
331 20 144 2017-11-29T08:47:41.877
331 42 144 2017-11-29T08:47:41.877
331 50 144 2017-11-29T08:47:41.877
331 52 144 2017-11-29T08:47:41.877
148 7 151 2017-11-29T09:59:39.55
148 32 151 2017-11-29T09:59:39.55
364 26 157 2017-11-29T11:05:12.653
364 53 157 2017-11-29T11:05:12.653
364 8 157 2017-11-29T11:05:12.653
364 54 157 2017-11-29T11:05:12.653
364 3 168 2017-11-29T14:47:17.4
364 4 168 2017-11-29T14:47:17.4
67 3 170 2017-11-29T15:25:58.64
67 7 170 2017-11-29T15:25:58.64
396 20 174 2017-11-29T15:47:27.39
396 21 174 2017-11-29T15:47:27.39
396 19 174 2017-11-29T15:47:27.39
396 55 174 2017-11-29T15:47:27.39
396 56 174 2017-11-29T15:47:27.39
68 1 178 2017-11-29T16:53:34.333
68 57 178 2017-11-29T16:53:34.333
35 29 179 2017-11-29T17:08:01.69
35 44 179 2017-11-29T17:08:01.69
148 3 181 2017-11-29T18:40:38.02
148 18 181 2017-11-29T18:40:38.02
83 42 183 2017-11-29T18:45:13.38
83 14 183 2017-11-29T18:45:13.38
36 58 190 2017-11-29T19:30:28.027
441 6 199 2017-11-29T20:57:12.347
441 31 199 2017-11-29T20:57:12.347
441 59 199 2017-11-29T20:57:12.347
35 6 203 2017-11-29T21:19:26.603
35 60 203 2017-11-29T21:19:26.603
168 1 206 2017-11-29T21:29:31.22
364 61 208 2017-11-29T21:49:37.397
364 62 208 2017-11-29T21:49:37.397
364 63 208 2017-11-29T21:49:37.397
364 64 208 2017-11-29T21:49:37.397
451 4 210 2017-11-29T22:07:59.89
407 1 216 2017-11-29T23:00:34.173
407 65 216 2017-11-29T23:00:34.173
407 1 217 2017-11-29T23:03:52.12
407 13 217 2017-11-29T23:03:52.12
407 65 217 2017-11-29T23:03:52.12
461 19 223 2017-11-30T00:54:03.777
461 21 223 2017-11-30T00:54:03.777
461 28 223 2017-11-30T00:54:03.777
168 3 225 2017-11-30T01:26:48.067
459 1 227 2017-11-30T01:32:19.94
459 66 227 2017-11-30T01:32:19.94
396 20 230 2017-11-30T02:03:38.62
396 41 230 2017-11-30T02:03:38.62
396 21 230 2017-11-30T02:03:38.62
396 55 230 2017-11-30T02:03:38.62
109 20 231 2017-11-30T02:03:40.66
109 41 231 2017-11-30T02:03:40.66
109 22 231 2017-11-30T02:03:40.66
172 20 232 2017-11-30T02:17:27.37
172 42 232 2017-11-30T02:17:27.37
172 22 232 2017-11-30T02:17:27.37
172 48 232 2017-11-30T02:17:27.37
172 52 232 2017-11-30T02:17:27.37
68 20 238 2017-11-30T04:19:17.763
68 1 238 2017-11-30T04:19:17.763
68 67 238 2017-11-30T04:19:17.763
483 6 239 2017-11-30T05:24:44.07
483 5 239 2017-11-30T05:24:44.07
483 68 239 2017-11-30T05:24:44.07
283 6 244 2017-11-30T06:40:55.027
283 69 244 2017-11-30T06:40:55.027
283 6 245 2017-11-30T06:44:24.817
283 69 245 2017-11-30T06:44:24.817
283 41 247 2017-11-30T06:55:16.357
283 5 247 2017-11-30T06:55:16.357
283 6 249 2017-11-30T06:57:23.797
283 5 249 2017-11-30T06:57:23.797
318 70 250 2017-11-30T07:00:57.36
19 20 254 2017-11-30T07:17:22.44
19 41 254 2017-11-30T07:17:22.44
19 42 254 2017-11-30T07:17:22.44
441 6 260 2017-11-30T09:17:40.057
441 21 260 2017-11-30T09:17:40.057
483 5 268 2017-11-30T10:42:27.407
483 42 268 2017-11-30T10:42:27.407
483 69 268 2017-11-30T10:42:27.407
483 34 268 2017-11-30T10:42:27.407
341 6 270 2017-11-30T11:08:12.613
341 1 270 2017-11-30T11:08:12.613
341 71 270 2017-11-30T11:08:12.613
483 42 271 2017-11-30T11:22:36.32
500 8 274 2017-11-30T11:56:20.777
10 36 275 2017-11-30T12:01:59.077
10 72 275 2017-11-30T12:01:59.077
483 73 278 2017-11-30T13:27:19.287
483 74 278 2017-11-30T13:27:19.287
60 20 279 2017-11-30T13:29:28
60 1 279 2017-11-30T13:29:28
60 2 279 2017-11-30T13:29:28
330 75 280 2017-11-30T13:42:19.847
491 41 283 2017-11-30T14:34:07.323
491 76 283 2017-11-30T14:34:07.323
461 77 289 2017-11-30T16:57:44.42
483 3 291 2017-11-30T17:36:40.673
483 78 291 2017-11-30T17:36:40.673
519 6 296 2017-11-30T18:04:41.773
519 5 296 2017-11-30T18:04:41.773
519 13 296 2017-11-30T18:04:41.773
519 29 305 2017-11-30T21:19:31.453
519 33 305 2017-11-30T21:19:31.453
519 20 311 2017-11-30T22:37:10.953
519 21 311 2017-11-30T22:37:10.953
519 22 311 2017-11-30T22:37:10.953
519 3 314 2017-12-01T03:33:10.383
519 13 314 2017-12-01T03:33:10.383
519 79 314 2017-12-01T03:33:10.383
519 38 314 2017-12-01T03:33:10.383
19 20 315 2017-12-01T05:30:33.567
19 41 315 2017-12-01T05:30:33.567
19 5 315 2017-12-01T05:30:33.567
178 7 318 2017-12-01T09:25:38.213
178 59 318 2017-12-01T09:25:38.213
305 20 320 2017-12-01T11:40:11.743
305 1 320 2017-12-01T11:40:11.743
305 19 320 2017-12-01T11:40:11.743
233 5 322 2017-12-01T12:08:56.387
334 32 325 2017-12-01T12:35:14.71
334 34 325 2017-12-01T12:35:14.71
89 13 326 2017-12-01T12:46:19.773
89 1 326 2017-12-01T12:46:19.773
89 11 326 2017-12-01T12:46:19.773
441 80 327 2017-12-01T13:11:32.787
441 4 328 2017-12-01T13:17:39.167
441 77 328 2017-12-01T13:17:39.167
491 5 338 2017-12-01T15:30:41.14
491 34 338 2017-12-01T15:30:41.14
491 30 338 2017-12-01T15:30:41.14
60 20 341 2017-12-01T15:55:03.647
60 41 341 2017-12-01T15:55:03.647
60 37 341 2017-12-01T15:55:03.647
549 4 344 2017-12-01T16:14:47.527
549 81 344 2017-12-01T16:14:47.527
549 82 344 2017-12-01T16:14:47.527
68 6 350 2017-12-01T19:14:16.883
68 1 350 2017-12-01T19:14:16.883
68 71 350 2017-12-01T19:14:16.883
68 1 351 2017-12-01T19:16:52.857
68 71 351 2017-12-01T19:16:52.857
552 14 353 2017-12-01T19:24:56.35
552 78 353 2017-12-01T19:24:56.35
68 1 356 2017-12-01T19:34:45.85
68 71 356 2017-12-01T19:34:45.85
19 20 363 2017-12-01T19:45:55.023
19 29 363 2017-12-01T19:45:55.023
19 83 363 2017-12-01T19:45:55.023
35 14 366 2017-12-01T20:14:12.697
35 36 366 2017-12-01T20:14:12.697
519 20 367 2017-12-01T20:21:19.34
519 25 367 2017-12-01T20:21:19.34
519 84 367 2017-12-01T20:21:19.34
519 1 368 2017-12-01T20:26:55.943
519 85 368 2017-12-01T20:26:55.943
519 2 373 2017-12-01T20:44:28.853
519 14 373 2017-12-01T20:44:28.853
519 51 373 2017-12-01T20:44:28.853
483 41 377 2017-12-01T21:41:23.313
483 5 377 2017-12-01T21:41:23.313
560 20 380 2017-12-01T22:37:29.17
560 6 380 2017-12-01T22:37:29.17
560 41 380 2017-12-01T22:37:29.17
560 21 380 2017-12-01T22:37:29.17
35 6 382 2017-12-02T00:08:48.123
178 1 384 2017-12-02T01:57:20.09
178 86 384 2017-12-02T01:57:20.09
483 4 387 2017-12-02T03:54:02.837
483 81 387 2017-12-02T03:54:02.837
483 82 387 2017-12-02T03:54:02.837
568 20 389 2017-12-02T04:58:04.14
568 42 389 2017-12-02T04:58:04.14
568 50 389 2017-12-02T04:58:04.14
574 45 390 2017-12-02T06:15:53.417
574 61 390 2017-12-02T06:15:53.417
574 62 390 2017-12-02T06:15:53.417
57 6 391 2017-12-02T07:46:35.597
57 41 391 2017-12-02T07:46:35.597
57 42 391 2017-12-02T07:46:35.597
483 59 395 2017-12-02T11:01:57.73
374 80 397 2017-12-02T11:17:47.163
354 20 399 2017-12-02T12:09:52.58
354 71 399 2017-12-02T12:09:52.58
354 87 399 2017-12-02T12:09:52.58
354 53 399 2017-12-02T12:09:52.58
588 1 409 2017-12-02T17:03:49.843
588 38 409 2017-12-02T17:03:49.843
233 1 411 2017-12-02T17:22:14.027
233 41 411 2017-12-02T17:22:14.027
233 67 411 2017-12-02T17:22:14.027
588 1 414 2017-12-02T18:02:06.98
588 87 414 2017-12-02T18:02:06.98
588 88 414 2017-12-02T18:02:06.98
68 41 415 2017-12-02T18:43:27.463
68 1 415 2017-12-02T18:43:27.463
68 71 415 2017-12-02T18:43:27.463
68 89 415 2017-12-02T18:43:27.463
549 90 419 2017-12-02T21:55:05.733
549 91 419 2017-12-02T21:55:05.733
549 3 422 2017-12-02T22:14:46.44
10 50 425 2017-12-02T23:13:46.787
10 92 425 2017-12-02T23:13:46.787
241 20 427 2017-12-03T00:14:22.643
241 19 427 2017-12-03T00:14:22.643
568 5 437 2017-12-03T02:55:19.067
568 4 437 2017-12-03T02:55:19.067
68 42 438 2017-12-03T05:26:31.683
68 69 438 2017-12-03T05:26:31.683
166 41 443 2017-12-03T11:04:12.627
148 29 445 2017-12-03T11:08:13.077
588 1 449 2017-12-03T12:04:28.993
588 93 449 2017-12-03T12:04:28.993
588 1 450 2017-12-03T12:13:50.547
588 79 450 2017-12-03T12:13:50.547
588 1 451 2017-12-03T12:17:48.45
396 41 454 2017-12-03T13:37:24.23
396 6 454 2017-12-03T13:37:24.23
396 5 454 2017-12-03T13:37:24.23
396 56 454 2017-12-03T13:37:24.23
407 5 458 2017-12-03T16:42:13.01
407 52 458 2017-12-03T16:42:13.01
68 1 460 2017-12-03T17:18:22.097
68 94 460 2017-12-03T17:18:22.097
68 38 460 2017-12-03T17:18:22.097
68 95 460 2017-12-03T17:18:22.097
618 29 464 2017-12-03T19:45:54.627
588 1 465 2017-12-03T19:46:46.153
588 51 465 2017-12-03T19:46:46.153
588 93 465 2017-12-03T19:46:46.153
10 92 467 2017-12-03T20:32:12.443
10 96 467 2017-12-03T20:32:12.443
626 20 470 2017-12-03T23:10:35.657
626 3 470 2017-12-03T23:10:35.657
519 77 474 2017-12-03T23:43:40.09
630 37 478 2017-12-04T02:43:44.973
396 97 480 2017-12-04T03:39:03.293
633 20 484 2017-12-04T05:22:31.613
633 3 484 2017-12-04T05:22:31.613
633 84 484 2017-12-04T05:22:31.613
441 29 486 2017-12-04T07:43:55.793
615 26 488 2017-12-04T08:54:58.557
615 8 488 2017-12-04T08:54:58.557
607 6 490 2017-12-04T09:21:12.027
607 98 490 2017-12-04T09:21:12.027
607 1 491 2017-12-04T09:33:10.313
607 99 491 2017-12-04T09:33:10.313
364 6 492 2017-12-04T11:20:00.51
364 3 492 2017-12-04T11:20:00.51
364 2 492 2017-12-04T11:20:00.51
407 14 493 2017-12-04T11:25:37.937
407 100 493 2017-12-04T11:25:37.937
646 71 496 2017-12-04T13:43:04.103
607 20 497 2017-12-04T14:45:26.653
607 3 497 2017-12-04T14:45:26.653
396 20 500 2017-12-04T16:23:42.12
396 69 500 2017-12-04T16:23:42.12
396 21 500 2017-12-04T16:23:42.12
396 55 500 2017-12-04T16:23:42.12
630 1 502 2017-12-04T17:25:33.443
630 3 502 2017-12-04T17:25:33.443
630 22 502 2017-12-04T17:25:33.443
519 5 515 2017-12-04T18:44:29.387
519 43 515 2017-12-04T18:44:29.387
483 101 516 2017-12-04T18:54:13.523
483 102 516 2017-12-04T18:54:13.523
352 1 522 2017-12-04T23:50:14.91
623 20 525 2017-12-05T00:26:59.947
68 6 526 2017-12-05T00:34:31.523
68 1 526 2017-12-05T00:34:31.523
68 69 526 2017-12-05T00:34:31.523
662 30 528 2017-12-05T02:49:01.993
662 103 528 2017-12-05T02:49:01.993
364 13 531 2017-12-05T03:46:48.333
607 3 535 2017-12-05T05:58:29.197
607 22 535 2017-12-05T05:58:29.197
607 101 537 2017-12-05T06:08:27.947
607 102 537 2017-12-05T06:08:27.947
396 41 540 2017-12-05T08:44:13.49
396 21 540 2017-12-05T08:44:13.49
396 55 540 2017-12-05T08:44:13.49
396 56 540 2017-12-05T08:44:13.49
191 1 542 2017-12-05T19:12:46.563
461 20 543 2017-12-05T20:37:33.033
461 21 543 2017-12-05T20:37:33.033
461 19 543 2017-12-05T20:37:33.033
471 1 546 2017-12-05T21:39:43.05
471 51 546 2017-12-05T21:39:43.05
461 99 547 2017-12-05T21:47:20.58
461 104 547 2017-12-05T21:47:20.58
308 41 552 2017-12-05T22:50:44.207
308 5 552 2017-12-05T22:50:44.207
461 77 554 2017-12-06T00:40:50.35
693 21 561 2017-12-06T03:51:41.323
693 30 561 2017-12-06T03:51:41.323
693 103 561 2017-12-06T03:51:41.323
630 20 562 2017-12-06T06:12:42.73
630 3 562 2017-12-06T06:12:42.73
630 104 562 2017-12-06T06:12:42.73
166 101 563 2017-12-06T09:13:32.867
483 35 565 2017-12-06T09:54:50.297
607 29 568 2017-12-06T11:23:19.427
607 101 568 2017-12-06T11:23:19.427
607 105 568 2017-12-06T11:23:19.427
60 69 570 2017-12-06T13:59:35.35
60 34 570 2017-12-06T13:59:35.35
60 35 570 2017-12-06T13:59:35.35
60 75 570 2017-12-06T13:59:35.35
630 55 571 2017-12-06T14:01:34.48
630 84 571 2017-12-06T14:01:34.48
483 5 574 2017-12-06T18:22:42.1
483 14 574 2017-12-06T18:22:42.1
483 52 574 2017-12-06T18:22:42.1
396 6 581 2017-12-07T03:38:49.03
396 41 581 2017-12-07T03:38:49.03
396 69 581 2017-12-07T03:38:49.03
396 55 581 2017-12-07T03:38:49.03
396 56 581 2017-12-07T03:38:49.03
10 5 584 2017-12-07T06:42:09.183
10 42 584 2017-12-07T06:42:09.183
10 96 584 2017-12-07T06:42:09.183
10 106 584 2017-12-07T06:42:09.183
607 6 587 2017-12-07T11:42:30.17
607 69 587 2017-12-07T11:42:30.17
607 55 587 2017-12-07T11:42:30.17
607 6 588 2017-12-07T11:55:50.847
607 69 588 2017-12-07T11:55:50.847
607 19 588 2017-12-07T11:55:50.847
292 19 591 2017-12-07T12:41:31.843
459 1 594 2017-12-07T15:05:41.097
459 107 594 2017-12-07T15:05:41.097
483 21 599 2017-12-07T22:54:33.357
483 42 599 2017-12-07T22:54:33.357
483 69 599 2017-12-07T22:54:33.357
483 5 600 2017-12-08T00:06:04.437
483 42 600 2017-12-08T00:06:04.437
483 69 600 2017-12-08T00:06:04.437
283 41 603 2017-12-08T07:36:51.493
483 5 606 2017-12-08T15:12:23.817
259 99 607 2017-12-08T16:30:41.62
259 108 607 2017-12-08T16:30:41.62
519 25 610 2017-12-08T18:59:23.5
519 90 610 2017-12-08T18:59:23.5
283 6 612 2017-12-08T20:10:25.137
283 42 612 2017-12-08T20:10:25.137
283 71 612 2017-12-08T20:10:25.137
459 1 623 2017-12-09T00:14:22.043
459 79 623 2017-12-09T00:14:22.043
483 6 627 2017-12-09T03:55:35.54
483 41 627 2017-12-09T03:55:35.54
483 5 627 2017-12-09T03:55:35.54
483 42 627 2017-12-09T03:55:35.54
549 6 628 2017-12-09T05:00:32.603
549 5 628 2017-12-09T05:00:32.603
549 64 628 2017-12-09T05:00:32.603
549 4 628 2017-12-09T05:00:32.603
241 20 629 2017-12-09T06:26:03.017
241 21 629 2017-12-09T06:26:03.017
241 19 629 2017-12-09T06:26:03.017
241 14 629 2017-12-09T06:26:03.017
771 102 630 2017-12-09T07:16:55.52
747 41 636 2017-12-09T19:27:39.147
747 49 636 2017-12-09T19:27:39.147
358 1 638 2017-12-09T20:14:14.077
283 4 639 2017-12-09T21:49:29.33
283 1 642 2017-12-09T23:01:25.003
283 109 642 2017-12-09T23:01:25.003
789 3 643 2017-12-10T01:22:30.56
789 102 643 2017-12-10T01:22:30.56
789 16 643 2017-12-10T01:22:30.56
470 71 644 2017-12-10T01:37:11.737
519 6 645 2017-12-10T03:12:25.147
519 110 645 2017-12-10T03:12:25.147
519 111 645 2017-12-10T03:12:25.147
727 1 647 2017-12-10T07:31:03.253
727 51 647 2017-12-10T07:31:03.253
727 79 647 2017-12-10T07:31:03.253
483 5 648 2017-12-10T07:32:10.063
483 67 648 2017-12-10T07:32:10.063
727 51 649 2017-12-10T07:49:00.997
727 112 649 2017-12-10T07:49:00.997
483 3 651 2017-12-10T08:15:36.473
483 14 651 2017-12-10T08:15:36.473
483 5 654 2017-12-10T08:51:57.103
483 41 654 2017-12-10T08:51:57.103
483 56 654 2017-12-10T08:51:57.103
483 20 655 2017-12-10T08:59:01.743
483 32 655 2017-12-10T08:59:01.743
483 5 658 2017-12-10T12:09:43.41
483 42 658 2017-12-10T12:09:43.41
483 14 658 2017-12-10T12:09:43.41
483 20 659 2017-12-10T15:14:35.073
483 21 659 2017-12-10T15:14:35.073
483 13 659 2017-12-10T15:14:35.073
806 1 665 2017-12-10T21:15:15.99
108 20 668 2017-12-10T21:56:14.247
699 6 672 2017-12-11T07:31:52.56
699 5 672 2017-12-11T07:31:52.56
699 42 672 2017-12-11T07:31:52.56
813 53 674 2017-12-11T11:13:06.58
713 6 676 2017-12-11T14:33:41.533
713 3 676 2017-12-11T14:33:41.533
713 55 676 2017-12-11T14:33:41.533
713 113 676 2017-12-11T14:33:41.533
459 71 678 2017-12-11T20:16:32.857
259 6 680 2017-12-11T20:35:56.977
259 32 680 2017-12-11T20:35:56.977
259 62 680 2017-12-11T20:35:56.977
483 6 682 2017-12-11T22:21:14.373
483 56 682 2017-12-11T22:21:14.373
483 67 682 2017-12-11T22:21:14.373
483 49 682 2017-12-11T22:21:14.373
126 5 683 2017-12-11T22:30:55.107
126 42 683 2017-12-11T22:30:55.107
727 99 687 2017-12-12T07:38:40.563
483 100 690 2017-12-12T09:17:55.883
483 6 692 2017-12-12T09:53:07.313
483 5 692 2017-12-12T09:53:07.313
828 6 694 2017-12-12T10:14:13.017
828 1 694 2017-12-12T10:14:13.017
828 71 694 2017-12-12T10:14:13.017
828 57 694 2017-12-12T10:14:13.017
483 6 697 2017-12-12T15:53:21.233
483 5 697 2017-12-12T15:53:21.233
483 41 697 2017-12-12T15:53:21.233
483 26 697 2017-12-12T15:53:21.233
10 20 700 2017-12-12T18:39:14.83
10 25 700 2017-12-12T18:39:14.83
839 71 701 2017-12-12T19:50:36.543
822 99 703 2017-12-13T12:09:18.053
822 6 704 2017-12-13T12:23:18.683
822 1 704 2017-12-13T12:23:18.683
839 71 705 2017-12-13T12:40:16.303
343 6 708 2017-12-13T13:07:26.69
343 25 708 2017-12-13T13:07:26.69
343 57 708 2017-12-13T13:07:26.69
343 95 708 2017-12-13T13:07:26.69
343 94 708 2017-12-13T13:07:26.69
334 3 709 2017-12-13T13:38:15.763
334 55 709 2017-12-13T13:38:15.763
334 7 709 2017-12-13T13:38:15.763
839 1 711 2017-12-13T16:12:59.36
839 71 711 2017-12-13T16:12:59.36
839 79 711 2017-12-13T16:12:59.36
839 71 715 2017-12-13T23:07:10.387
839 87 715 2017-12-13T23:07:10.387
727 20 716 2017-12-14T01:26:04.593
727 71 716 2017-12-14T01:26:04.593
727 87 716 2017-12-14T01:26:04.593
727 14 717 2017-12-14T07:50:54.393
60 1 718 2017-12-14T08:59:30.43
60 22 718 2017-12-14T08:59:30.43
60 99 718 2017-12-14T08:59:30.43
483 3 720 2017-12-14T13:48:41.14
483 42 720 2017-12-14T13:48:41.14
483 19 720 2017-12-14T13:48:41.14
839 20 721 2017-12-14T14:02:21.683
839 71 721 2017-12-14T14:02:21.683
218 114 723 2017-12-14T15:17:29.513
483 56 725 2017-12-14T17:59:07.323
483 102 725 2017-12-14T17:59:07.323
483 6 737 2017-12-15T07:39:43.283
483 5 737 2017-12-15T07:39:43.283
483 68 737 2017-12-15T07:39:43.283
218 111 742 2017-12-15T10:48:27.057
875 67 745 2017-12-15T13:54:39.207
875 36 745 2017-12-15T13:54:39.207
102 5 746 2017-12-15T15:55:27.73
102 41 746 2017-12-15T15:55:27.73
102 42 746 2017-12-15T15:55:27.73
102 45 746 2017-12-15T15:55:27.73
727 62 751 2017-12-16T05:44:25.097
727 115 751 2017-12-16T05:44:25.097
483 3 752 2017-12-16T09:06:52.503
483 67 752 2017-12-16T09:06:52.503
483 113 752 2017-12-16T09:06:52.503
868 13 756 2017-12-16T11:54:03.023
868 94 756 2017-12-16T11:54:03.023
483 20 758 2017-12-16T16:20:08.22
483 32 758 2017-12-16T16:20:08.22
483 99 758 2017-12-16T16:20:08.22
727 34 760 2017-12-16T23:37:07.843
727 99 762 2017-12-17T07:06:16.563
727 50 762 2017-12-17T07:06:16.563
727 64 762 2017-12-17T07:06:16.563
885 6 763 2017-12-17T08:21:34.833
885 102 763 2017-12-17T08:21:34.833
885 101 763 2017-12-17T08:21:34.833
483 20 768 2017-12-17T12:24:43.163
483 41 768 2017-12-17T12:24:43.163
212 1 771 2017-12-17T15:52:47.617
212 65 771 2017-12-17T15:52:47.617
891 3 773 2017-12-17T19:00:52.683
891 20 774 2017-12-17T19:10:52.087
891 3 774 2017-12-17T19:10:52.087
352 3 777 2017-12-17T21:00:46.28
352 91 777 2017-12-17T21:00:46.28
352 116 777 2017-12-17T21:00:46.28
483 20 781 2017-12-18T05:33:06.5
483 59 781 2017-12-18T05:33:06.5
896 1 782 2017-12-18T13:19:37.117
896 15 782 2017-12-18T13:19:37.117
305 5 784 2017-12-18T20:43:21.783
305 52 784 2017-12-18T20:43:21.783
305 44 784 2017-12-18T20:43:21.783
747 1 786 2017-12-18T23:39:08.653
747 117 786 2017-12-18T23:39:08.653
747 118 786 2017-12-18T23:39:08.653
868 1 790 2017-12-19T08:34:55.493
868 88 790 2017-12-19T08:34:55.493
901 3 796 2017-12-19T13:55:29.207
901 99 796 2017-12-19T13:55:29.207
898 3 798 2017-12-19T16:21:03.64
898 66 798 2017-12-19T16:21:03.64
898 119 798 2017-12-19T16:21:03.64
35 41 799 2017-12-19T16:44:54.767
868 14 802 2017-12-19T19:07:35.727
868 1 803 2017-12-19T19:23:44.69
868 20 805 2017-12-19T19:55:26.993
483 20 807 2017-12-20T00:10:25.577
483 42 807 2017-12-20T00:10:25.577
305 20 809 2017-12-20T09:17:51.83
305 41 809 2017-12-20T09:17:51.83
305 19 809 2017-12-20T09:17:51.83
305 96 809 2017-12-20T09:17:51.83
305 20 811 2017-12-20T09:58:06.737
305 41 811 2017-12-20T09:58:06.737
305 96 811 2017-12-20T09:58:06.737
108 41 813 2017-12-20T10:48:22.91
108 89 813 2017-12-20T10:48:22.91
108 119 813 2017-12-20T10:48:22.91
906 1 814 2017-12-20T12:54:43.47
906 102 814 2017-12-20T12:54:43.47
908 3 817 2017-12-20T17:09:43.697
19 1 818 2017-12-20T17:17:55.81
19 1 819 2017-12-20T17:24:43.267
919 20 833 2017-12-20T22:51:04.13
919 50 833 2017-12-20T22:51:04.13
919 4 833 2017-12-20T22:51:04.13
868 13 835 2017-12-20T23:04:16.177
868 38 835 2017-12-20T23:04:16.177
923 13 836 2017-12-20T23:12:08.697
929 3 842 2017-12-21T00:22:15.647
955 20 848 2017-12-21T10:21:55.697
955 3 848 2017-12-21T10:21:55.697
955 42 848 2017-12-21T10:21:55.697
956 1 849 2017-12-21T10:38:39.903
956 102 849 2017-12-21T10:38:39.903
956 38 849 2017-12-21T10:38:39.903
956 46 849 2017-12-21T10:38:39.903
956 84 852 2017-12-21T11:31:20.78
58 1 858 2017-12-21T16:33:05.027
58 51 858 2017-12-21T16:33:05.027
58 79 858 2017-12-21T16:33:05.027
58 38 858 2017-12-21T16:33:05.027
747 1 859 2017-12-21T17:09:10.963
747 51 859 2017-12-21T17:09:10.963
747 79 859 2017-12-21T17:09:10.963
19 20 861 2017-12-21T17:37:22.063
19 22 861 2017-12-21T17:37:22.063
58 1 864 2017-12-21T18:32:30.943
241 1 866 2017-12-21T19:26:34.097
241 51 866 2017-12-21T19:26:34.097
940 1 867 2017-12-21T22:15:45.563
940 101 867 2017-12-21T22:15:45.563
940 10 867 2017-12-21T22:15:45.563
940 27 867 2017-12-21T22:15:45.563
940 98 867 2017-12-21T22:15:45.563
868 117 868 2017-12-21T22:39:59.89
868 1 879 2017-12-22T08:20:56.36
996 20 886 2017-12-22T18:19:57.763
996 41 886 2017-12-22T18:19:57.763
996 21 886 2017-12-22T18:19:57.763
996 30 886 2017-12-22T18:19:57.763
963 1 887 2017-12-22T23:13:46.64
963 87 887 2017-12-22T23:13:46.64
1000 41 888 2017-12-22T23:45:33.97
908 102 889 2017-12-23T00:17:07.463
908 94 889 2017-12-23T00:17:07.463
908 95 889 2017-12-23T00:17:07.463
993 20 891 2017-12-23T03:16:32.867
993 22 891 2017-12-23T03:16:32.867
868 94 893 2017-12-23T10:53:48.537
868 109 893 2017-12-23T10:53:48.537
483 20 895 2017-12-23T12:25:35.93
483 19 895 2017-12-23T12:25:35.93
483 22 895 2017-12-23T12:25:35.93
900 1 898 2017-12-23T17:03:44.11
900 118 898 2017-12-23T17:03:44.11
868 6 902 2017-12-23T18:44:36.44
868 71 902 2017-12-23T18:44:36.44
767 14 903 2017-12-23T19:33:52.33
908 20 904 2017-12-23T19:44:06.143
908 1 904 2017-12-23T19:44:06.143
901 50 905 2017-12-23T19:53:55.67
901 104 905 2017-12-23T19:53:55.67
944 1 915 2017-12-24T09:53:55.837
994 32 918 2017-12-24T15:00:46.167
994 76 918 2017-12-24T15:00:46.167
994 23 918 2017-12-24T15:00:46.167
994 24 918 2017-12-24T15:00:46.167
305 20 925 2017-12-25T06:07:28.937
305 1 925 2017-12-25T06:07:28.937
305 32 925 2017-12-25T06:07:28.937
633 102 927 2017-12-25T17:42:54.01
633 16 927 2017-12-25T17:42:54.01
1020 5 928 2017-12-25T19:04:05.493
1020 1 928 2017-12-25T19:04:05.493
102 6 929 2017-12-25T21:43:52.79
102 5 929 2017-12-25T21:43:52.79
102 14 929 2017-12-25T21:43:52.79
102 69 929 2017-12-25T21:43:52.79
102 110 929 2017-12-25T21:43:52.79
58 1 930 2017-12-25T22:15:59.047
102 6 937 2017-12-26T19:35:43.103
102 69 937 2017-12-26T19:35:43.103
102 97 937 2017-12-26T19:35:43.103
839 32 943 2017-12-26T20:53:10.107
451 3 944 2017-12-26T21:06:58.787
451 91 944 2017-12-26T21:06:58.787
451 74 944 2017-12-26T21:06:58.787
102 42 945 2017-12-26T21:11:02.38
102 64 945 2017-12-26T21:11:02.38
1041 6 946 2017-12-26T22:22:26.297
1041 3 946 2017-12-26T22:22:26.297
1041 5 946 2017-12-26T22:22:26.297
1106 20 949 2017-12-26T23:05:47.773
1106 42 949 2017-12-26T23:05:47.773
1106 69 949 2017-12-26T23:05:47.773
839 50 953 2017-12-26T23:31:15.093
1098 51 954 2017-12-26T23:37:33.39
1098 112 954 2017-12-26T23:37:33.39
1006 20 956 2017-12-27T00:15:39.14
1006 19 956 2017-12-27T00:15:39.14
1006 120 956 2017-12-27T00:15:39.14
944 41 959 2017-12-27T00:34:27.56
944 70 959 2017-12-27T00:34:27.56
1044 1 965 2017-12-27T01:47:51.98
1044 102 965 2017-12-27T01:47:51.98
1044 38 965 2017-12-27T01:47:51.98
1134 20 967 2017-12-27T02:45:12.79
1134 5 967 2017-12-27T02:45:12.79
1134 42 967 2017-12-27T02:45:12.79
1134 71 967 2017-12-27T02:45:12.79
1134 76 967 2017-12-27T02:45:12.79
1177 3 972 2017-12-27T09:26:20.44
1177 76 972 2017-12-27T09:26:20.44
640 3 975 2017-12-27T09:46:10.79
640 102 975 2017-12-27T09:46:10.79
640 32 975 2017-12-27T09:46:10.79
1183 20 978 2017-12-27T10:28:55.89
1183 29 978 2017-12-27T10:28:55.89
1183 34 978 2017-12-27T10:28:55.89
839 41 981 2017-12-27T11:11:16.487
839 1 981 2017-12-27T11:11:16.487
839 71 981 2017-12-27T11:11:16.487
1045 20 982 2017-12-27T11:33:01.763
1045 41 982 2017-12-27T11:33:01.763
1045 67 982 2017-12-27T11:33:01.763
1000 102 985 2017-12-27T12:00:10.073
839 87 995 2017-12-27T15:20:57.243
839 120 995 2017-12-27T15:20:57.243
1098 3 999 2017-12-27T17:27:51.517
1098 114 999 2017-12-27T17:27:51.517
908 20 1000 2017-12-27T18:03:51.6
908 50 1000 2017-12-27T18:03:51.6
908 23 1000 2017-12-27T18:03:51.6
908 24 1000 2017-12-27T18:03:51.6
1234 20 1001 2017-12-27T18:29:33.373
1234 3 1001 2017-12-27T18:29:33.373
1234 48 1001 2017-12-27T18:29:33.373
1256 41 1016 2017-12-28T03:37:05.633
1256 48 1016 2017-12-28T03:37:05.633
1015 69 1018 2017-12-28T07:58:20.563
1015 76 1018 2017-12-28T07:58:20.563
1015 96 1018 2017-12-28T07:58:20.563
1269 1 1022 2017-12-28T11:05:20.563
1272 3 1026 2017-12-28T12:11:17.567
1272 71 1026 2017-12-28T12:11:17.567
1273 102 1029 2017-12-28T13:22:29.39
1277 16 1033 2017-12-28T14:58:11.117
1278 1 1034 2017-12-28T15:18:34.73
1278 41 1034 2017-12-28T15:18:34.73
1278 88 1034 2017-12-28T15:18:34.73
1098 1 1035 2017-12-28T15:45:32.317
1287 41 1042 2017-12-28T19:30:56.5
1287 88 1042 2017-12-28T19:30:56.5
1287 119 1042 2017-12-28T19:30:56.5
1284 20 1043 2017-12-28T20:49:14.187
1284 41 1043 2017-12-28T20:49:14.187
1284 102 1043 2017-12-28T20:49:14.187
1284 69 1043 2017-12-28T20:49:14.187
1226 41 1044 2017-12-28T20:50:18.723
1292 3 1047 2017-12-29T00:10:24.497
1292 102 1047 2017-12-29T00:10:24.497
1292 94 1047 2017-12-29T00:10:24.497
1092 20 1049 2017-12-29T01:09:02.18
1092 102 1049 2017-12-29T01:09:02.18
1092 113 1049 2017-12-29T01:09:02.18
1295 41 1050 2017-12-29T01:27:17.08
1295 87 1050 2017-12-29T01:27:17.08
1295 45 1050 2017-12-29T01:27:17.08
999 42 1051 2017-12-29T03:02:13.787
1302 35 1054 2017-12-29T06:32:06.47
1302 113 1054 2017-12-29T06:32:06.47
1011 91 1055 2017-12-29T07:45:30.053
1098 51 1059 2017-12-29T09:16:48.293
1098 79 1059 2017-12-29T09:16:48.293
1302 20 1060 2017-12-29T09:16:58.433
1302 41 1060 2017-12-29T09:16:58.433
1045 20 1064 2017-12-29T12:09:47.21
1045 41 1064 2017-12-29T12:09:47.21
1045 6 1064 2017-12-29T12:09:47.21
1045 5 1064 2017-12-29T12:09:47.21
1278 1 1070 2017-12-29T14:11:17.62
1278 119 1070 2017-12-29T14:11:17.62
1332 41 1075 2017-12-29T17:38:38.177
1334 20 1078 2017-12-29T19:42:25.44
1334 22 1078 2017-12-29T19:42:25.44
1056 102 1079 2017-12-29T21:08:44.06
944 41 1081 2017-12-30T01:28:13.037
944 5 1081 2017-12-30T01:28:13.037
1343 102 1083 2017-12-30T04:21:48.923
1343 30 1083 2017-12-30T04:21:48.923
1343 103 1083 2017-12-30T04:21:48.923
148 1 1085 2017-12-30T10:00:54.37
58 1 1089 2017-12-30T19:06:00.12
58 38 1089 2017-12-30T19:06:00.12
1342 1 1093 2017-12-30T22:48:05.847
1342 102 1093 2017-12-30T22:48:05.847
1357 4 1094 2017-12-30T22:56:36.687
1363 20 1098 2017-12-31T14:11:03.007
1363 41 1098 2017-12-31T14:11:03.007
1364 41 1099 2017-12-31T14:36:15.85
1364 102 1099 2017-12-31T14:36:15.85
1364 103 1099 2017-12-31T14:36:15.85
470 55 1100 2017-12-31T16:25:54.743
470 99 1100 2017-12-31T16:25:54.743
470 7 1100 2017-12-31T16:25:54.743
1335 3 1101 2017-12-31T17:08:45.703
1335 38 1101 2017-12-31T17:08:45.703
422 20 1102 2017-12-31T18:42:04.993
633 3 1103 2017-12-31T19:45:37.993
633 16 1103 2017-12-31T19:45:37.993
451 91 1104 2017-12-31T21:38:26.453
318 110 1112 2018-01-01T10:17:15.367
956 1 1115 2018-01-01T13:50:02.337
956 38 1115 2018-01-01T13:50:02.337
1371 80 1116 2018-01-01T14:04:04.217
273 1 1121 2018-01-01T20:54:10.48
1376 71 1122 2018-01-01T21:14:40.793
1376 121 1122 2018-01-01T21:14:40.793
1382 20 1124 2018-01-02T00:23:22.407
1382 1 1124 2018-01-02T00:23:22.407
1382 42 1124 2018-01-02T00:23:22.407
1382 71 1124 2018-01-02T00:23:22.407
968 3 1127 2018-01-02T05:57:01.41
968 76 1127 2018-01-02T05:57:01.41
968 92 1127 2018-01-02T05:57:01.41
1387 41 1131 2018-01-02T11:27:01.77
1387 42 1131 2018-01-02T11:27:01.77
1387 69 1131 2018-01-02T11:27:01.77
483 120 1133 2018-01-02T13:41:27.09
1395 32 1137 2018-01-02T20:46:44.46
1396 20 1139 2018-01-02T21:35:28.277
1334 41 1146 2018-01-02T23:49:04.8
1334 1 1146 2018-01-02T23:49:04.8
1334 32 1146 2018-01-02T23:49:04.8
1403 6 1149 2018-01-03T09:48:22.703
1403 69 1149 2018-01-03T09:48:22.703
1403 14 1149 2018-01-03T09:48:22.703
968 20 1151 2018-01-03T16:10:03.967
968 3 1151 2018-01-03T16:10:03.967
968 6 1151 2018-01-03T16:10:03.967
968 70 1151 2018-01-03T16:10:03.967
968 16 1151 2018-01-03T16:10:03.967
1406 41 1154 2018-01-04T09:41:04.137
1406 67 1154 2018-01-04T09:41:04.137
1406 15 1154 2018-01-04T09:41:04.137
896 20 1157 2018-01-04T10:56:09.333
896 21 1157 2018-01-04T10:56:09.333
896 22 1157 2018-01-04T10:56:09.333
896 20 1160 2018-01-04T14:47:02.353
896 21 1160 2018-01-04T14:47:02.353
896 22 1160 2018-01-04T14:47:02.353
308 5 1161 2018-01-04T16:54:33.403
1421 20 1170 2018-01-05T17:30:49.987
1421 122 1170 2018-01-05T17:30:49.987
451 1 1175 2018-01-06T05:52:26.077
451 13 1175 2018-01-06T05:52:26.077
451 67 1175 2018-01-06T05:52:26.077
1098 6 1177 2018-01-06T13:28:56.617
1098 114 1177 2018-01-06T13:28:56.617
1418 6 1178 2018-01-06T14:30:59.663
1418 42 1178 2018-01-06T14:30:59.663
1418 69 1178 2018-01-06T14:30:59.663
1418 110 1178 2018-01-06T14:30:59.663
1015 42 1180 2018-01-06T16:01:08.543
1015 64 1180 2018-01-06T16:01:08.543
1015 50 1187 2018-01-07T14:12:49.103
1334 1 1192 2018-01-08T03:07:48.36
1272 76 1193 2018-01-08T03:36:18.487
1272 105 1193 2018-01-08T03:36:18.487
1272 3 1194 2018-01-08T04:37:34.627
1272 104 1194 2018-01-08T04:37:34.627
283 6 1195 2018-01-08T05:11:28.05
283 62 1195 2018-01-08T05:11:28.05
1444 20 1196 2018-01-08T05:31:11.973
1444 3 1196 2018-01-08T05:31:11.973
1444 55 1196 2018-01-08T05:31:11.973
1446 1 1197 2018-01-08T06:37:57.137
1447 41 1200 2018-01-08T08:37:33.727
1447 13 1200 2018-01-08T08:37:33.727
1442 6 1201 2018-01-08T09:50:32.46
1442 102 1201 2018-01-08T09:50:32.46
1449 62 1203 2018-01-08T13:03:49.563
1449 64 1203 2018-01-08T13:03:49.563
1015 41 1213 2018-01-09T08:35:39.823
1015 71 1213 2018-01-09T08:35:39.823
1015 96 1213 2018-01-09T08:35:39.823
1451 20 1214 2018-01-09T09:14:23.943
1451 71 1214 2018-01-09T09:14:23.943
1459 71 1216 2018-01-09T10:02:49.133
1459 102 1216 2018-01-09T10:02:49.133
896 84 1218 2018-01-09T10:39:10.223
341 1 1221 2018-01-09T16:01:27.637
341 102 1221 2018-01-09T16:01:27.637
60 42 1222 2018-01-09T16:29:43.703
60 96 1222 2018-01-09T16:29:43.703
60 106 1222 2018-01-09T16:29:43.703
1335 102 1226 2018-01-10T07:55:19.113
10 20 1229 2018-01-10T15:12:18.417
10 71 1229 2018-01-10T15:12:18.417
1475 102 1234 2018-01-11T15:56:07.197
1478 20 1239 2018-01-12T07:34:52.197
1478 22 1239 2018-01-12T07:34:52.197
60 20 1240 2018-01-12T08:01:15.39
60 50 1240 2018-01-12T08:01:15.39
60 17 1240 2018-01-12T08:01:15.39
60 6 1241 2018-01-12T08:09:37.97
60 50 1241 2018-01-12T08:09:37.97
60 64 1241 2018-01-12T08:09:37.97
60 20 1242 2018-01-12T08:32:46.837
60 50 1242 2018-01-12T08:32:46.837
60 92 1242 2018-01-12T08:32:46.837
60 31 1242 2018-01-12T08:32:46.837
178 1 1243 2018-01-12T11:09:00.227
178 41 1243 2018-01-12T11:09:00.227
178 52 1243 2018-01-12T11:09:00.227
1475 102 1245 2018-01-12T12:09:07.557
741 6 1247 2018-01-12T16:45:24.11
741 69 1247 2018-01-12T16:45:24.11
741 60 1247 2018-01-12T16:45:24.11
1483 5 1251 2018-01-12T19:39:27.243
1483 3 1254 2018-01-12T20:38:44.007
1483 21 1254 2018-01-12T20:38:44.007
1482 8 1255 2018-01-12T20:53:30.667
1308 1 1256 2018-01-12T21:29:25.903
1308 105 1256 2018-01-12T21:29:25.903
1288 1 1259 2018-01-12T23:03:30.407
1288 40 1259 2018-01-12T23:03:30.407
1288 86 1259 2018-01-12T23:03:30.407
1483 21 1262 2018-01-13T03:29:10.48
1483 55 1262 2018-01-13T03:29:10.48
60 20 1266 2018-01-13T10:15:08.967
60 6 1266 2018-01-13T10:15:08.967
60 42 1266 2018-01-13T10:15:08.967
60 92 1266 2018-01-13T10:15:08.967
60 20 1267 2018-01-13T10:38:24.647
60 6 1267 2018-01-13T10:38:24.647
60 50 1267 2018-01-13T10:38:24.647
60 19 1267 2018-01-13T10:38:24.647
60 10 1267 2018-01-13T10:38:24.647
839 41 1272 2018-01-13T13:32:29.48
839 1 1272 2018-01-13T13:32:29.48
1015 53 1273 2018-01-13T13:46:12.143
1334 99 1276 2018-01-13T15:14:33.96
1334 105 1276 2018-01-13T15:14:33.96
1382 20 1281 2018-01-14T15:36:52.4
1382 102 1281 2018-01-14T15:36:52.4
1382 19 1281 2018-01-14T15:36:52.4
1382 120 1281 2018-01-14T15:36:52.4
1493 3 1282 2018-01-14T16:55:45.08
1493 116 1282 2018-01-14T16:55:45.08
212 3 1285 2018-01-14T18:36:14.523
212 55 1285 2018-01-14T18:36:14.523
212 7 1285 2018-01-14T18:36:14.523
1493 102 1286 2018-01-14T23:49:33.09
1493 116 1286 2018-01-14T23:49:33.09
1497 102 1287 2018-01-15T00:00:37.24
1497 99 1287 2018-01-15T00:00:37.24
1497 101 1287 2018-01-15T00:00:37.24
1497 63 1287 2018-01-15T00:00:37.24
1376 79 1293 2018-01-15T02:43:11.903
1493 102 1295 2018-01-15T15:17:33.08
1493 116 1295 2018-01-15T15:17:33.08
1421 122 1296 2018-01-15T15:25:42.25
1493 102 1299 2018-01-15T16:02:18.727
1493 116 1299 2018-01-15T16:02:18.727
1507 16 1301 2018-01-15T17:48:50.433
1507 88 1301 2018-01-15T17:48:50.433
1507 109 1301 2018-01-15T17:48:50.433
1493 102 1303 2018-01-15T18:21:53.703
1493 116 1303 2018-01-15T18:21:53.703
1503 41 1307 2018-01-15T19:30:17.867
1511 5 1308 2018-01-15T20:41:35.537
1493 102 1311 2018-01-15T21:49:48.2
1493 116 1311 2018-01-15T21:49:48.2
1457 41 1312 2018-01-15T22:02:04.35
839 1 1314 2018-01-15T23:22:01.197
839 2 1314 2018-01-15T23:22:01.197
1512 102 1315 2018-01-16T06:01:53.29
1512 71 1315 2018-01-16T06:01:53.29
896 1 1320 2018-01-16T15:41:54.363
896 102 1320 2018-01-16T15:41:54.363
896 36 1320 2018-01-16T15:41:54.363
1517 20 1321 2018-01-16T17:37:14.78
1517 41 1321 2018-01-16T17:37:14.78
1517 21 1321 2018-01-16T17:37:14.78
1519 3 1325 2018-01-16T21:52:32.77
1519 51 1325 2018-01-16T21:52:32.77
1519 34 1325 2018-01-16T21:52:32.77
1092 1 1326 2018-01-17T17:11:32.533
1092 13 1326 2018-01-17T17:11:32.533
1092 46 1326 2018-01-17T17:11:32.533
1493 102 1329 2018-01-17T20:41:16.11
1493 99 1329 2018-01-17T20:41:16.11
1493 116 1329 2018-01-17T20:41:16.11
1493 63 1329 2018-01-17T20:41:16.11
318 110 1330 2018-01-18T08:21:47.667
1537 20 1332 2018-01-18T18:08:57.227
1537 41 1332 2018-01-18T18:08:57.227
1537 3 1332 2018-01-18T18:08:57.227
1537 42 1332 2018-01-18T18:08:57.227
1489 87 1333 2018-01-18T18:37:57.403
1489 46 1333 2018-01-18T18:37:57.403
1538 41 1334 2018-01-18T18:42:25.657
1538 30 1334 2018-01-18T18:42:25.657
1544 20 1337 2018-01-19T22:28:27.577
1544 3 1337 2018-01-19T22:28:27.577
1549 20 1339 2018-01-20T14:52:51.5
839 123 1340 2018-01-20T18:41:39.493
941 1 1346 2018-01-21T19:31:07.613
1334 20 1348 2018-01-22T02:01:21.263
1334 1 1348 2018-01-22T02:01:21.263
1334 12 1348 2018-01-22T02:01:21.263
1334 15 1349 2018-01-22T02:41:43.57
1334 105 1349 2018-01-22T02:41:43.57
1334 78 1349 2018-01-22T02:41:43.57
1369 71 1354 2018-01-22T16:10:30.933
1369 50 1354 2018-01-22T16:10:30.933
1369 31 1354 2018-01-22T16:10:30.933
1334 3 1355 2018-01-22T17:46:47.007
1334 42 1355 2018-01-22T17:46:47.007
839 20 1359 2018-01-22T22:49:40.253
839 1 1359 2018-01-22T22:49:40.253
839 41 1359 2018-01-22T22:49:40.253
839 3 1359 2018-01-22T22:49:40.253
839 1 1363 2018-01-23T23:54:24.75
839 50 1363 2018-01-23T23:54:24.75
896 102 1364 2018-01-24T08:04:31.96
896 36 1364 2018-01-24T08:04:31.96
1561 20 1365 2018-01-24T11:50:39.67
1561 35 1365 2018-01-24T11:50:39.67
1561 74 1365 2018-01-24T11:50:39.67
883 1 1366 2018-01-24T13:05:04.483
883 102 1366 2018-01-24T13:05:04.483
883 7 1366 2018-01-24T13:05:04.483
1041 20 1368 2018-01-24T19:33:15.09
1041 41 1368 2018-01-24T19:33:15.09
1041 3 1368 2018-01-24T19:33:15.09
1041 21 1368 2018-01-24T19:33:15.09
1041 14 1368 2018-01-24T19:33:15.09
1015 42 1370 2018-01-25T03:35:50.56
1562 13 1371 2018-01-25T05:19:28.01
1562 13 1372 2018-01-25T06:29:06.533
1569 42 1376 2018-01-25T23:19:02.62
1569 52 1376 2018-01-25T23:19:02.62
630 3 1377 2018-01-26T00:17:24.46
630 51 1377 2018-01-26T00:17:24.46
1570 76 1379 2018-01-26T08:30:19.043
1014 20 1384 2018-01-27T15:11:43.213
1014 87 1384 2018-01-27T15:11:43.213
60 20 1387 2018-01-27T21:18:59.193
60 50 1387 2018-01-27T21:18:59.193
60 32 1387 2018-01-27T21:18:59.193
60 71 1388 2018-01-27T21:27:00.55
60 14 1388 2018-01-27T21:27:00.55
60 19 1388 2018-01-27T21:27:00.55
60 87 1388 2018-01-27T21:27:00.55
60 4 1388 2018-01-27T21:27:00.55
618 20 1389 2018-01-27T22:55:33.857
941 8 1390 2018-01-27T23:58:31.733
1579 1 1391 2018-01-28T10:54:28.67
1579 102 1399 2018-01-28T16:27:56.04
839 1 1401 2018-01-28T19:08:14.857
839 14 1401 2018-01-28T19:08:14.857
640 44 1403 2018-01-28T23:46:11.497
1308 1 1406 2018-01-29T07:32:24.487
1308 14 1406 2018-01-29T07:32:24.487
1583 14 1407 2018-01-29T10:30:50.627
1586 1 1410 2018-01-29T16:45:51.577
1586 40 1410 2018-01-29T16:45:51.577
731 1 1413 2018-01-30T13:11:21.133
731 102 1413 2018-01-30T13:11:21.133
745 71 1414 2018-01-30T13:15:14.177
745 87 1414 2018-01-30T13:15:14.177
1591 42 1418 2018-01-30T20:28:44.7
1591 71 1418 2018-01-30T20:28:44.7
1591 14 1418 2018-01-30T20:28:44.7
1591 76 1418 2018-01-30T20:28:44.7
1591 52 1418 2018-01-30T20:28:44.7
839 3 1422 2018-01-31T08:09:45.17
839 71 1422 2018-01-31T08:09:45.17
839 114 1422 2018-01-31T08:09:45.17
839 1 1426 2018-02-01T01:00:19.117
1596 20 1429 2018-02-01T17:41:55.433
1596 22 1429 2018-02-01T17:41:55.433
1596 32 1429 2018-02-01T17:41:55.433
1015 71 1431 2018-02-02T04:28:31.043
1015 76 1431 2018-02-02T04:28:31.043
1015 53 1431 2018-02-02T04:28:31.043
1041 41 1434 2018-02-02T22:19:00.443
1041 6 1434 2018-02-02T22:19:00.443
1041 102 1434 2018-02-02T22:19:00.443
1041 49 1434 2018-02-02T22:19:00.443
1487 102 1437 2018-02-03T12:04:48.91
1487 36 1437 2018-02-03T12:04:48.91
1487 34 1437 2018-02-03T12:04:48.91
1601 102 1440 2018-02-03T19:14:24.71
1246 32 1441 2018-02-04T03:37:46.033
1604 20 1445 2018-02-05T04:54:55.783
1604 124 1445 2018-02-05T04:54:55.783
1605 53 1446 2018-02-05T06:14:03.673
1609 51 1450 2018-02-05T14:58:04.637
1609 2 1450 2018-02-05T14:58:04.637
1612 7 1453 2018-02-06T06:33:29.197
868 42 1454 2018-02-06T11:45:17.327
868 71 1454 2018-02-06T11:45:17.327
868 76 1454 2018-02-06T11:45:17.327
19 6 1455 2018-02-06T18:24:54.967
19 69 1455 2018-02-06T18:24:54.967
1583 20 1459 2018-02-07T18:25:56.22
1583 22 1459 2018-02-07T18:25:56.22
314 41 1462 2018-02-08T12:31:23.82
314 49 1462 2018-02-08T12:31:23.82
364 125 1464 2018-02-08T19:00:32.957
1626 69 1465 2018-02-08T20:19:55
1626 92 1465 2018-02-08T20:19:55
1626 110 1465 2018-02-08T20:19:55
1626 111 1465 2018-02-08T20:19:55
1626 60 1465 2018-02-08T20:19:55
10 1 1469 2018-02-08T21:52:26.96
10 109 1469 2018-02-08T21:52:26.96
1631 102 1470 2018-02-08T23:31:23.787
1334 20 1471 2018-02-09T02:20:10.373
1334 50 1471 2018-02-09T02:20:10.373
1334 23 1471 2018-02-09T02:20:10.373
1334 24 1471 2018-02-09T02:20:10.373
1583 64 1474 2018-02-09T10:29:40.567
1583 61 1474 2018-02-09T10:29:40.567
1635 3 1476 2018-02-09T10:38:38.753
1635 55 1476 2018-02-09T10:38:38.753
956 102 1477 2018-02-09T10:45:36.987
1623 41 1481 2018-02-09T20:51:30.53
1623 5 1481 2018-02-09T20:51:30.53
1623 42 1481 2018-02-09T20:51:30.53
1623 71 1481 2018-02-09T20:51:30.53
19 3 1483 2018-02-09T23:38:46.59
19 102 1483 2018-02-09T23:38:46.59
364 125 1486 2018-02-10T20:32:38.82
395 20 1488 2018-02-10T23:18:05.44
395 102 1488 2018-02-10T23:18:05.44
364 125 1489 2018-02-10T23:23:15.067
364 1 1489 2018-02-10T23:23:15.067
364 1 1491 2018-02-10T23:31:50.39
941 76 1495 2018-02-11T05:44:47.19
941 7 1495 2018-02-11T05:44:47.19
941 113 1495 2018-02-11T05:44:47.19
941 1 1496 2018-02-11T06:38:27.727
1638 74 1497 2018-02-11T15:37:31.133
1645 20 1498 2018-02-11T17:00:53.37
1645 21 1498 2018-02-11T17:00:53.37
1645 19 1498 2018-02-11T17:00:53.37
1092 99 1506 2018-02-12T18:05:14.797
1092 16 1506 2018-02-12T18:05:14.797
1569 5 1508 2018-02-12T22:09:21.357
1569 42 1508 2018-02-12T22:09:21.357
1648 41 1512 2018-02-13T01:37:18.47
1648 42 1512 2018-02-13T01:37:18.47
1648 52 1512 2018-02-13T01:37:18.47
941 99 1513 2018-02-13T01:39:51.49
941 72 1513 2018-02-13T01:39:51.49
1334 20 1515 2018-02-13T12:56:45.763
1334 84 1515 2018-02-13T12:56:45.763
1654 102 1516 2018-02-13T13:13:01.923
1654 19 1516 2018-02-13T13:13:01.923
1654 76 1516 2018-02-13T13:13:01.923
941 59 1523 2018-02-13T22:34:36.81
941 72 1523 2018-02-13T22:34:36.81
1663 102 1527 2018-02-15T03:46:47.3
1663 99 1527 2018-02-15T03:46:47.3
1665 102 1529 2018-02-15T12:50:34.78
1665 71 1529 2018-02-15T12:50:34.78
1665 66 1529 2018-02-15T12:50:34.78
1667 3 1530 2018-02-15T14:19:55.853
1667 102 1530 2018-02-15T14:19:55.853
1670 102 1536 2018-02-16T09:54:07.93
1669 16 1538 2018-02-16T11:05:39.78
1663 3 1539 2018-02-16T12:35:07.04
1663 102 1539 2018-02-16T12:35:07.04
1672 41 1542 2018-02-16T20:05:49.543
1672 5 1542 2018-02-16T20:05:49.543
1657 1 1544 2018-02-17T15:03:34.93
1657 6 1544 2018-02-17T15:03:34.93
1675 14 1547 2018-02-18T12:24:51.99
1675 15 1547 2018-02-18T12:24:51.99
364 20 1552 2018-02-18T17:53:33.903
364 126 1552 2018-02-18T17:53:33.903
1092 16 1553 2018-02-18T22:25:55.683
1092 16 1554 2018-02-18T22:47:30.463
1678 20 1558 2018-02-19T15:15:34.523
1678 2 1558 2018-02-19T15:15:34.523
1678 92 1558 2018-02-19T15:15:34.523
1679 20 1561 2018-02-19T19:42:38.69
1679 126 1561 2018-02-19T19:42:38.69
1603 67 1565 2018-02-19T21:40:19.367
1603 85 1565 2018-02-19T21:40:19.367
451 20 1566 2018-02-19T22:12:15.95
451 113 1566 2018-02-19T22:12:15.95
451 104 1566 2018-02-19T22:12:15.95
1683 20 1570 2018-02-21T01:24:35.24
1683 21 1570 2018-02-21T01:24:35.24
956 41 1572 2018-02-21T05:43:15.52
956 49 1572 2018-02-21T05:43:15.52
1684 1 1573 2018-02-21T07:14:26.547
1684 41 1573 2018-02-21T07:14:26.547
1684 71 1573 2018-02-21T07:14:26.547
1684 125 1573 2018-02-21T07:14:26.547
1684 123 1573 2018-02-21T07:14:26.547
1684 1 1574 2018-02-21T07:55:47.583
1684 41 1574 2018-02-21T07:55:47.583
1689 3 1576 2018-02-21T10:31:57.647
1689 14 1576 2018-02-21T10:31:57.647
1689 72 1576 2018-02-21T10:31:57.647
1690 20 1577 2018-02-21T11:09:35.95
1690 14 1577 2018-02-21T11:09:35.95
1690 51 1577 2018-02-21T11:09:35.95
1366 6 1579 2018-02-22T15:15:17.373
1366 69 1579 2018-02-22T15:15:17.373
1695 41 1580 2018-02-22T16:47:49.23
1695 6 1580 2018-02-22T16:47:49.23
1695 5 1580 2018-02-22T16:47:49.23
1543 1 1581 2018-02-22T18:30:46.763
1543 107 1581 2018-02-22T18:30:46.763
1698 71 1586 2018-02-22T23:01:29.143
1698 17 1586 2018-02-22T23:01:29.143
1678 64 1587 2018-02-23T00:46:20.373
839 50 1588 2018-02-23T08:00:53.297
839 64 1588 2018-02-23T08:00:53.297
1543 1 1590 2018-02-23T08:52:20.957
1543 102 1591 2018-02-23T10:08:50.203
1704 1 1595 2018-02-23T23:58:26.143
1704 118 1595 2018-02-23T23:58:26.143
1684 41 1597 2018-02-24T04:24:45.753
1684 125 1597 2018-02-24T04:24:45.753
1684 123 1597 2018-02-24T04:24:45.753
1707 102 1599 2018-02-24T14:18:33.52
1707 116 1599 2018-02-24T14:18:33.52
1711 6 1607 2018-02-25T00:08:45.207
1711 5 1607 2018-02-25T00:08:45.207
1366 69 1618 2018-02-25T13:00:00.283
1366 36 1618 2018-02-25T13:00:00.283
1336 99 1619 2018-02-25T14:16:39.497
1336 116 1619 2018-02-25T14:16:39.497
1334 1 1623 2018-02-25T23:45:52.693
1334 104 1623 2018-02-25T23:45:52.693
1704 1 1624 2018-02-26T01:51:52.24
1704 1 1626 2018-02-26T04:21:42.13
1714 69 1629 2018-02-26T13:33:50.323
1714 2 1629 2018-02-26T13:33:50.323
1704 20 1630 2018-02-26T14:57:08.943
1704 21 1630 2018-02-26T14:57:08.943
1704 19 1630 2018-02-26T14:57:08.943
1704 1 1633 2018-02-27T02:17:34.853
1704 32 1633 2018-02-27T02:17:34.853
318 16 1635 2018-02-27T13:38:02.333
1723 31 1636 2018-02-27T14:32:22.803
1723 73 1636 2018-02-27T14:32:22.803
166 20 1638 2018-02-27T16:32:47.457
166 21 1638 2018-02-27T16:32:47.457
166 32 1638 2018-02-27T16:32:47.457
1543 1 1642 2018-02-27T20:53:19.453
1543 102 1642 2018-02-27T20:53:19.453
1334 99 1644 2018-03-01T00:37:45.197
1334 104 1644 2018-03-01T00:37:45.197
1334 108 1644 2018-03-01T00:37:45.197
1704 1 1645 2018-03-01T04:03:48.737
1704 47 1645 2018-03-01T04:03:48.737
1735 4 1646 2018-03-01T13:48:34.283
1543 1 1648 2018-03-01T18:35:39.65
1543 102 1648 2018-03-01T18:35:39.65
283 127 1649 2018-03-01T19:31:46.53
283 121 1649 2018-03-01T19:31:46.53
1728 3 1651 2018-03-02T07:27:31.393
1738 7 1653 2018-03-02T13:55:58.287
1738 63 1653 2018-03-02T13:55:58.287
1735 20 1654 2018-03-02T18:56:33.057
1735 73 1654 2018-03-02T18:56:33.057
1735 38 1657 2018-03-03T05:53:16.453
1735 118 1657 2018-03-03T05:53:16.453
1735 20 1659 2018-03-03T10:12:45.833
1735 55 1659 2018-03-03T10:12:45.833
1735 20 1662 2018-03-03T19:10:20.51
1735 99 1662 2018-03-03T19:10:20.51
1735 98 1662 2018-03-03T19:10:20.51
1735 102 1664 2018-03-04T07:00:59.037
1735 13 1664 2018-03-04T07:00:59.037
1735 38 1664 2018-03-04T07:00:59.037
1489 71 1670 2018-03-06T22:58:19.717
1489 87 1670 2018-03-06T22:58:19.717
1489 71 1672 2018-03-06T23:42:11.613
1489 87 1672 2018-03-06T23:42:11.613
1751 42 1677 2018-03-08T09:06:56.593
1751 52 1677 2018-03-08T09:06:56.593
1751 36 1677 2018-03-08T09:06:56.593
1041 20 1679 2018-03-08T21:27:20.573
1041 41 1679 2018-03-08T21:27:20.573
1041 42 1679 2018-03-08T21:27:20.573
1041 69 1679 2018-03-08T21:27:20.573
318 102 1681 2018-03-09T15:04:42.693
318 54 1681 2018-03-09T15:04:42.693
659 92 1683 2018-03-10T01:09:07.56
659 60 1683 2018-03-10T01:09:07.56
212 1 1686 2018-03-10T07:56:05.393
212 79 1686 2018-03-10T07:56:05.393
212 118 1686 2018-03-10T07:56:05.393
483 10 1688 2018-03-14T08:15:55.09
483 128 1688 2018-03-14T08:15:55.09
483 129 1688 2018-03-14T08:15:55.09
1777 3 1689 2018-03-15T03:04:13.067
1777 55 1689 2018-03-15T03:04:13.067
1777 116 1689 2018-03-15T03:04:13.067
968 20 1690 2018-03-15T06:53:42.73
968 6 1690 2018-03-15T06:53:42.73
968 92 1690 2018-03-15T06:53:42.73
968 110 1690 2018-03-15T06:53:42.73
968 111 1690 2018-03-15T06:53:42.73
1778 102 1692 2018-03-15T10:00:29.347
1782 20 1696 2018-03-15T21:48:44.04
1782 50 1696 2018-03-15T21:48:44.04
1782 99 1696 2018-03-15T21:48:44.04
1782 23 1696 2018-03-15T21:48:44.04
1782 24 1696 2018-03-15T21:48:44.04
1669 102 1697 2018-03-16T11:56:13.39
1669 16 1697 2018-03-16T11:56:13.39
1669 53 1697 2018-03-16T11:56:13.39
1785 114 1698 2018-03-16T15:48:21.103
1785 122 1698 2018-03-16T15:48:21.103
1785 122 1702 2018-03-18T21:07:51.66
1785 121 1702 2018-03-18T21:07:51.66
273 4 1703 2018-03-19T01:30:40.08
273 81 1703 2018-03-19T01:30:40.08
1790 32 1705 2018-03-19T11:00:16.17
1790 64 1705 2018-03-19T11:00:16.17
1714 3 1707 2018-03-19T12:47:43.087
1714 71 1707 2018-03-19T12:47:43.087
1785 122 1708 2018-03-19T13:10:36.08
273 14 1716 2018-03-20T07:13:42.013
273 52 1716 2018-03-20T07:13:42.013
1609 16 1722 2018-03-23T10:14:26.457
1609 124 1722 2018-03-23T10:14:26.457
956 1 1725 2018-03-24T16:21:26.147
956 109 1725 2018-03-24T16:21:26.147
956 47 1725 2018-03-24T16:21:26.147
1714 3 1727 2018-03-26T21:37:51.813
1714 71 1727 2018-03-26T21:37:51.813
1714 104 1727 2018-03-26T21:37:51.813
273 1 1728 2018-03-27T01:10:42.337
1829 1 1738 2018-04-03T05:43:46.75
1829 102 1738 2018-04-03T05:43:46.75
1829 13 1738 2018-04-03T05:43:46.75
1805 1 1739 2018-04-03T08:24:24.53
1805 20 1739 2018-04-03T08:24:24.53
1805 78 1739 2018-04-03T08:24:24.53
1658 1 1741 2018-04-03T16:32:08.59
1658 16 1741 2018-04-03T16:32:08.59
1658 109 1741 2018-04-03T16:32:08.59
968 41 1745 2018-04-04T12:40:05.687
968 14 1745 2018-04-04T12:40:05.687
1609 16 1746 2018-04-04T12:49:23.567
1738 8 1749 2018-04-06T08:26:16.123
1805 1 1750 2018-04-06T08:52:46.523
1805 20 1750 2018-04-06T08:52:46.523
147 1 1753 2018-04-06T17:39:52.083
147 102 1753 2018-04-06T17:39:52.083
147 13 1753 2018-04-06T17:39:52.083
147 1 1759 2018-04-07T10:02:45.907
147 102 1759 2018-04-07T10:02:45.907
147 13 1759 2018-04-07T10:02:45.907
147 118 1759 2018-04-07T10:02:45.907
147 58 1759 2018-04-07T10:02:45.907
1805 114 1761 2018-04-09T08:17:02.567
1805 66 1761 2018-04-09T08:17:02.567
1848 102 1762 2018-04-09T15:53:56.67
646 20 1768 2018-04-11T12:03:03.167
646 102 1768 2018-04-11T12:03:03.167
646 92 1768 2018-04-11T12:03:03.167
1334 29 1770 2018-04-11T20:59:04.917
1334 44 1770 2018-04-11T20:59:04.917
1334 130 1770 2018-04-11T20:59:04.917
1609 16 1773 2018-04-13T08:07:36.793
1865 22 1776 2018-04-16T19:52:10.523
1865 52 1776 2018-04-16T19:52:10.523
1805 20 1777 2018-04-17T11:31:41.203
1805 73 1777 2018-04-17T11:31:41.203
1062 1 1778 2018-04-17T16:58:51.427
941 16 1780 2018-04-18T03:17:26.713
1805 67 1782 2018-04-18T09:42:28.333
1805 66 1782 2018-04-18T09:42:28.333
147 1 1789 2018-04-20T13:40:02.323
147 102 1789 2018-04-20T13:40:02.323
147 13 1789 2018-04-20T13:40:02.323
147 38 1789 2018-04-20T13:40:02.323
147 79 1789 2018-04-20T13:40:02.323
1876 26 1790 2018-04-20T19:02:06.307
1876 115 1790 2018-04-20T19:02:06.307
1876 102 1791 2018-04-21T16:14:37.907
1876 13 1791 2018-04-21T16:14:37.907
1876 34 1791 2018-04-21T16:14:37.907
1876 131 1791 2018-04-21T16:14:37.907
1879 74 1793 2018-04-22T12:27:29.44
1882 3 1796 2018-04-23T10:56:31.41
1882 102 1796 2018-04-23T10:56:31.41
1882 16 1796 2018-04-23T10:56:31.41
1882 122 1796 2018-04-23T10:56:31.41
1883 41 1797 2018-04-23T18:25:58.583
1883 52 1797 2018-04-23T18:25:58.583
1609 96 1800 2018-04-27T16:49:08.073
273 1 1801 2018-04-27T21:22:52.28
273 71 1801 2018-04-27T21:22:52.28
1543 1 1803 2018-04-28T05:13:27.74
1543 4 1803 2018-04-28T05:13:27.74
1543 29 1803 2018-04-28T05:13:27.74
1543 36 1803 2018-04-28T05:13:27.74
1892 20 1804 2018-04-28T17:51:06.433
1892 41 1804 2018-04-28T17:51:06.433
1892 45 1804 2018-04-28T17:51:06.433
646 20 1805 2018-04-30T11:35:37.43
646 3 1805 2018-04-30T11:35:37.43
646 102 1805 2018-04-30T11:35:37.43
646 92 1805 2018-04-30T11:35:37.43
212 38 1809 2018-05-02T11:46:34.713
212 118 1809 2018-05-02T11:46:34.713
451 20 1812 2018-05-02T23:38:58.103
451 42 1812 2018-05-02T23:38:58.103
451 96 1812 2018-05-02T23:38:58.103
451 106 1812 2018-05-02T23:38:58.103
1905 71 1817 2018-05-03T20:59:22.113
1905 13 1817 2018-05-03T20:59:22.113
1910 1 1820 2018-05-04T18:32:39.097
1910 13 1820 2018-05-04T18:32:39.097
1915 99 1832 2018-05-05T19:05:15.58
1915 108 1832 2018-05-05T19:05:15.58
1714 1 1834 2018-05-06T16:17:35.743
1714 51 1834 2018-05-06T16:17:35.743
1714 2 1834 2018-05-06T16:17:35.743
1917 76 1836 2018-05-06T18:45:19.577
1917 84 1836 2018-05-06T18:45:19.577
1543 64 1842 2018-05-09T02:27:52.223
1543 113 1842 2018-05-09T02:27:52.223
1427 102 1846 2018-05-10T02:08:18.44
1427 6 1846 2018-05-10T02:08:18.44
1427 16 1846 2018-05-10T02:08:18.44
1777 3 1849 2018-05-13T06:16:27.583
1777 55 1849 2018-05-13T06:16:27.583
1777 116 1849 2018-05-13T06:16:27.583
147 1 1850 2018-05-13T08:30:45.857
147 13 1850 2018-05-13T08:30:45.857
147 51 1850 2018-05-13T08:30:45.857
147 12 1850 2018-05-13T08:30:45.857
1938 20 1851 2018-05-14T12:52:44.283
1938 99 1851 2018-05-14T12:52:44.283
1482 50 1852 2018-05-14T17:57:42.777
1482 92 1852 2018-05-14T17:57:42.777
1482 10 1852 2018-05-14T17:57:42.777
1950 102 1855 2018-05-19T16:16:30.12
1950 45 1855 2018-05-19T16:16:30.12
1738 3 1863 2018-05-23T23:05:02.4
1805 32 1864 2018-05-24T13:26:51.31
1805 62 1864 2018-05-24T13:26:51.31
1543 41 1870 2018-05-29T03:28:56.023
1543 56 1870 2018-05-29T03:28:56.023
1973 1 1872 2018-05-31T15:03:25.963
1973 55 1872 2018-05-31T15:03:25.963
1973 31 1872 2018-05-31T15:03:25.963
1543 1 1874 2018-06-01T11:46:23.923
1543 6 1874 2018-06-01T11:46:23.923
1543 32 1874 2018-06-01T11:46:23.923
1543 132 1874 2018-06-01T11:46:23.923
273 20 1875 2018-06-01T19:16:31.33
273 6 1875 2018-06-01T19:16:31.33
273 50 1875 2018-06-01T19:16:31.33
1777 3 1877 2018-06-02T05:27:07.453
1777 6 1877 2018-06-02T05:27:07.453
1777 55 1877 2018-06-02T05:27:07.453
1777 116 1877 2018-06-02T05:27:07.453
1980 16 1879 2018-06-02T20:51:53.08
1981 14 1880 2018-06-03T07:06:51.177
1981 45 1880 2018-06-03T07:06:51.177
273 1 1882 2018-06-03T08:29:19.65
273 42 1882 2018-06-03T08:29:19.65
273 87 1882 2018-06-03T08:29:19.65
451 74 1887 2018-06-05T06:33:54.197
451 133 1887 2018-06-05T06:33:54.197
1658 16 1891 2018-06-05T17:39:49.53
1658 26 1891 2018-06-05T17:39:49.53
1928 6 1895 2018-06-11T21:39:28.12
1928 5 1895 2018-06-11T21:39:28.12
1652 14 1899 2018-06-12T18:06:18.98
1652 14 1900 2018-06-12T19:25:22.167
1652 72 1900 2018-06-12T19:25:22.167
1928 20 1901 2018-06-12T21:41:05.263
1928 22 1901 2018-06-12T21:41:05.263
1928 19 1901 2018-06-12T21:41:05.263
1928 120 1901 2018-06-12T21:41:05.263
1928 20 1903 2018-06-13T12:20:00.82
1928 16 1903 2018-06-13T12:20:00.82
273 87 1904 2018-06-14T04:57:22.573
1928 84 1906 2018-06-14T14:57:10.943
1928 35 1906 2018-06-14T14:57:10.943
1928 33 1906 2018-06-14T14:57:10.943
1928 3 1913 2018-06-19T23:02:21.21
1928 102 1913 2018-06-19T23:02:21.21
1928 87 1913 2018-06-19T23:02:21.21
354 20 1915 2018-06-21T13:33:51.54
354 10 1915 2018-06-21T13:33:51.54
354 20 1916 2018-06-21T13:37:23.39
354 13 1916 2018-06-21T13:37:23.39
354 15 1920 2018-06-22T08:11:27.573
354 31 1920 2018-06-22T08:11:27.573
2025 20 1921 2018-06-23T16:12:25.103
2025 3 1921 2018-06-23T16:12:25.103
2025 13 1921 2018-06-23T16:12:25.103
2025 31 1921 2018-06-23T16:12:25.103
2025 102 1924 2018-06-23T21:08:45.377
2025 109 1924 2018-06-23T21:08:45.377
2026 4 1926 2018-06-24T13:48:41.593
2028 20 1929 2018-06-25T10:48:50.237
2028 102 1929 2018-06-25T10:48:50.237
2028 84 1929 2018-06-25T10:48:50.237
2028 1 1932 2018-06-25T12:12:03.753
2028 102 1932 2018-06-25T12:12:03.753
761 122 1934 2018-06-26T21:56:19.96
2039 20 1944 2018-07-03T10:18:33.6
2039 87 1944 2018-07-03T10:18:33.6
1821 51 1945 2018-07-04T17:22:08.16
1821 2 1945 2018-07-04T17:22:08.16
1821 133 1945 2018-07-04T17:22:08.16
2016 102 1950 2018-07-05T17:11:54.567
2016 87 1950 2018-07-05T17:11:54.567
1062 22 1952 2018-07-06T00:00:21.313
10 1 1954 2018-07-06T21:09:53.59
10 20 1954 2018-07-06T21:09:53.59
10 31 1954 2018-07-06T21:09:53.59
10 62 1955 2018-07-06T21:32:01.067
147 1 1958 2018-07-07T12:07:58.153
147 20 1958 2018-07-07T12:07:58.153
147 13 1958 2018-07-07T12:07:58.153
147 38 1958 2018-07-07T12:07:58.153
1928 74 1960 2018-07-07T20:40:53.387
1928 133 1960 2018-07-07T20:40:53.387
1928 20 1962 2018-07-07T22:11:53.9
1928 102 1962 2018-07-07T22:11:53.9
1928 3 1962 2018-07-07T22:11:53.9
1928 2 1962 2018-07-07T22:11:53.9
1928 20 1964 2018-07-07T22:56:47.883
1928 102 1964 2018-07-07T22:56:47.883
1928 70 1964 2018-07-07T22:56:47.883
1543 3 1969 2018-07-08T15:46:32.003
1543 134 1969 2018-07-08T15:46:32.003
1543 3 1973 2018-07-08T18:56:28.07
1543 3 1976 2018-07-09T09:23:41.337
1543 6 1976 2018-07-09T09:23:41.337
1543 32 1976 2018-07-09T09:23:41.337
1543 2 1976 2018-07-09T09:23:41.337
1543 91 1976 2018-07-09T09:23:41.337
1543 1 1982 2018-07-10T12:46:41.52
1543 3 1982 2018-07-10T12:46:41.52
1543 72 1982 2018-07-10T12:46:41.52
1543 3 1984 2018-07-11T12:04:59.89
1543 6 1984 2018-07-11T12:04:59.89
1543 32 1984 2018-07-11T12:04:59.89
1543 55 1984 2018-07-11T12:04:59.89
1543 1 1988 2018-07-13T17:14:19.853
1543 3 1988 2018-07-13T17:14:19.853
1543 72 1988 2018-07-13T17:14:19.853
1543 135 1988 2018-07-13T17:14:19.853
1943 32 1992 2018-07-15T12:47:52.667
1943 34 1992 2018-07-15T12:47:52.667
1943 136 1992 2018-07-15T12:47:52.667
1943 10 1994 2018-07-15T16:58:26.527
1943 1 1995 2018-07-15T18:08:49.307
1943 34 1995 2018-07-15T18:08:49.307
1943 102 1996 2018-07-15T18:50:35.467
1943 6 1996 2018-07-15T18:50:35.467
1943 34 1996 2018-07-15T18:50:35.467
902 94 2000 2018-07-17T08:54:00.1
902 95 2000 2018-07-17T08:54:00.1
2062 8 2001 2018-07-17T09:07:56.013
2065 3 2005 2018-07-17T23:28:48.893
2065 16 2005 2018-07-17T23:28:48.893
2065 66 2005 2018-07-17T23:28:48.893
1062 46 2008 2018-07-19T23:18:18.727
1943 6 2011 2018-07-21T08:22:08.953
2073 14 2014 2018-07-22T07:52:36.5
1943 2 2015 2018-07-22T09:14:56.52
1543 1 2018 2018-07-22T11:44:19.757
1543 71 2018 2018-07-22T11:44:19.757
1543 76 2018 2018-07-22T11:44:19.757
1543 32 2022 2018-07-22T22:28:06.463
1543 34 2022 2018-07-22T22:28:06.463
1543 1 2023 2018-07-23T00:52:23.737
1543 3 2023 2018-07-23T00:52:23.737
1543 99 2023 2018-07-23T00:52:23.737
1943 6 2025 2018-07-23T06:06:47.993
1943 6 2026 2018-07-23T06:10:00.653
1543 3 2028 2018-07-23T10:04:22.473
1543 72 2028 2018-07-23T10:04:22.473
1943 6 2030 2018-07-24T07:01:01.39
1418 1 2032 2018-07-24T09:20:11.03
1418 71 2032 2018-07-24T09:20:11.03
2065 32 2033 2018-07-24T17:10:23.723
2065 76 2033 2018-07-24T17:10:23.723
1543 1 2037 2018-07-25T01:25:49.14
1543 36 2037 2018-07-25T01:25:49.14
1543 3 2038 2018-07-25T04:21:05.507
1543 113 2038 2018-07-25T04:21:05.507
2065 3 2040 2018-07-25T17:57:21.12
1334 1 2044 2018-07-25T22:56:56.983
1334 137 2044 2018-07-25T22:56:56.983
1334 138 2044 2018-07-25T22:56:56.983
1543 1 2046 2018-07-26T14:49:09.407
1543 51 2046 2018-07-26T14:49:09.407
1543 1 2048 2018-07-26T23:31:20.233
1543 102 2048 2018-07-26T23:31:20.233
796 20 2049 2018-07-27T01:46:36.607
796 3 2049 2018-07-27T01:46:36.607
796 102 2049 2018-07-27T01:46:36.607
796 22 2049 2018-07-27T01:46:36.607
1928 102 2052 2018-07-27T13:46:31.707
1543 1 2054 2018-07-28T23:18:32.657
1543 139 2054 2018-07-28T23:18:32.657
1543 140 2054 2018-07-28T23:18:32.657
1543 1 2055 2018-07-28T23:31:34.207
1543 51 2055 2018-07-28T23:31:34.207
1543 1 2056 2018-07-29T00:12:28.29
1543 20 2056 2018-07-29T00:12:28.29
1543 51 2056 2018-07-29T00:12:28.29
1543 141 2056 2018-07-29T00:12:28.29
1543 1 2057 2018-07-29T00:34:42.393
1543 64 2057 2018-07-29T00:34:42.393
1543 141 2057 2018-07-29T00:34:42.393
1543 1 2058 2018-07-29T02:16:41.55
1543 3 2058 2018-07-29T02:16:41.55
1543 51 2058 2018-07-29T02:16:41.55
1543 55 2058 2018-07-29T02:16:41.55
451 1 2064 2018-08-02T22:00:00.807
451 3 2064 2018-08-02T22:00:00.807
451 142 2064 2018-08-02T22:00:00.807
62 41 2066 2018-08-03T23:26:43.54
62 14 2066 2018-08-03T23:26:43.54
62 13 2066 2018-08-03T23:26:43.54
62 143 2066 2018-08-03T23:26:43.54
62 144 2066 2018-08-03T23:26:43.54
10 3 2070 2018-08-05T10:17:12.433
10 64 2070 2018-08-05T10:17:12.433
1543 2 2072 2018-08-08T10:36:08.133
1543 62 2072 2018-08-08T10:36:08.133
1543 61 2072 2018-08-08T10:36:08.133
1543 51 2074 2018-08-08T12:13:03.943
1543 2 2074 2018-08-08T12:13:03.943
1543 92 2074 2018-08-08T12:13:03.943
1928 20 2075 2018-08-09T13:18:13.557
1928 3 2075 2018-08-09T13:18:13.557
1928 102 2075 2018-08-09T13:18:13.557
1928 7 2075 2018-08-09T13:18:13.557
2099 20 2077 2018-08-10T18:34:22.093
2099 3 2077 2018-08-10T18:34:22.093
1543 20 2079 2018-08-12T08:12:42.68
1543 1 2080 2018-08-12T08:57:15.13
1543 38 2080 2018-08-12T08:57:15.13
1543 55 2081 2018-08-12T10:02:48.037
1543 6 2082 2018-08-12T10:08:35.67
1543 55 2082 2018-08-12T10:08:35.67
1543 114 2082 2018-08-12T10:08:35.67
1543 2 2085 2018-08-12T12:42:11.037
806 1 2086 2018-08-12T14:50:52.967
806 2 2086 2018-08-12T14:50:52.967
806 29 2086 2018-08-12T14:50:52.967
806 145 2086 2018-08-12T14:50:52.967
806 146 2086 2018-08-12T14:50:52.967
1543 51 2096 2018-08-15T15:38:09.837
1543 2 2096 2018-08-15T15:38:09.837
1543 46 2096 2018-08-15T15:38:09.837
1543 51 2098 2018-08-17T09:34:59.063
1543 22 2098 2018-08-17T09:34:59.063
1543 2 2098 2018-08-17T09:34:59.063
1543 22 2100 2018-08-17T19:32:31.573
1543 71 2101 2018-08-18T13:52:23.967
1543 22 2101 2018-08-18T13:52:23.967
1543 22 2102 2018-08-18T14:09:50.643
1543 99 2102 2018-08-18T14:09:50.643
1543 138 2102 2018-08-18T14:09:50.643
1543 32 2107 2018-08-20T08:48:41.76
1543 69 2107 2018-08-20T08:48:41.76
1543 22 2107 2018-08-20T08:48:41.76
1543 96 2107 2018-08-20T08:48:41.76
1543 56 2107 2018-08-20T08:48:41.76
1879 91 2110 2018-08-21T11:46:16.86
2089 20 2113 2018-08-21T23:21:01.993
1543 3 2114 2018-08-21T23:23:38.49
1543 99 2114 2018-08-21T23:23:38.49
1543 1 2117 2018-08-23T10:33:14.487
1543 51 2117 2018-08-23T10:33:14.487
1543 2 2117 2018-08-23T10:33:14.487
1543 6 2118 2018-08-23T10:40:06.147
1543 42 2118 2018-08-23T10:40:06.147
1543 2 2118 2018-08-23T10:40:06.147
1714 6 2121 2018-08-24T11:42:51.36
1714 98 2121 2018-08-24T11:42:51.36
273 32 2122 2018-08-25T03:34:33.533
273 127 2122 2018-08-25T03:34:33.533
973 22 2124 2018-08-26T16:57:50.893
973 51 2124 2018-08-26T16:57:50.893
973 2 2124 2018-08-26T16:57:50.893
1648 41 2125 2018-08-27T12:47:04.063
1714 92 2127 2018-08-28T07:07:44.833
1714 110 2127 2018-08-28T07:07:44.833
2125 41 2129 2018-08-28T15:21:58.4
1543 1 2130 2018-08-28T22:29:29.663
1543 51 2130 2018-08-28T22:29:29.663
1543 99 2130 2018-08-28T22:29:29.663
1543 2 2130 2018-08-28T22:29:29.663
1543 1 2131 2018-08-28T22:35:54.453
1543 3 2131 2018-08-28T22:35:54.453
1543 99 2131 2018-08-28T22:35:54.453
1543 138 2131 2018-08-28T22:35:54.453
