15 1 1 2016-06-21T17:53:40.847
15 2 1 2016-06-21T17:53:40.847
15 3 1 2016-06-21T17:53:40.847
14 4 2 2016-06-21T17:54:23.133
14 5 2 2016-06-21T17:54:23.133
14 6 5 2016-06-21T17:58:39.987
14 7 5 2016-06-21T17:58:39.987
14 8 5 2016-06-21T17:58:39.987
22 9 6 2016-06-21T18:02:51.127
26 1 10 2016-06-21T18:16:35.3
26 10 10 2016-06-21T18:16:35.3
30 1 16 2016-06-21T18:24:04.373
30 11 16 2016-06-21T18:24:04.373
30 2 16 2016-06-21T18:24:04.373
5 1 22 2016-06-21T18:32:50.323
5 12 22 2016-06-21T18:32:50.323
51 13 27 2016-06-21T18:45:06.207
26 8 29 2016-06-21T18:46:10.033
42 14 33 2016-06-21T19:04:59.977
42 15 33 2016-06-21T19:04:59.977
5 16 34 2016-06-21T19:10:26.58
44 17 37 2016-06-21T19:24:52.377
72 18 46 2016-06-21T20:10:08.287
72 13 47 2016-06-21T20:13:52.027
72 19 49 2016-06-21T20:17:07.98
30 1 50 2016-06-21T20:20:18.683
30 11 50 2016-06-21T20:20:18.683
30 2 50 2016-06-21T20:20:18.683
72 20 51 2016-06-21T20:22:29.573
72 12 51 2016-06-21T20:22:29.573
72 13 52 2016-06-21T20:25:21.767
72 21 52 2016-06-21T20:25:21.767
72 4 55 2016-06-21T20:33:59.023
72 20 55 2016-06-21T20:33:59.023
69 10 56 2016-06-21T20:34:20.807
30 1 57 2016-06-21T20:35:34.323
30 11 57 2016-06-21T20:35:34.323
72 13 58 2016-06-21T20:36:35.723
64 1 61 2016-06-21T20:41:24.97
64 10 61 2016-06-21T20:41:24.97
64 22 63 2016-06-21T20:48:10.187
64 23 63 2016-06-21T20:48:10.187
79 13 67 2016-06-21T20:56:24.907
79 21 68 2016-06-21T21:01:53.243
65 24 70 2016-06-21T21:15:12.897
84 24 74 2016-06-21T21:26:49.033
9 13 75 2016-06-21T21:27:19.887
9 21 75 2016-06-21T21:27:19.887
47 13 86 2016-06-21T22:29:39.633
47 21 86 2016-06-21T22:29:39.633
47 11 86 2016-06-21T22:29:39.633
91 1 88 2016-06-21T22:33:34.723
91 15 88 2016-06-21T22:33:34.723
91 20 88 2016-06-21T22:33:34.723
91 1 90 2016-06-21T22:37:05.763
91 10 90 2016-06-21T22:37:05.763
91 15 90 2016-06-21T22:37:05.763
91 20 90 2016-06-21T22:37:05.763
91 1 94 2016-06-21T22:57:42.833
91 25 94 2016-06-21T22:57:42.833
91 26 94 2016-06-21T22:57:42.833
83 1 99 2016-06-21T23:55:55.763
106 23 101 2016-06-22T00:43:53.633
106 13 102 2016-06-22T00:51:00.683
5 1 103 2016-06-22T00:51:46.15
5 17 103 2016-06-22T00:51:46.15
106 27 105 2016-06-22T00:58:46.663
106 23 110 2016-06-22T01:17:13.687
106 23 113 2016-06-22T01:25:05.3
106 28 113 2016-06-22T01:25:05.3
106 3 113 2016-06-22T01:25:05.3
97 13 122 2016-06-22T02:53:13.743
83 11 123 2016-06-22T03:26:27.45
83 29 123 2016-06-22T03:26:27.45
136 21 129 2016-06-22T05:57:49.117
136 30 129 2016-06-22T05:57:49.117
136 16 129 2016-06-22T05:57:49.117
45 1 131 2016-06-22T06:11:11.82
45 5 131 2016-06-22T06:11:11.82
5 21 142 2016-06-22T08:00:43.767
5 30 142 2016-06-22T08:00:43.767
92 30 149 2016-06-22T09:20:43.28
92 30 151 2016-06-22T09:38:23.267
92 7 151 2016-06-22T09:38:23.267
155 31 154 2016-06-22T11:07:34.307
69 32 156 2016-06-22T11:40:44.06
97 1 162 2016-06-22T12:52:49.543
97 10 162 2016-06-22T12:52:49.543
91 21 171 2016-06-22T15:18:21.593
91 1 175 2016-06-22T15:58:31.92
91 12 175 2016-06-22T15:58:31.92
91 33 175 2016-06-22T15:58:31.92
37 34 178 2016-06-22T16:45:09.5
26 1 181 2016-06-22T19:12:23.977
26 10 181 2016-06-22T19:12:23.977
82 13 187 2016-06-22T22:01:31.93
3 13 189 2016-06-22T23:27:26.077
65 13 194 2016-06-23T00:51:46.407
65 35 194 2016-06-23T00:51:46.407
103 1 199 2016-06-23T03:45:24.303
103 10 199 2016-06-23T03:45:24.303
103 36 199 2016-06-23T03:45:24.303
97 1 200 2016-06-23T04:47:00.777
97 10 200 2016-06-23T04:47:00.777
64 26 202 2016-06-23T07:26:52.113
64 1 204 2016-06-23T07:37:47.967
64 11 204 2016-06-23T07:37:47.967
64 15 205 2016-06-23T07:44:17.167
99 37 207 2016-06-23T07:50:04.873
64 38 208 2016-06-23T07:54:18.333
64 39 210 2016-06-23T08:03:13.49
64 21 212 2016-06-23T08:19:33.21
45 1 214 2016-06-23T08:53:53.79
45 15 214 2016-06-23T08:53:53.79
44 1 221 2016-06-23T11:02:33.663
44 9 221 2016-06-23T11:02:33.663
67 40 223 2016-06-23T11:47:48.85
67 41 223 2016-06-23T11:47:48.85
91 1 230 2016-06-23T14:14:31.007
91 33 230 2016-06-23T14:14:31.007
91 29 231 2016-06-23T14:17:17.457
91 42 231 2016-06-23T14:17:17.457
91 1 236 2016-06-23T15:50:03.94
91 3 236 2016-06-23T15:50:03.94
91 16 236 2016-06-23T15:50:03.94
91 3 240 2016-06-23T16:15:05.52
91 43 240 2016-06-23T16:15:05.52
91 44 240 2016-06-23T16:15:05.52
9 1 249 2016-06-23T20:17:24.543
9 45 249 2016-06-23T20:17:24.543
64 38 251 2016-06-24T05:04:24.123
64 46 251 2016-06-24T05:04:24.123
132 15 258 2016-06-24T17:47:58.243
132 20 258 2016-06-24T17:47:58.243
132 38 258 2016-06-24T17:47:58.243
26 15 259 2016-06-24T17:56:28.583
26 20 259 2016-06-24T17:56:28.583
26 38 259 2016-06-24T17:56:28.583
64 15 269 2016-06-25T06:47:11.973
64 9 269 2016-06-25T06:47:11.973
64 9 270 2016-06-25T07:02:23.593
64 1 271 2016-06-25T07:07:45.57
64 9 271 2016-06-25T07:07:45.57
64 47 273 2016-06-25T08:25:18.997
64 2 274 2016-06-25T08:49:52.723
188 1 282 2016-06-25T16:06:26.577
188 43 282 2016-06-25T16:06:26.577
64 30 285 2016-06-25T22:22:10.19
64 48 285 2016-06-25T22:22:10.19
233 10 286 2016-06-25T23:57:07.007
233 49 286 2016-06-25T23:57:07.007
64 21 293 2016-06-26T08:50:34.39
64 50 293 2016-06-26T08:50:34.39
64 1 294 2016-06-26T09:21:15.83
64 1 295 2016-06-26T09:34:09.593
237 2 298 2016-06-26T10:10:31.757
64 15 303 2016-06-26T14:41:52.573
15 16 304 2016-06-26T14:50:58.327
15 51 304 2016-06-26T14:50:58.327
45 29 309 2016-06-27T07:03:18.727
45 42 309 2016-06-27T07:03:18.727
237 1 310 2016-06-27T07:15:14.817
237 2 310 2016-06-27T07:15:14.817
188 30 312 2016-06-27T08:20:50.497
188 30 315 2016-06-27T09:14:08.033
188 4 315 2016-06-27T09:14:08.033
64 46 317 2016-06-27T10:38:34.547
64 52 317 2016-06-27T10:38:34.547
67 40 319 2016-06-27T12:01:42.383
67 32 319 2016-06-27T12:01:42.383
67 53 319 2016-06-27T12:01:42.383
8 48 321 2016-06-27T13:05:31.553
188 1 325 2016-06-27T17:26:45.28
188 9 325 2016-06-27T17:26:45.28
91 54 327 2016-06-27T17:56:44.2
91 55 327 2016-06-27T17:56:44.2
82 13 329 2016-06-27T20:37:57.857
82 16 329 2016-06-27T20:37:57.857
64 55 331 2016-06-27T21:36:34.84
67 53 337 2016-06-28T04:26:02.943
91 13 347 2016-06-28T11:28:19.93
91 1 349 2016-06-28T11:42:36.34
91 56 349 2016-06-28T11:42:36.34
254 13 353 2016-06-28T18:32:38.22
45 1 361 2016-06-29T08:32:39.543
45 16 361 2016-06-29T08:32:39.543
45 3 363 2016-06-29T08:43:06.377
45 43 363 2016-06-29T08:43:06.377
115 3 366 2016-06-29T14:27:08.177
115 43 366 2016-06-29T14:27:08.177
115 53 366 2016-06-29T14:27:08.177
64 9 368 2016-06-29T19:54:32.413
64 9 370 2016-06-29T20:14:31.493
64 1 371 2016-06-29T20:20:03.66
64 9 372 2016-06-29T20:52:13.637
82 57 374 2016-06-29T21:57:33.103
145 13 379 2016-06-30T00:47:12.25
103 53 380 2016-06-30T01:20:32.063
254 13 384 2016-06-30T04:37:37.843
115 3 387 2016-06-30T06:46:40.247
115 53 387 2016-06-30T06:46:40.247
44 1 392 2016-06-30T18:47:04.77
44 16 392 2016-06-30T18:47:04.77
44 3 394 2016-06-30T19:00:23.657
44 53 394 2016-06-30T19:00:23.657
44 48 394 2016-06-30T19:00:23.657
188 23 396 2016-07-01T05:00:30.48
103 53 401 2016-07-01T13:37:48.91
103 29 401 2016-07-01T13:37:48.91
237 1 403 2016-07-02T05:01:29.85
237 2 403 2016-07-02T05:01:29.85
219 1 406 2016-07-02T08:01:54.437
188 13 410 2016-07-02T19:03:07.46
237 13 414 2016-07-03T09:41:15.057
219 40 415 2016-07-03T19:48:02.263
219 43 415 2016-07-03T19:48:02.263
237 13 420 2016-07-04T14:39:36.723
237 58 420 2016-07-04T14:39:36.723
64 15 422 2016-07-04T22:16:48.99
64 15 423 2016-07-04T22:28:18.147
97 1 424 2016-07-05T00:55:45.09
97 28 424 2016-07-05T00:55:45.09
97 59 424 2016-07-05T00:55:45.09
97 1 426 2016-07-05T02:46:21.663
97 59 426 2016-07-05T02:46:21.663
188 28 431 2016-07-06T07:01:17.99
64 40 432 2016-07-06T07:26:59.937
64 2 432 2016-07-06T07:26:59.937
64 11 433 2016-07-06T07:36:19.877
64 15 435 2016-07-06T07:46:02.8
64 33 435 2016-07-06T07:46:02.8
64 60 436 2016-07-06T07:53:06.98
26 13 444 2016-07-06T20:14:01.927
26 57 444 2016-07-06T20:14:01.927
64 1 446 2016-07-07T06:39:45.603
64 11 446 2016-07-07T06:39:45.603
64 40 447 2016-07-07T06:51:14.413
64 23 447 2016-07-07T06:51:14.413
64 38 448 2016-07-07T07:54:43.89
83 23 451 2016-07-07T08:23:26.757
64 1 456 2016-07-08T08:20:34.307
64 27 456 2016-07-08T08:20:34.307
64 15 457 2016-07-08T08:27:44.407
26 11 463 2016-07-08T22:38:48.353
26 61 463 2016-07-08T22:38:48.353
91 32 468 2016-07-09T08:17:49.693
91 26 468 2016-07-09T08:17:49.693
91 25 468 2016-07-09T08:17:49.693
91 62 468 2016-07-09T08:17:49.693
64 10 471 2016-07-11T07:54:13.84
64 10 472 2016-07-11T08:07:09.127
99 1 473 2016-07-11T09:33:41.777
219 53 479 2016-07-12T08:45:47.113
219 3 479 2016-07-12T08:45:47.113
219 2 479 2016-07-12T08:45:47.113
97 6 482 2016-07-12T09:43:39.467
188 1 483 2016-07-12T12:21:30.5
188 11 483 2016-07-12T12:21:30.5
282 13 486 2016-07-12T17:39:06.687
64 10 488 2016-07-12T20:28:53.61
64 63 488 2016-07-12T20:28:53.61
64 40 492 2016-07-13T07:07:19.85
64 1 493 2016-07-13T07:46:12.863
64 23 494 2016-07-13T07:55:06.203
64 1 501 2016-07-14T08:39:53.833
83 39 502 2016-07-14T09:03:47.45
83 64 502 2016-07-14T09:03:47.45
237 1 506 2016-07-14T17:40:47.467
237 2 506 2016-07-14T17:40:47.467
237 1 507 2016-07-14T18:04:02.507
64 1 511 2016-07-15T06:43:22.47
64 36 511 2016-07-15T06:43:22.47
64 1 513 2016-07-15T07:29:59.657
64 40 514 2016-07-15T07:52:01.603
64 65 514 2016-07-15T07:52:01.603
120 1 520 2016-07-15T13:56:45.163
99 1 528 2016-07-16T08:14:13.557
99 26 528 2016-07-16T08:14:13.557
303 36 533 2016-07-17T17:15:23.833
303 66 533 2016-07-17T17:15:23.833
306 55 537 2016-07-17T20:14:15.94
103 13 538 2016-07-18T01:59:09.01
103 7 538 2016-07-18T01:59:09.01
64 40 545 2016-07-19T07:44:20.5
64 1 546 2016-07-19T08:08:06.39
64 40 546 2016-07-19T08:08:06.39
64 15 548 2016-07-19T08:18:15.14
64 40 548 2016-07-19T08:18:15.14
237 1 555 2016-07-20T04:55:29.23
237 2 555 2016-07-20T04:55:29.23
237 2 556 2016-07-20T05:33:51.043
219 1 559 2016-07-20T07:26:38.663
219 2 559 2016-07-20T07:26:38.663
64 1 561 2016-07-20T07:52:41.763
64 9 561 2016-07-20T07:52:41.763
64 40 565 2016-07-20T08:23:58.39
237 2 575 2016-07-21T05:15:13.82
237 53 575 2016-07-21T05:15:13.82
83 13 578 2016-07-21T07:41:30.253
97 1 581 2016-07-21T11:51:07.6
97 10 581 2016-07-21T11:51:07.6
97 38 581 2016-07-21T11:51:07.6
64 1 584 2016-07-22T07:43:13.297
64 11 585 2016-07-22T07:55:54.95
64 20 586 2016-07-22T08:09:39.983
64 40 587 2016-07-22T08:20:35.437
219 13 588 2016-07-22T13:15:15.947
64 2 593 2016-07-23T08:26:25.1
64 2 594 2016-07-23T08:47:44.507
64 1 595 2016-07-23T09:38:28.95
64 67 595 2016-07-23T09:38:28.95
64 1 598 2016-07-23T13:46:54.73
339 40 600 2016-07-25T04:15:12.747
83 40 602 2016-07-25T07:00:03.76
83 53 602 2016-07-25T07:00:03.76
83 3 602 2016-07-25T07:00:03.76
310 53 606 2016-07-25T14:53:06.333
310 31 606 2016-07-25T14:53:06.333
91 11 614 2016-07-27T09:47:20.613
91 68 614 2016-07-27T09:47:20.613
282 13 615 2016-07-27T16:50:24.42
91 11 619 2016-07-28T09:34:53.497
91 29 619 2016-07-28T09:34:53.497
91 42 619 2016-07-28T09:34:53.497
97 20 620 2016-07-28T09:49:28.813
97 69 620 2016-07-28T09:49:28.813
97 40 629 2016-07-29T05:51:52.937
97 23 629 2016-07-29T05:51:52.937
237 1 634 2016-07-30T01:35:15.763
237 26 634 2016-07-30T01:35:15.763
237 70 634 2016-07-30T01:35:15.763
20 40 640 2016-08-01T12:28:02.027
20 3 640 2016-08-01T12:28:02.027
20 48 640 2016-08-01T12:28:02.027
355 21 643 2016-08-01T16:00:20.537
355 25 643 2016-08-01T16:00:20.537
344 41 648 2016-08-02T05:14:37.117
219 55 649 2016-08-02T12:17:33.17
219 71 649 2016-08-02T12:17:33.17
105 30 652 2016-08-02T13:00:52.7
237 1 659 2016-08-03T10:19:53.813
237 2 659 2016-08-03T10:19:53.813
237 3 659 2016-08-03T10:19:53.813
83 40 1660 2016-08-04T05:30:40.813
83 3 1660 2016-08-04T05:30:40.813
303 21 1664 2016-08-05T17:32:30.697
69 12 1667 2016-08-08T12:13:23.383
69 33 1667 2016-08-08T12:13:23.383
64 30 1669 2016-08-08T19:17:04.527
64 30 1670 2016-08-08T19:40:08.113
64 72 1670 2016-08-08T19:40:08.113
64 73 1670 2016-08-08T19:40:08.113
64 30 1672 2016-08-08T20:01:37.4
91 11 1676 2016-08-09T19:30:00.673
91 68 1676 2016-08-09T19:30:00.673
161 40 1678 2016-08-10T00:02:47.917
161 11 1678 2016-08-10T00:02:47.917
97 40 1685 2016-08-15T03:42:05.52
97 23 1685 2016-08-15T03:42:05.52
91 1 1688 2016-08-17T11:20:06.177
91 10 1688 2016-08-17T11:20:06.177
91 42 1688 2016-08-17T11:20:06.177
132 1 1690 2016-08-17T12:30:12.447
132 42 1690 2016-08-17T12:30:12.447
310 2 1697 2016-08-19T20:55:43.643
64 4 1711 2016-08-23T08:08:43.767
237 2 1713 2016-08-23T11:59:02.93
237 9 1713 2016-08-23T11:59:02.93
310 53 1716 2016-08-24T03:50:31.963
310 9 1716 2016-08-24T03:50:31.963
310 53 1721 2016-08-26T04:22:25.55
310 74 1721 2016-08-26T04:22:25.55
64 40 1722 2016-08-26T07:52:11.713
310 23 1730 2016-08-27T06:54:36.04
64 11 1733 2016-08-27T09:34:25.12
64 7 1733 2016-08-27T09:34:25.12
64 75 1733 2016-08-27T09:34:25.12
64 76 1734 2016-08-27T09:51:29.64
64 1 1738 2016-08-28T07:38:22.437
64 1 1739 2016-08-28T07:45:37.12
64 11 1739 2016-08-28T07:45:37.12
64 23 1739 2016-08-28T07:45:37.12
64 40 1740 2016-08-28T08:05:35.217
64 53 1740 2016-08-28T08:05:35.217
64 52 1740 2016-08-28T08:05:35.217
64 1 1742 2016-08-28T08:55:17.27
310 3 1749 2016-08-29T11:24:59.37
310 2 1749 2016-08-29T11:24:59.37
310 77 1749 2016-08-29T11:24:59.37
310 56 1749 2016-08-29T11:24:59.37
26 2 1768 2016-08-31T14:37:35.59
26 53 1768 2016-08-31T14:37:35.59
26 42 1768 2016-08-31T14:37:35.59
91 1 1774 2016-09-01T03:47:59.423
64 1 1775 2016-09-01T07:20:07.32
91 1 1777 2016-09-01T11:31:40.543
91 23 1777 2016-09-01T11:31:40.543
310 13 1785 2016-09-03T10:29:00.893
310 53 1789 2016-09-04T13:17:31.237
310 2 1789 2016-09-04T13:17:31.237
310 78 1789 2016-09-04T13:17:31.237
237 1 1797 2016-09-07T15:28:18.497
237 2 1797 2016-09-07T15:28:18.497
237 9 1797 2016-09-07T15:28:18.497
83 1 1798 2016-09-08T02:04:35.383
83 41 1798 2016-09-08T02:04:35.383
310 53 1801 2016-09-08T19:17:02.007
310 9 1801 2016-09-08T19:17:02.007
444 1 1805 2016-09-09T19:09:21.59
444 10 1805 2016-09-09T19:09:21.59
310 53 1806 2016-09-09T19:24:37.163
451 55 1815 2016-09-15T09:54:37.423
103 40 1818 2016-09-16T20:20:42.003
103 53 1818 2016-09-16T20:20:42.003
237 2 1820 2016-09-17T05:38:16.483
310 72 1821 2016-09-17T09:30:02.06
83 1 1824 2016-09-18T01:37:34.163
64 53 1827 2016-09-18T10:06:53.43
64 16 1829 2016-09-18T12:15:40.087
64 76 1829 2016-09-18T12:15:40.087
103 40 1832 2016-09-19T01:24:52.3
103 44 1832 2016-09-19T01:24:52.3
463 13 1835 2016-09-19T16:35:21.567
463 1 1836 2016-09-19T18:50:30.377
310 2 1840 2016-09-20T03:10:14.94
310 9 1840 2016-09-20T03:10:14.94
310 3 1846 2016-09-21T05:40:51.077
310 53 1846 2016-09-21T05:40:51.077
310 43 1850 2016-09-22T03:31:38.433
310 79 1850 2016-09-22T03:31:38.433
83 54 1852 2016-09-22T08:24:57.63
85 40 1856 2016-09-22T22:02:11.84
85 53 1856 2016-09-22T22:02:11.84
103 40 1860 2016-09-23T06:54:58.023
103 23 1860 2016-09-23T06:54:58.023
91 11 1865 2016-09-23T23:49:39.67
91 42 1865 2016-09-23T23:49:39.67
91 24 1865 2016-09-23T23:49:39.67
83 40 1866 2016-09-24T06:03:04.36
83 3 1866 2016-09-24T06:03:04.36
83 53 1866 2016-09-24T06:03:04.36
472 53 1867 2016-09-24T06:37:14.683
472 23 1867 2016-09-24T06:37:14.683
472 13 1869 2016-09-24T07:49:23.45
472 1 1870 2016-09-24T08:52:00.81
310 53 1881 2016-09-26T13:26:42.99
310 31 1881 2016-09-26T13:26:42.99
480 11 1882 2016-09-26T14:58:00.943
26 53 1886 2016-09-26T22:49:49.143
26 29 1886 2016-09-26T22:49:49.143
64 1 1891 2016-09-28T06:55:39.1
64 10 1891 2016-09-28T06:55:39.1
64 40 1892 2016-09-28T07:21:55.73
64 12 1899 2016-09-28T20:31:31.72
237 2 1902 2016-09-29T02:36:58.343
64 22 1906 2016-09-29T22:42:06.097
64 2 1907 2016-09-29T23:34:59.557
494 1 1911 2016-09-30T06:50:08.29
494 16 1911 2016-09-30T06:50:08.29
64 1 1915 2016-10-01T05:11:48.993
64 1 1916 2016-10-01T05:24:04.977
64 80 1916 2016-10-01T05:24:04.977
64 40 1917 2016-10-01T05:57:20.677
64 53 1917 2016-10-01T05:57:20.677
497 13 1920 2016-10-01T18:56:29.11
64 1 1922 2016-10-02T11:46:51.87
83 1 1926 2016-10-03T06:50:31.203
83 3 1926 2016-10-03T06:50:31.203
499 1 1928 2016-10-03T07:29:32.703
499 10 1928 2016-10-03T07:29:32.703
499 74 1928 2016-10-03T07:29:32.703
103 40 1940 2016-10-04T18:53:36.077
237 53 1941 2016-10-05T03:59:57.4
237 2 1941 2016-10-05T03:59:57.4
219 1 1944 2016-10-05T14:19:01.513
219 10 1944 2016-10-05T14:19:01.513
83 1 1946 2016-10-06T04:55:50.31
64 61 1956 2016-10-08T07:32:26.493
64 60 1956 2016-10-08T07:32:26.493
64 43 1957 2016-10-08T09:13:39.6
64 79 1957 2016-10-08T09:13:39.6
64 1 1958 2016-10-08T09:22:30.703
64 2 1958 2016-10-08T09:22:30.703
64 20 1959 2016-10-08T10:37:46.94
64 1 1960 2016-10-08T11:07:22.78
64 1 1961 2016-10-08T11:13:46.48
64 60 1961 2016-10-08T11:13:46.48
64 12 1971 2016-10-11T08:26:08.59
64 26 1973 2016-10-11T22:22:13.593
64 81 1973 2016-10-11T22:22:13.593
64 82 1973 2016-10-11T22:22:13.593
64 83 1975 2016-10-12T08:06:28.537
44 40 1979 2016-10-13T03:52:25.823
64 40 1984 2016-10-16T19:35:49.393
64 40 1985 2016-10-16T20:06:21.033
64 40 1986 2016-10-16T20:17:43.413
64 40 1987 2016-10-16T20:20:06.837
64 40 1988 2016-10-16T20:30:51.293
64 11 1988 2016-10-16T20:30:51.293
16 21 1989 2016-10-16T20:51:43.627
64 40 1990 2016-10-16T21:06:09.12
64 50 1991 2016-10-16T21:19:19.63
544 11 2008 2016-10-17T21:54:47.11
544 81 2008 2016-10-17T21:54:47.11
237 2 2012 2016-10-18T02:23:30.557
83 61 2013 2016-10-18T02:32:19.203
83 65 2013 2016-10-18T02:32:19.203
64 40 2019 2016-10-18T19:19:01.413
489 11 2020 2016-10-18T19:54:31.307
489 42 2020 2016-10-18T19:54:31.307
489 29 2020 2016-10-18T19:54:31.307
489 47 2020 2016-10-18T19:54:31.307
544 40 2021 2016-10-18T21:04:54.403
544 30 2021 2016-10-18T21:04:54.403
544 40 2023 2016-10-18T22:47:25.903
544 55 2023 2016-10-18T22:47:25.903
544 76 2023 2016-10-18T22:47:25.903
64 53 2027 2016-10-19T07:59:41.25
64 1 2028 2016-10-19T08:10:39.513
8 43 2037 2016-10-21T12:31:38.793
8 80 2037 2016-10-21T12:31:38.793
561 1 2040 2016-10-21T18:03:19.28
561 43 2040 2016-10-21T18:03:19.28
64 40 2042 2016-10-21T21:30:24.33
64 1 2043 2016-10-21T21:49:21.57
64 40 2046 2016-10-22T08:01:54.367
64 84 2046 2016-10-22T08:01:54.367
64 51 2046 2016-10-22T08:01:54.367
562 21 2048 2016-10-23T14:32:31.767
64 60 2054 2016-10-25T09:07:53.92
64 85 2054 2016-10-25T09:07:53.92
64 86 2054 2016-10-25T09:07:53.92
64 60 2055 2016-10-25T09:15:33.03
64 82 2055 2016-10-25T09:15:33.03
171 40 2057 2016-10-26T01:32:18.827
171 23 2057 2016-10-26T01:32:18.827
237 1 2061 2016-10-29T16:30:12.38
97 30 2064 2016-10-31T04:53:10.2
97 18 2064 2016-10-31T04:53:10.2
596 39 2069 2016-10-31T02:44:04.773
596 64 2069 2016-10-31T02:44:04.773
596 66 2069 2016-10-31T02:44:04.773
583 68 2070 2016-11-02T12:33:36.73
339 1 2075 2016-11-02T23:55:39.187
561 1 2085 2016-11-09T10:25:24.057
561 10 2085 2016-11-09T10:25:24.057
561 12 2085 2016-11-09T10:25:24.057
64 1 2090 2016-11-11T00:04:12.977
64 27 2090 2016-11-11T00:04:12.977
237 13 2092 2016-11-11T17:13:02.95
237 87 2092 2016-11-11T17:13:02.95
602 40 2093 2016-11-11T19:34:31.63
602 21 2093 2016-11-11T19:34:31.63
602 46 2093 2016-11-11T19:34:31.63
602 88 2093 2016-11-11T19:34:31.63
603 1 2097 2016-11-14T02:15:02.5
603 40 2097 2016-11-14T02:15:02.5
603 13 2097 2016-11-14T02:15:02.5
603 21 2097 2016-11-14T02:15:02.5
188 40 2106 2016-11-18T05:37:26.307
237 53 2111 2016-11-23T08:59:24.713
55 43 2116 2016-11-24T23:29:12.54
55 27 2116 2016-11-24T23:29:12.54
55 63 2116 2016-11-24T23:29:12.54
64 2 2118 2016-11-26T23:10:21.893
64 89 2119 2016-11-27T11:46:15.437
8 60 2124 2016-11-29T22:24:34.75
20 40 2126 2016-11-30T15:16:03.6
20 2 2126 2016-11-30T15:16:03.6
20 3 2126 2016-11-30T15:16:03.6
592 1 2128 2016-12-01T15:20:37.043
592 55 2128 2016-12-01T15:20:37.043
634 55 2131 2016-12-01T20:12:05.997
634 76 2131 2016-12-01T20:12:05.997
64 4 2135 2016-12-04T15:16:41.763
64 4 2136 2016-12-04T15:27:43.42
103 40 2137 2016-12-04T15:33:37.677
103 26 2137 2016-12-04T15:33:37.677
64 60 2138 2016-12-04T15:40:19.443
64 62 2141 2016-12-05T19:14:55.813
640 46 2153 2016-12-08T16:31:57.67
640 3 2159 2016-12-09T16:32:38.877
64 1 2162 2016-12-10T11:48:51.763
64 90 2162 2016-12-10T11:48:51.763
64 1 2163 2016-12-10T13:16:42.44
64 83 2166 2016-12-10T14:50:34.857
64 1 2167 2016-12-10T15:26:54.013
64 83 2167 2016-12-10T15:26:54.013
64 39 2168 2016-12-10T15:53:28.517
64 40 2169 2016-12-10T16:01:30.54
64 60 2171 2016-12-10T16:12:03.323
20 40 2173 2016-12-10T23:22:12.813
20 53 2173 2016-12-10T23:22:12.813
20 2 2173 2016-12-10T23:22:12.813
20 53 2181 2016-12-14T00:22:19.227
20 2 2181 2016-12-14T00:22:19.227
20 14 2181 2016-12-14T00:22:19.227
20 40 2182 2016-12-14T01:36:49.367
20 53 2182 2016-12-14T01:36:49.367
20 2 2182 2016-12-14T01:36:49.367
83 1 2185 2016-12-15T02:46:26.967
83 53 2186 2016-12-15T03:03:26.537
83 11 2186 2016-12-15T03:03:26.537
613 53 2191 2016-12-16T15:33:32.36
613 2 2191 2016-12-16T15:33:32.36
613 3 2191 2016-12-16T15:33:32.36
661 72 2192 2016-12-19T21:39:11.137
20 53 2197 2016-12-20T15:26:03.93
20 2 2197 2016-12-20T15:26:03.93
20 42 2200 2016-12-21T11:06:23.093
20 32 2200 2016-12-21T11:06:23.093
672 10 2207 2016-12-23T09:45:37.95
672 46 2207 2016-12-23T09:45:37.95
672 65 2207 2016-12-23T09:45:37.95
64 85 2216 2016-12-24T00:01:08.273
64 60 2223 2016-12-28T13:02:40.667
146 40 2225 2016-12-28T17:08:14.32
146 12 2225 2016-12-28T17:08:14.32
83 1 2227 2016-12-30T06:45:38.783
83 61 2227 2016-12-30T06:45:38.783
672 10 2230 2016-12-31T08:04:23.757
672 91 2230 2016-12-31T08:04:23.757
672 92 2230 2016-12-31T08:04:23.757
613 10 2232 2016-12-31T14:02:21.863
613 15 2232 2016-12-31T14:02:21.863
613 49 2232 2016-12-31T14:02:21.863
64 32 2234 2017-01-01T12:07:58.033
64 66 2234 2017-01-01T12:07:58.033
640 21 2240 2017-01-04T15:44:53.807
83 1 2242 2017-01-06T06:53:23.44
661 72 2249 2017-01-07T04:36:32.067
613 40 2251 2017-01-08T02:27:54.997
83 53 2252 2017-01-08T08:18:14.543
83 43 2252 2017-01-08T08:18:14.543
692 1 2257 2017-01-08T14:10:49.473
64 1 2258 2017-01-08T15:45:39.067
640 13 2263 2017-01-09T17:59:20.447
672 1 2268 2017-01-12T10:18:17.587
672 9 2268 2017-01-12T10:18:17.587
672 80 2268 2017-01-12T10:18:17.587
672 45 2268 2017-01-12T10:18:17.587
305 1 2274 2017-01-14T18:53:37.94
64 40 2278 2017-01-16T01:13:04.33
64 25 2278 2017-01-16T01:13:04.33
64 82 2278 2017-01-16T01:13:04.33
64 18 2278 2017-01-16T01:13:04.33
64 40 2279 2017-01-16T01:24:52.297
64 60 2279 2017-01-16T01:24:52.297
64 18 2279 2017-01-16T01:24:52.297
700 77 2282 2017-01-17T00:03:16.323
691 40 2285 2017-01-18T02:46:48.15
691 26 2285 2017-01-18T02:46:48.15
640 21 2287 2017-01-19T17:01:37.07
316 23 2290 2017-01-20T00:05:06.623
316 29 2290 2017-01-20T00:05:06.623
672 65 2292 2017-01-20T03:53:44.813
672 91 2292 2017-01-20T03:53:44.813
672 78 2292 2017-01-20T03:53:44.813
64 1 2298 2017-01-21T16:27:54.79
64 67 2298 2017-01-21T16:27:54.79
305 1 2299 2017-01-21T17:39:51.95
64 13 2300 2017-01-21T21:23:33.233
64 50 2300 2017-01-21T21:23:33.233
64 87 2300 2017-01-21T21:23:33.233
64 40 2310 2017-01-23T08:13:48.75
64 61 2310 2017-01-23T08:13:48.75
64 53 2313 2017-01-23T21:25:53.57
64 65 2314 2017-01-23T21:35:10.577
64 86 2314 2017-01-23T21:35:10.577
561 10 2324 2017-01-26T15:47:29.13
561 43 2324 2017-01-26T15:47:29.13
561 58 2324 2017-01-26T15:47:29.13
640 40 2326 2017-01-27T02:13:19.823
64 2 2327 2017-01-27T09:02:46.973
64 23 2333 2017-01-28T09:02:36.813
691 26 2335 2017-01-29T06:19:53.54
691 61 2335 2017-01-29T06:19:53.54
64 4 2337 2017-01-29T11:25:05.733
739 14 2339 2017-01-30T06:58:13.673
739 70 2339 2017-01-30T06:58:13.673
739 89 2339 2017-01-30T06:58:13.673
83 53 2343 2017-01-30T12:04:51.783
64 53 2345 2017-01-30T22:38:56.83
640 2 2346 2017-01-30T23:45:48.387
64 40 2354 2017-01-31T07:42:31.003
64 82 2354 2017-01-31T07:42:31.003
64 55 2355 2017-01-31T07:51:35.047
503 3 2358 2017-01-31T12:50:13.88
503 46 2358 2017-01-31T12:50:13.88
64 1 2360 2017-01-31T21:48:06.867
746 1 2362 2017-02-01T00:40:33.053
746 40 2362 2017-02-01T00:40:33.053
746 55 2362 2017-02-01T00:40:33.053
746 32 2362 2017-02-01T00:40:33.053
503 1 2370 2017-02-01T11:23:45.323
401 1 2372 2017-02-01T12:58:21.323
401 68 2372 2017-02-01T12:58:21.323
26 38 2376 2017-02-02T00:29:02.623
691 40 2381 2017-02-03T09:09:21.99
613 40 2384 2017-02-03T20:11:35.98
613 2 2384 2017-02-03T20:11:35.98
613 3 2384 2017-02-03T20:11:35.98
613 44 2384 2017-02-03T20:11:35.98
613 40 2385 2017-02-03T20:24:55.37
613 11 2385 2017-02-03T20:24:55.37
613 75 2385 2017-02-03T20:24:55.37
64 1 2388 2017-02-04T00:34:13.33
64 1 2396 2017-02-05T21:23:26.28
64 15 2396 2017-02-05T21:23:26.28
761 40 2400 2017-02-07T11:32:13.91
761 16 2400 2017-02-07T11:32:13.91
761 50 2400 2017-02-07T11:32:13.91
8 40 2403 2017-02-09T00:48:44.777
8 83 2403 2017-02-09T00:48:44.777
8 93 2403 2017-02-09T00:48:44.777
503 1 2407 2017-02-09T15:02:26.63
503 46 2407 2017-02-09T15:02:26.63
613 75 2411 2017-02-09T19:58:30.807
761 1 2413 2017-02-10T09:43:08.813
761 13 2413 2017-02-10T09:43:08.813
761 40 2414 2017-02-10T10:24:18.053
761 13 2414 2017-02-10T10:24:18.053
775 11 2417 2017-02-11T13:51:49.003
64 38 2421 2017-02-12T12:20:54.03
64 22 2421 2017-02-12T12:20:54.03
305 1 2424 2017-02-12T21:02:33.583
613 23 2430 2017-02-15T15:12:55.81
672 91 2432 2017-02-17T09:14:34.71
672 94 2432 2017-02-17T09:14:34.71
503 11 2434 2017-02-17T12:57:56.63
97 23 2436 2017-02-18T05:23:56.057
97 20 2436 2017-02-18T05:23:56.057
97 46 2436 2017-02-18T05:23:56.057
640 1 2442 2017-02-19T02:04:32.367
787 30 2444 2017-02-20T05:45:51.653
787 4 2444 2017-02-20T05:45:51.653
761 1 2446 2017-02-20T14:39:58.117
761 13 2446 2017-02-20T14:39:58.117
788 21 2449 2017-02-21T12:50:20.497
83 11 2453 2017-02-21T14:44:07.18
64 1 2455 2017-02-22T00:12:06.217
761 1 2460 2017-02-22T14:10:51.52
503 11 2462 2017-02-24T09:31:52.66
592 13 2465 2017-02-25T12:26:05.14
592 21 2465 2017-02-25T12:26:05.14
592 55 2465 2017-02-25T12:26:05.14
592 46 2465 2017-02-25T12:26:05.14
64 40 2467 2017-02-26T23:38:30.75
64 26 2467 2017-02-26T23:38:30.75
592 1 2469 2017-02-28T18:16:17.353
592 40 2469 2017-02-28T18:16:17.353
592 9 2469 2017-02-28T18:16:17.353
592 1 2474 2017-03-01T03:01:37.997
592 44 2474 2017-03-01T03:01:37.997
592 48 2474 2017-03-01T03:01:37.997
97 1 2476 2017-03-01T04:12:31.437
640 2 2478 2017-03-01T18:24:11.467
592 13 2479 2017-03-01T18:42:56.363
592 46 2479 2017-03-01T18:42:56.363
640 2 2483 2017-03-02T20:13:02.377
592 13 2485 2017-03-04T03:48:06.833
592 46 2485 2017-03-04T03:48:06.833
64 1 2488 2017-03-04T08:39:49.9
561 43 2491 2017-03-04T15:14:26.45
561 58 2491 2017-03-04T15:14:26.45
561 46 2492 2017-03-05T00:31:40.98
561 20 2492 2017-03-05T00:31:40.98
561 94 2492 2017-03-05T00:31:40.98
672 1 2495 2017-03-05T04:47:53.97
92 40 2497 2017-03-05T11:56:31.713
92 7 2497 2017-03-05T11:56:31.713
92 85 2497 2017-03-05T11:56:31.713
152 40 2498 2017-03-05T13:13:59.78
772 53 2502 2017-03-08T18:39:28.303
64 55 2506 2017-03-09T09:12:06.773
816 11 2509 2017-03-10T03:54:46.067
816 11 2510 2017-03-10T05:22:52.73
815 48 2511 2017-03-10T05:35:08.69
817 53 2514 2017-03-10T12:13:50.07
818 93 2519 2017-03-10T22:54:46.073
499 1 2521 2017-03-11T05:40:06.77
92 76 2523 2017-03-11T07:51:51.763
92 88 2523 2017-03-11T07:51:51.763
92 40 2530 2017-03-13T09:45:05.403
92 53 2530 2017-03-13T09:45:05.403
825 11 2534 2017-03-14T04:33:24.597
827 1 2536 2017-03-14T15:57:19.607
827 9 2536 2017-03-14T15:57:19.607
592 13 2543 2017-03-17T20:11:56.02
592 39 2543 2017-03-17T20:11:56.02
310 55 2548 2017-03-21T04:48:28.757
592 13 2549 2017-03-21T11:12:55.173
592 46 2549 2017-03-21T11:12:55.173
592 40 2550 2017-03-21T11:21:00.297
592 23 2550 2017-03-21T11:21:00.297
592 10 2550 2017-03-21T11:21:00.297
592 43 2550 2017-03-21T11:21:00.297
850 2 2554 2017-03-23T20:43:27.17
850 11 2554 2017-03-23T20:43:27.17
850 4 2554 2017-03-23T20:43:27.17
850 29 2554 2017-03-23T20:43:27.17
850 18 2554 2017-03-23T20:43:27.17
339 40 2558 2017-03-24T10:52:00.123
92 85 2562 2017-03-25T04:40:14.95
592 15 2563 2017-03-25T15:54:35.22
592 46 2563 2017-03-25T15:54:35.22
592 20 2563 2017-03-25T15:54:35.22
592 94 2563 2017-03-25T15:54:35.22
857 55 2566 2017-03-25T23:34:04.83
857 88 2566 2017-03-25T23:34:04.83
103 1 2570 2017-03-28T01:50:50.217
64 11 2574 2017-03-30T07:43:08.99
237 53 2576 2017-03-30T11:36:32.667
64 11 2580 2017-03-31T06:51:10.357
592 13 2583 2017-03-31T12:36:21.013
592 46 2583 2017-03-31T12:36:21.013
869 13 2585 2017-03-31T16:46:11.47
92 50 2588 2017-04-01T03:54:38.07
793 53 2596 2017-04-02T13:11:12.763
793 11 2596 2017-04-02T13:11:12.763
793 12 2596 2017-04-02T13:11:12.763
793 84 2596 2017-04-02T13:11:12.763
761 1 2599 2017-04-03T14:41:12.31
761 40 2599 2017-04-03T14:41:12.31
875 40 2601 2017-04-03T16:18:52.757
875 26 2601 2017-04-03T16:18:52.757
875 16 2601 2017-04-03T16:18:52.757
875 83 2601 2017-04-03T16:18:52.757
592 1 2602 2017-04-04T13:48:00.81
592 9 2602 2017-04-04T13:48:00.81
592 67 2602 2017-04-04T13:48:00.81
761 1 2607 2017-04-05T15:19:00.687
303 40 2608 2017-04-06T03:47:19.183
303 29 2608 2017-04-06T03:47:19.183
672 28 2610 2017-04-07T03:41:40.99
592 1 2613 2017-04-07T05:48:31.113
592 2 2613 2017-04-07T05:48:31.113
592 23 2613 2017-04-07T05:48:31.113
592 27 2613 2017-04-07T05:48:31.113
592 1 2615 2017-04-07T14:36:37.433
592 46 2615 2017-04-07T14:36:37.433
592 12 2615 2017-04-07T14:36:37.433
592 13 2619 2017-04-08T07:48:51.01
592 46 2619 2017-04-08T07:48:51.01
592 58 2619 2017-04-08T07:48:51.01
303 32 2622 2017-04-08T15:01:26.487
303 66 2622 2017-04-08T15:01:26.487
890 13 2624 2017-04-08T22:20:52.173
891 53 2626 2017-04-09T03:43:37.41
885 1 2628 2017-04-10T14:23:20.693
640 53 2632 2017-04-12T18:37:15.963
640 39 2632 2017-04-12T18:37:15.963
885 1 2633 2017-04-12T18:39:52.113
812 2 2636 2017-04-13T05:14:19.29
812 44 2636 2017-04-13T05:14:19.29
812 57 2636 2017-04-13T05:14:19.29
812 59 2636 2017-04-13T05:14:19.29
64 40 2644 2017-04-17T10:03:49.277
64 1 2645 2017-04-17T10:09:48.75
64 90 2645 2017-04-17T10:09:48.75
846 11 2649 2017-04-18T17:24:27.55
846 62 2649 2017-04-18T17:24:27.55
918 7 2650 2017-04-18T18:22:42.227
918 14 2650 2017-04-18T18:22:42.227
634 46 2656 2017-04-20T20:04:00.377
592 1 2658 2017-04-21T12:53:08.91
592 92 2658 2017-04-21T12:53:08.91
592 1 2659 2017-04-21T16:37:20.293
592 2 2659 2017-04-21T16:37:20.293
592 46 2659 2017-04-21T16:37:20.293
691 13 2663 2017-04-22T12:08:27.87
691 39 2663 2017-04-22T12:08:27.87
927 21 2665 2017-04-22T18:44:58.903
927 46 2665 2017-04-22T18:44:58.903
691 13 2666 2017-04-23T06:21:08.293
83 41 2668 2017-04-23T13:42:30.023
746 40 2671 2017-04-25T02:39:39.477
752 2 2675 2017-04-27T15:46:37.717
752 9 2675 2017-04-27T15:46:37.717
64 40 2678 2017-04-29T07:19:30.753
64 2 2678 2017-04-29T07:19:30.753
691 1 2681 2017-04-30T15:30:39.11
691 26 2681 2017-04-30T15:30:39.11
691 1 2682 2017-05-01T13:28:31.203
746 1 2684 2017-05-02T17:58:41.31
944 40 2689 2017-05-03T19:05:21.61
944 11 2689 2017-05-03T19:05:21.61
592 1 2691 2017-05-04T11:03:44.263
592 46 2691 2017-05-04T11:03:44.263
927 30 2694 2017-05-05T17:46:32.777
64 40 2696 2017-05-06T05:36:32.113
592 1 2698 2017-05-06T13:12:44.52
952 21 2702 2017-05-07T22:21:37.507
592 1 2704 2017-05-08T06:51:00.453
592 23 2704 2017-05-08T06:51:00.453
955 11 2706 2017-05-08T17:03:31.897
97 55 2708 2017-05-09T10:34:00.39
592 1 2709 2017-05-09T13:03:51.767
592 23 2709 2017-05-09T13:03:51.767
592 46 2709 2017-05-09T13:03:51.767
592 75 2709 2017-05-09T13:03:51.767
103 50 2712 2017-05-09T15:51:41.2
859 21 2715 2017-05-10T13:44:35.497
592 1 2716 2017-05-10T14:32:07.217
592 23 2716 2017-05-10T14:32:07.217
592 75 2716 2017-05-10T14:32:07.217
691 95 2723 2017-05-12T14:18:24.307
592 1 2724 2017-05-14T12:36:18.793
592 80 2724 2017-05-14T12:36:18.793
890 13 2726 2017-05-14T17:44:32.51
691 12 2729 2017-05-16T02:35:38.327
592 1 2731 2017-05-16T07:19:06.283
961 13 2735 2017-05-16T19:07:40.86
592 13 2737 2017-05-17T11:16:12.797
592 55 2737 2017-05-17T11:16:12.797
966 40 2741 2017-05-18T12:20:14.913
92 13 2744 2017-05-19T12:51:24.187
592 13 2747 2017-05-20T05:06:50.733
592 55 2747 2017-05-20T05:06:50.733
92 53 2749 2017-05-20T13:13:55.12
92 11 2749 2017-05-20T13:13:55.12
92 18 2749 2017-05-20T13:13:55.12
691 26 2755 2017-05-21T15:07:29.843
691 93 2755 2017-05-21T15:07:29.843
592 1 2757 2017-05-23T13:38:40.54
592 23 2759 2017-05-24T05:29:10.583
592 46 2759 2017-05-24T05:29:10.583
592 32 2759 2017-05-24T05:29:10.583
691 13 2760 2017-05-24T06:17:53.29
691 30 2760 2017-05-24T06:17:53.29
592 1 2762 2017-05-24T10:06:34.197
592 1 2763 2017-05-24T10:30:17.167
592 11 2763 2017-05-24T10:30:17.167
592 23 2763 2017-05-24T10:30:17.167
592 75 2763 2017-05-24T10:30:17.167
592 68 2763 2017-05-24T10:30:17.167
885 1 2766 2017-05-24T18:53:18.197
885 1 2767 2017-05-24T21:33:44.077
592 1 2776 2017-05-26T11:24:18.133
592 13 2779 2017-05-27T06:20:59.78
927 1 2784 2017-05-28T04:30:37.597
984 53 2791 2017-05-30T13:21:04.36
984 2 2791 2017-05-30T13:21:04.36
984 42 2791 2017-05-30T13:21:04.36
985 40 2792 2017-05-30T15:54:00.993
64 30 2793 2017-05-30T19:04:54.683
64 81 2793 2017-05-30T19:04:54.683
691 26 2796 2017-05-31T08:07:11.763
305 1 2797 2017-05-31T15:28:11.307
592 1 2803 2017-06-01T16:28:32.983
339 1 2804 2017-06-02T00:19:24.68
339 96 2804 2017-06-02T00:19:24.68
592 1 2807 2017-06-02T18:38:28.633
92 53 2808 2017-06-03T00:20:01.79
691 53 2811 2017-06-05T13:57:46.327
691 12 2812 2017-06-05T14:14:36.467
691 57 2812 2017-06-05T14:14:36.467
997 1 2816 2017-06-06T21:07:50.16
83 65 2818 2017-06-07T15:14:45.417
592 1 2819 2017-06-07T17:09:48.357
691 30 2826 2017-06-09T11:31:57.89
691 30 2831 2017-06-10T01:05:17.513
91 1 2833 2017-06-10T03:00:49.843
691 11 2838 2017-06-12T07:52:41.93
97 97 2840 2017-06-12T11:56:45.197
305 1 2844 2017-06-14T00:55:47.54
812 23 2845 2017-06-14T05:02:38.257
812 29 2845 2017-06-14T05:02:38.257
812 60 2845 2017-06-14T05:02:38.257
812 70 2845 2017-06-14T05:02:38.257
92 13 2850 2017-06-15T10:59:49.99
672 1 2852 2017-06-16T01:28:55.41
672 41 2852 2017-06-16T01:28:55.41
672 98 2852 2017-06-16T01:28:55.41
672 99 2852 2017-06-16T01:28:55.41
691 1 2854 2017-06-16T23:47:44.943
92 40 2860 2017-06-18T03:17:24.95
64 21 2862 2017-06-18T07:49:05.53
64 50 2862 2017-06-18T07:49:05.53
691 82 2865 2017-06-19T09:01:56.983
691 35 2865 2017-06-19T09:01:56.983
691 13 2867 2017-06-20T13:54:07.757
691 82 2867 2017-06-20T13:54:07.757
1030 1 2869 2017-06-22T01:20:01.137
1030 13 2869 2017-06-22T01:20:01.137
691 26 2872 2017-06-26T06:25:00.053
1043 13 2875 2017-07-03T00:17:45.897
1050 53 2878 2017-07-06T12:37:23.84
1050 2 2878 2017-07-06T12:37:23.84
1050 3 2878 2017-07-06T12:37:23.84
691 33 2880 2017-07-07T00:59:15.103
92 53 2883 2017-07-07T23:38:03.327
92 18 2883 2017-07-07T23:38:03.327
499 13 2885 2017-07-09T16:05:26.49
499 21 2885 2017-07-09T16:05:26.49
499 50 2885 2017-07-09T16:05:26.49
995 13 2886 2017-07-10T11:08:20.413
995 8 2886 2017-07-10T11:08:20.413
1055 53 2887 2017-07-10T11:40:28.75
1055 29 2887 2017-07-10T11:40:28.75
1062 1 2890 2017-07-11T19:53:57.927
1062 96 2890 2017-07-11T19:53:57.927
1064 97 2892 2017-07-12T15:50:17.993
890 1 2903 2017-07-15T04:46:39.59
885 1 2906 2017-07-17T19:59:03.523
672 1 2909 2017-07-17T23:25:44.673
672 15 2909 2017-07-17T23:25:44.673
672 61 2914 2017-07-21T02:43:30.147
672 65 2914 2017-07-21T02:43:30.147
92 50 2915 2017-07-22T13:13:38.543
691 40 2916 2017-07-23T02:11:41.44
691 16 2916 2017-07-23T02:11:41.44
890 13 2920 2017-07-24T00:44:51.843
775 42 2925 2017-07-26T12:34:21.26
64 40 2930 2017-07-29T12:18:12.833
64 60 2930 2017-07-29T12:18:12.833
1091 1 2932 2017-07-29T15:00:31.453
1094 1 2935 2017-08-01T18:39:13.077
1094 37 2935 2017-08-01T18:39:13.077
1094 11 2939 2017-08-02T16:26:14.64
1094 32 2939 2017-08-02T16:26:14.64
672 10 2940 2017-08-04T11:31:44.933
521 75 2943 2017-08-05T15:41:08.96
1094 40 2945 2017-08-06T23:54:59.943
1094 11 2948 2017-08-07T15:08:53.59
1094 32 2948 2017-08-07T15:08:53.59
1094 11 2950 2017-08-11T17:01:21.443
1094 23 2950 2017-08-11T17:01:21.443
155 17 2953 2017-08-13T10:24:37.597
1118 26 2954 2017-08-13T13:07:29.62
310 100 2955 2017-08-13T22:32:49.467
310 101 2955 2017-08-13T22:32:49.467
1094 53 2961 2017-08-16T21:55:21.46
1094 11 2961 2017-08-16T21:55:21.46
310 60 2964 2017-08-19T09:01:35.627
1131 1 2967 2017-08-21T13:39:09.43
1131 21 2967 2017-08-21T13:39:09.43
1131 55 2967 2017-08-21T13:39:09.43
83 1 2968 2017-08-25T13:05:12.39
83 11 2968 2017-08-25T13:05:12.39
83 10 2968 2017-08-25T13:05:12.39
103 40 2972 2017-08-27T14:32:47.01
103 53 2972 2017-08-27T14:32:47.01
310 100 2976 2017-08-29T22:11:17.907
310 101 2976 2017-08-29T22:11:17.907
1141 1 2978 2017-08-30T10:00:22.367
1144 41 2981 2017-09-02T15:23:48.777
1145 11 2982 2017-09-03T21:51:29.497
1146 11 2983 2017-09-03T22:30:11.217
1146 21 2983 2017-09-03T22:30:11.217
613 11 2990 2017-09-09T23:48:19.31
613 66 2990 2017-09-09T23:48:19.31
613 102 2990 2017-09-09T23:48:19.31
317 23 2995 2017-09-14T08:49:35.22
1141 1 2997 2017-09-15T06:34:08.083
1108 13 3000 2017-09-22T03:08:24.16
1108 21 3000 2017-09-22T03:08:24.16
1108 46 3000 2017-09-22T03:08:24.16
1108 8 3000 2017-09-22T03:08:24.16
1180 11 3002 2017-09-23T14:01:57.29
1180 42 3002 2017-09-23T14:01:57.29
1180 66 3002 2017-09-23T14:01:57.29
64 1 3004 2017-09-24T12:00:53.187
691 53 3008 2017-09-28T14:41:00.983
242 26 3011 2017-09-30T02:49:04.593
206 13 3016 2017-10-03T17:29:43.157
206 3 3016 2017-10-03T17:29:43.157
1194 23 3020 2017-10-08T09:20:03.377
1194 1 3022 2017-10-11T14:47:14.643
310 26 3023 2017-10-11T16:22:51.74
310 85 3023 2017-10-11T16:22:51.74
310 32 3025 2017-10-13T22:34:17.9
310 33 3025 2017-10-13T22:34:17.9
949 2 3028 2017-10-16T10:58:40.633
949 23 3028 2017-10-16T10:58:40.633
1200 10 3029 2017-10-16T12:59:36.537
1200 9 3029 2017-10-16T12:59:36.537
1200 68 3029 2017-10-16T12:59:36.537
592 40 3034 2017-10-17T13:23:29.487
592 13 3034 2017-10-17T13:23:29.487
1194 1 3036 2017-10-18T04:03:31.567
64 66 3037 2017-10-18T11:36:54.363
64 51 3037 2017-10-18T11:36:54.363
64 2 3039 2017-10-18T12:52:05.997
1194 23 3041 2017-10-20T15:15:53.603
64 102 3047 2017-10-24T22:14:24.257
1194 23 3050 2017-10-28T03:11:29.67
64 95 3054 2017-10-30T03:48:13.79
64 40 3055 2017-10-30T03:52:08.283
64 18 3056 2017-10-30T15:15:10.043
64 26 3059 2017-10-31T02:21:02.137
64 60 3059 2017-10-31T02:21:02.137
1221 13 3061 2017-10-31T14:11:46.71
1221 50 3061 2017-10-31T14:11:46.71
592 1 3063 2017-11-01T04:03:13.757
592 43 3063 2017-11-01T04:03:13.757
592 48 3063 2017-11-01T04:03:13.757
949 53 3068 2017-11-03T11:54:18.703
949 2 3068 2017-11-03T11:54:18.703
949 23 3068 2017-11-03T11:54:18.703
949 9 3068 2017-11-03T11:54:18.703
64 30 3070 2017-11-04T13:27:13.043
1226 11 3071 2017-11-04T14:48:23.49
1226 68 3071 2017-11-04T14:48:23.49
64 1 3076 2017-11-05T11:45:48.947
26 1 3086 2017-11-10T20:11:33.25
26 2 3086 2017-11-10T20:11:33.25
949 40 3087 2017-11-10T23:28:44.143
64 40 3090 2017-11-11T23:08:14.75
64 6 3091 2017-11-11T23:14:01.463
64 2 3094 2017-11-12T17:58:52.65
64 50 3096 2017-11-13T08:58:47.337
64 40 3097 2017-11-13T21:08:50.693
64 2 3099 2017-11-13T23:21:06.803
64 26 3099 2017-11-13T23:21:06.803
64 40 3100 2017-11-13T23:27:23.757
949 1 3102 2017-11-14T08:27:42.77
949 11 3102 2017-11-14T08:27:42.77
949 89 3102 2017-11-14T08:27:42.77
1243 11 3106 2017-11-15T00:58:01.087
8 26 3107 2017-11-15T02:22:47.51
8 25 3107 2017-11-15T02:22:47.51
985 40 3108 2017-11-15T20:39:57.347
985 11 3108 2017-11-15T20:39:57.347
985 62 3108 2017-11-15T20:39:57.347
985 40 3117 2017-11-20T16:17:11.147
985 3 3117 2017-11-20T16:17:11.147
64 1 3118 2017-11-21T08:44:41.46
1268 21 3122 2017-11-27T21:51:51.383
1268 4 3122 2017-11-27T21:51:51.383
613 1 3125 2017-12-04T15:07:17.63
613 11 3125 2017-12-04T15:07:17.63
613 32 3125 2017-12-04T15:07:17.63
613 68 3125 2017-12-04T15:07:17.63
1385 101 3130 2017-12-10T01:31:21.373
26 53 3132 2017-12-11T19:29:27.24
26 21 3132 2017-12-11T19:29:27.24
613 12 3134 2017-12-11T22:45:21.367
613 102 3134 2017-12-11T22:45:21.367
613 103 3134 2017-12-11T22:45:21.367
613 23 3139 2017-12-14T15:13:08.28
613 75 3139 2017-12-14T15:13:08.28
613 103 3139 2017-12-14T15:13:08.28
1392 53 3140 2017-12-15T10:28:30.223
1392 2 3140 2017-12-15T10:28:30.223
613 26 3142 2017-12-15T18:13:31.303
613 60 3142 2017-12-15T18:13:31.303
613 75 3142 2017-12-15T18:13:31.303
613 53 3147 2017-12-15T23:14:22.24
613 44 3147 2017-12-15T23:14:22.24
429 21 3148 2017-12-16T00:54:40.587
429 25 3148 2017-12-16T00:54:40.587
317 2 3151 2017-12-17T10:57:56.34
317 6 3151 2017-12-17T10:57:56.34
1398 11 3153 2017-12-19T05:44:27.37
1400 61 3155 2017-12-20T08:15:18.44
613 40 3158 2017-12-21T02:49:15.887
613 11 3158 2017-12-21T02:49:15.887
613 40 3160 2017-12-24T15:38:31.54
613 11 3160 2017-12-24T15:38:31.54
613 103 3160 2017-12-24T15:38:31.54
613 32 3163 2017-12-26T16:40:57.993
613 75 3163 2017-12-26T16:40:57.993
1408 46 3165 2017-12-27T15:50:13.94
1408 32 3165 2017-12-27T15:50:13.94
1410 1 3168 2017-12-27T21:07:19.673
1410 3 3168 2017-12-27T21:07:19.673
1410 10 3168 2017-12-27T21:07:19.673
1412 21 3171 2017-12-28T12:54:52.777
1410 1 3173 2017-12-28T20:39:57.13
613 40 3177 2017-12-29T21:36:19.907
613 53 3177 2017-12-29T21:36:19.907
613 3 3177 2017-12-29T21:36:19.907
613 1 3178 2017-12-29T23:55:41.113
613 11 3178 2017-12-29T23:55:41.113
613 75 3178 2017-12-29T23:55:41.113
613 1 3181 2017-12-30T16:42:00.063
613 104 3181 2017-12-30T16:42:00.063
1415 1 3185 2018-01-01T12:57:13.19
1415 40 3185 2018-01-01T12:57:13.19
1415 55 3185 2018-01-01T12:57:13.19
64 30 3187 2018-01-01T21:40:54.813
64 18 3187 2018-01-01T21:40:54.813
613 1 3190 2018-01-03T00:21:20.787
613 32 3190 2018-01-03T00:21:20.787
64 2 3195 2018-01-03T22:43:14.137
1408 46 3197 2018-01-04T02:50:33.147
20 53 3204 2018-01-06T09:22:01.317
20 2 3204 2018-01-06T09:22:01.317
64 4 3205 2018-01-06T10:13:07.37
64 102 3205 2018-01-06T10:13:07.37
64 26 3206 2018-01-06T10:24:41.147
64 30 3206 2018-01-06T10:24:41.147
1009 68 3210 2018-01-07T10:45:32.657
613 40 3212 2018-01-08T14:17:07.693
613 13 3212 2018-01-08T14:17:07.693
613 105 3212 2018-01-08T14:17:07.693
613 23 3215 2018-01-09T16:35:03.78
613 32 3215 2018-01-09T16:35:03.78
613 75 3215 2018-01-09T16:35:03.78
613 1 3217 2018-01-09T23:58:40.673
613 53 3217 2018-01-09T23:58:40.673
613 104 3217 2018-01-09T23:58:40.673
613 1 3219 2018-01-11T14:56:42.557
613 53 3219 2018-01-11T14:56:42.557
1436 1 3220 2018-01-11T20:13:15.363
1436 43 3220 2018-01-11T20:13:15.363
1436 96 3220 2018-01-11T20:13:15.363
807 40 3226 2018-01-13T21:56:50.71
807 26 3226 2018-01-13T21:56:50.71
1437 13 3227 2018-01-13T22:17:56.413
613 13 3230 2018-01-14T21:01:17.787
83 1 3232 2018-01-15T05:12:59.997
83 2 3232 2018-01-15T05:12:59.997
1439 12 3233 2018-01-15T07:14:17.647
1439 12 3236 2018-01-15T08:44:38.687
1441 11 3238 2018-01-15T21:13:51.957
613 53 3243 2018-01-18T15:22:47.467
613 14 3243 2018-01-18T15:22:47.467
1232 46 3248 2018-01-22T00:05:07.273
83 1 3251 2018-01-24T14:25:16.49
1460 1 3254 2018-01-25T19:25:32.963
1460 96 3254 2018-01-25T19:25:32.963
1460 105 3254 2018-01-25T19:25:32.963
64 40 3258 2018-01-25T23:20:30.39
64 2 3258 2018-01-25T23:20:30.39
1460 1 3261 2018-01-27T16:07:24.193
1463 13 3262 2018-01-27T19:41:54.027
1194 1 3265 2018-01-28T15:19:24.207
1194 23 3265 2018-01-28T15:19:24.207
1194 75 3265 2018-01-28T15:19:24.207
1467 13 3268 2018-01-31T10:30:09.77
613 40 3271 2018-02-01T18:34:14.817
613 46 3271 2018-02-01T18:34:14.817
613 32 3271 2018-02-01T18:34:14.817
1460 1 3276 2018-02-02T15:56:16.607
64 40 3282 2018-02-06T07:07:38.57
613 1 3287 2018-02-09T22:14:35.807
613 40 3287 2018-02-09T22:14:35.807
613 11 3287 2018-02-09T22:14:35.807
613 75 3287 2018-02-09T22:14:35.807
64 11 3288 2018-02-11T10:33:04.567
692 44 3290 2018-02-11T12:46:32.897
692 67 3290 2018-02-11T12:46:32.897
1485 40 3291 2018-02-11T19:17:09.433
1485 42 3291 2018-02-11T19:17:09.433
692 10 3292 2018-02-12T00:36:18.423
692 67 3292 2018-02-12T00:36:18.423
692 49 3292 2018-02-12T00:36:18.423
64 106 3297 2018-02-12T09:03:35.53
1194 1 3299 2018-02-13T02:32:44.31
1194 23 3299 2018-02-13T02:32:44.31
1194 75 3299 2018-02-13T02:32:44.31
692 11 3301 2018-02-13T09:18:48.723
692 10 3301 2018-02-13T09:18:48.723
692 27 3301 2018-02-13T09:18:48.723
812 1 3302 2018-02-14T01:42:24.47
812 23 3302 2018-02-14T01:42:24.47
812 10 3302 2018-02-14T01:42:24.47
812 59 3302 2018-02-14T01:42:24.47
812 1 3303 2018-02-14T03:35:00.837
812 2 3303 2018-02-14T03:35:00.837
812 23 3303 2018-02-14T03:35:00.837
812 46 3303 2018-02-14T03:35:00.837
812 40 3305 2018-02-14T06:00:47.71
812 53 3305 2018-02-14T06:00:47.71
812 2 3305 2018-02-14T06:00:47.71
812 11 3305 2018-02-14T06:00:47.71
812 23 3305 2018-02-14T06:00:47.71
812 1 3306 2018-02-14T06:11:09.56
812 11 3306 2018-02-14T06:11:09.56
812 2 3306 2018-02-14T06:11:09.56
812 46 3306 2018-02-14T06:11:09.56
812 10 3307 2018-02-14T06:19:29.11
812 46 3307 2018-02-14T06:19:29.11
812 43 3307 2018-02-14T06:19:29.11
692 1 3308 2018-02-14T15:13:40.12
692 11 3308 2018-02-14T15:13:40.12
692 1 3310 2018-02-15T16:49:21.4
1495 1 3313 2018-02-16T10:48:06.96
692 13 3317 2018-02-19T13:35:53.34
692 46 3317 2018-02-19T13:35:53.34
1500 11 3326 2018-02-21T04:46:21.15
1506 1 3331 2018-02-22T20:13:28.297
1506 53 3331 2018-02-22T20:13:28.297
1506 3 3331 2018-02-22T20:13:28.297
1506 21 3331 2018-02-22T20:13:28.297
1507 38 3333 2018-02-24T21:47:42.187
1507 94 3333 2018-02-24T21:47:42.187
20 23 3334 2018-02-25T03:14:47.877
1500 75 3346 2018-03-02T13:54:43.937
1519 68 3348 2018-03-02T17:17:35.303
233 23 3354 2018-03-06T00:40:47.623
233 26 3354 2018-03-06T00:40:47.623
728 26 3356 2018-03-06T02:36:24.623
728 50 3356 2018-03-06T02:36:24.623
728 39 3356 2018-03-06T02:36:24.623
1194 1 3358 2018-03-06T13:56:02.163
1194 23 3358 2018-03-06T13:56:02.163
812 11 3360 2018-03-07T06:24:16.75
812 2 3360 2018-03-07T06:24:16.75
812 17 3360 2018-03-07T06:24:16.75
1539 9 3363 2018-03-11T06:20:37.677
1539 68 3363 2018-03-11T06:20:37.677
1544 25 3365 2018-03-14T09:40:51.917
1544 82 3365 2018-03-14T09:40:51.917
1544 37 3365 2018-03-14T09:40:51.917
1544 35 3365 2018-03-14T09:40:51.917
1544 11 3366 2018-03-14T12:40:24.997
1544 25 3366 2018-03-14T12:40:24.997
1544 25 3371 2018-03-16T08:51:24.207
1544 82 3371 2018-03-16T08:51:24.207
1544 37 3371 2018-03-16T08:51:24.207
1544 35 3371 2018-03-16T08:51:24.207
233 39 3373 2018-03-18T06:56:21.72
949 3 3376 2018-03-19T03:56:25.863
949 107 3376 2018-03-19T03:56:25.863
949 108 3376 2018-03-19T03:56:25.863
949 23 3381 2018-03-19T11:16:13.587
949 3 3381 2018-03-19T11:16:13.587
949 108 3381 2018-03-19T11:16:13.587
1408 46 3386 2018-03-20T03:14:28.503
1555 55 3391 2018-03-20T08:45:07.53
1555 43 3391 2018-03-20T08:45:07.53
1557 11 3394 2018-03-21T18:40:58.257
1557 53 3394 2018-03-21T18:40:58.257
1557 23 3394 2018-03-21T18:40:58.257
1557 3 3394 2018-03-21T18:40:58.257
949 1 3397 2018-03-25T17:54:56.683
949 13 3398 2018-03-26T07:23:37.297
949 23 3398 2018-03-26T07:23:37.297
949 3 3398 2018-03-26T07:23:37.297
949 61 3398 2018-03-26T07:23:37.297
103 1 3400 2018-03-29T11:20:40.467
103 40 3400 2018-03-29T11:20:40.467
161 32 3403 2018-03-30T17:56:43.92
161 14 3403 2018-03-30T17:56:43.92
206 1 3404 2018-03-30T18:55:06.147
206 11 3404 2018-03-30T18:55:06.147
64 3 3405 2018-03-30T20:13:20.663
148 1 3407 2018-03-31T08:03:41.14
148 96 3407 2018-03-31T08:03:41.14
64 21 3411 2018-03-31T10:31:07.887
64 106 3411 2018-03-31T10:31:07.887
64 73 3417 2018-04-01T15:53:41.89
692 1 3422 2018-04-06T07:21:11.137
692 9 3422 2018-04-06T07:21:11.137
692 67 3422 2018-04-06T07:21:11.137
1583 1 3425 2018-04-09T22:47:23.377
1583 57 3425 2018-04-09T22:47:23.377
1582 10 3429 2018-04-11T18:28:04.837
1582 7 3429 2018-04-11T18:28:04.837
1582 43 3434 2018-04-12T19:00:15.08
1582 7 3434 2018-04-12T19:00:15.08
64 40 3438 2018-04-16T07:24:27.96
598 27 3439 2018-04-16T08:53:12.373
598 36 3439 2018-04-16T08:53:12.373
1599 1 3446 2018-04-18T05:44:09.213
64 40 3449 2018-04-18T19:09:47.207
64 3 3449 2018-04-18T19:09:47.207
1599 10 3452 2018-04-20T07:59:29.817
1500 16 3453 2018-04-20T08:43:04.23
64 40 3456 2018-04-21T07:14:41.47
64 26 3456 2018-04-21T07:14:41.47
20 53 3459 2018-04-22T06:16:37.18
20 2 3459 2018-04-22T06:16:37.18
672 40 3464 2018-04-23T08:04:52.45
1610 40 3477 2018-04-27T21:31:43.64
1610 40 3479 2018-04-28T20:41:51.32
1610 40 3480 2018-04-28T21:22:16.937
26 1 3486 2018-05-01T20:29:05.407
26 2 3486 2018-05-01T20:29:05.407
1615 1 3489 2018-05-02T13:20:11.293
1615 96 3489 2018-05-02T13:20:11.293
1616 11 3493 2018-05-03T13:47:25.467
236 13 3497 2018-05-06T10:40:41.89
1610 40 3499 2018-05-08T21:26:15.883
20 53 3504 2018-05-10T15:49:38.86
20 2 3504 2018-05-10T15:49:38.86
20 3 3504 2018-05-10T15:49:38.86
20 28 3504 2018-05-10T15:49:38.86
1610 40 3508 2018-05-12T01:33:10.937
1610 40 3512 2018-05-16T04:13:13.393
1632 40 3514 2018-05-18T15:41:12.26
1632 71 3514 2018-05-18T15:41:12.26
598 50 3515 2018-05-19T04:35:13.48
598 25 3517 2018-05-19T16:49:45.847
598 40 3518 2018-05-19T17:12:21.027
1635 11 3520 2018-05-20T00:26:36.673
1635 39 3520 2018-05-20T00:26:36.673
1610 23 3522 2018-05-20T21:47:04.04
692 1 3526 2018-05-21T06:48:20.653
692 63 3526 2018-05-21T06:48:20.653
1636 21 3528 2018-05-22T20:53:15.67
1636 68 3528 2018-05-22T20:53:15.67
1610 40 3529 2018-05-27T00:17:14.917
1610 40 3531 2018-05-27T03:18:15.92
1610 40 3532 2018-05-27T18:35:59.177
1539 46 3535 2018-05-28T11:19:03.99
1638 13 3536 2018-05-28T11:46:30.717
1516 60 3539 2018-05-29T09:31:00.5
1644 46 3540 2018-05-29T14:50:06.05
1644 68 3540 2018-05-29T14:50:06.05
1636 21 3545 2018-05-30T15:30:22.803
1636 68 3545 2018-05-30T15:30:22.803
1638 13 3546 2018-05-30T22:16:37.713
1610 40 3548 2018-05-31T17:30:16.487
1636 21 3552 2018-06-01T00:42:59.9
1636 68 3552 2018-06-01T00:42:59.9
1636 109 3552 2018-06-01T00:42:59.9
1644 15 3555 2018-06-02T13:32:43.41
1610 40 3556 2018-06-02T14:52:08.84
1658 53 3559 2018-06-04T06:38:59.403
1610 40 3562 2018-06-06T03:40:15.427
1583 1 3564 2018-06-07T01:41:22.397
1583 9 3564 2018-06-07T01:41:22.397
1668 46 3568 2018-06-10T17:04:52.49
1582 7 3569 2018-06-10T17:59:42.473
1582 49 3569 2018-06-10T17:59:42.473
1582 43 3570 2018-06-10T19:17:49.55
1582 7 3570 2018-06-10T19:17:49.55
1610 40 3576 2018-06-14T23:55:08.147
1613 1 3578 2018-06-16T18:47:16.78
1678 1 3582 2018-06-18T17:35:02.577
1678 53 3582 2018-06-18T17:35:02.577
1686 46 3586 2018-06-26T09:09:33.867
1686 55 3586 2018-06-26T09:09:33.867
1686 76 3586 2018-06-26T09:09:33.867
1690 40 3588 2018-06-27T16:14:26.797
1610 40 3590 2018-06-28T02:17:00.537
592 1 3598 2018-07-06T05:53:00.847
1690 40 3600 2018-07-08T01:21:24.303
1516 40 3603 2018-07-09T00:57:24.48
1610 40 3604 2018-07-11T00:05:18.65
1582 7 3606 2018-07-11T17:47:20.557
1582 13 3607 2018-07-11T18:45:29.243
1582 7 3607 2018-07-11T18:45:29.243
44 40 3611 2018-07-13T15:05:38.873
1610 40 4613 2018-07-17T21:19:17.567
1610 40 4614 2018-07-17T21:37:23.36
1610 40 4615 2018-07-17T21:47:22.11
1718 1 4619 2018-07-18T16:56:07.837
1690 40 4621 2018-07-19T20:05:22.163
1690 40 4622 2018-07-19T20:56:42.37
1690 40 4623 2018-07-20T03:10:33.133
1690 40 4624 2018-07-20T04:01:50.137
1582 43 4625 2018-07-20T19:18:07.4
1721 11 4626 2018-07-21T07:31:17.54
1724 40 4636 2018-07-25T00:55:54.143
812 10 4637 2018-07-25T02:03:13.847
812 43 4637 2018-07-25T02:03:13.847
812 96 4637 2018-07-25T02:03:13.847
1725 2 4638 2018-07-25T06:41:11.323
1470 23 4643 2018-07-28T12:06:54.657
1730 1 4645 2018-07-29T05:15:22.64
1734 1 4648 2018-07-30T07:42:09.617
1470 41 4651 2018-07-31T13:46:38.227
1738 1 4653 2018-07-31T18:10:20.797
1738 46 4653 2018-07-31T18:10:20.797
592 55 4655 2018-08-01T16:00:07.853
1582 7 4656 2018-08-02T19:47:37.643
1690 40 4658 2018-08-03T17:57:23.857
1582 7 4659 2018-08-03T18:29:13.073
592 23 4661 2018-08-05T12:59:48.553
592 12 4661 2018-08-05T12:59:48.553
1751 1 4665 2018-08-11T14:17:48.887
1751 3 4665 2018-08-11T14:17:48.887
1751 3 4666 2018-08-11T19:22:28.103
1753 11 4667 2018-08-12T06:22:27.483
1613 40 4673 2018-08-14T16:26:48.847
1759 11 4677 2018-08-15T02:48:08.093
592 1 4678 2018-08-15T04:02:32.387
592 40 4678 2018-08-15T04:02:32.387
592 12 4678 2018-08-15T04:02:32.387
1762 1 4684 2018-08-17T20:08:48.043
1762 10 4684 2018-08-17T20:08:48.043
1762 1 4685 2018-08-17T21:59:51.743
1762 10 4685 2018-08-17T21:59:51.743
592 1 4690 2018-08-20T10:59:56.18
592 46 4690 2018-08-20T10:59:56.18
1769 40 4692 2018-08-21T06:34:50.003
1762 40 4695 2018-08-21T20:24:56.213
20 53 4700 2018-08-23T06:00:36.74
20 2 4700 2018-08-23T06:00:36.74
592 1 4702 2018-08-23T17:27:20.573
1780 11 4708 2018-08-26T13:42:42.067
592 1 4714 2018-08-27T08:04:11.463
592 60 4714 2018-08-27T08:04:11.463
20 23 4715 2018-08-27T11:03:14.817
1789 1 4719 2018-08-27T18:36:10.85
1789 2 4719 2018-08-27T18:36:10.85
1789 23 4719 2018-08-27T18:36:10.85
1789 75 4719 2018-08-27T18:36:10.85
1582 10 4720 2018-08-27T19:29:24.83
1582 43 4720 2018-08-27T19:29:24.83
1582 7 4720 2018-08-27T19:29:24.83
1582 80 4720 2018-08-27T19:29:24.83
1780 11 4728 2018-08-28T19:25:00.593
1516 32 4731 2018-08-29T01:31:22.537
20 53 4732 2018-08-29T11:18:08.92
20 2 4732 2018-08-29T11:18:08.92
97 11 4735 2018-08-29T12:49:26.893
20 26 4741 2018-08-30T12:34:25.13
20 100 4741 2018-08-30T12:34:25.13
1123 9 4744 2018-08-31T06:22:09.27
592 13 4746 2018-08-31T13:13:51.507
592 13 4747 2018-08-31T13:15:41.293
