13 1 1 2016-04-05T17:20:52.593
13 2 1 2016-04-05T17:20:52.593
13 3 1 2016-04-05T17:20:52.593
13 4 3 2016-04-05T17:24:31.21
13 5 3 2016-04-05T17:24:31.21
38 6 4 2016-04-05T17:28:48.063
38 7 4 2016-04-05T17:28:48.063
40 8 5 2016-04-05T17:29:12.303
40 9 5 2016-04-05T17:29:12.303
40 9 6 2016-04-05T17:30:36.53
40 10 6 2016-04-05T17:30:36.53
40 11 6 2016-04-05T17:30:36.53
40 12 6 2016-04-05T17:30:36.53
13 13 7 2016-04-05T17:30:42.067
13 14 7 2016-04-05T17:30:42.067
6 9 8 2016-04-05T17:31:05.88
6 2 8 2016-04-05T17:31:05.88
6 15 8 2016-04-05T17:31:05.88
33 16 10 2016-04-05T17:33:44.033
33 17 10 2016-04-05T17:33:44.033
33 18 10 2016-04-05T17:33:44.033
33 19 10 2016-04-05T17:33:44.033
38 9 11 2016-04-05T17:33:49.097
38 1 11 2016-04-05T17:33:49.097
38 20 11 2016-04-05T17:33:49.097
42 1 13 2016-04-05T17:35:13.427
42 21 13 2016-04-05T17:35:13.427
47 22 14 2016-04-05T17:35:15.973
47 23 14 2016-04-05T17:35:15.973
47 24 14 2016-04-05T17:35:15.973
8 1 19 2016-04-05T17:40:33.427
8 21 19 2016-04-05T17:40:33.427
41 25 20 2016-04-05T17:41:04.763
41 26 20 2016-04-05T17:41:04.763
13 9 30 2016-04-05T17:54:42.15
13 27 30 2016-04-05T17:54:42.15
13 1 30 2016-04-05T17:54:42.15
64 9 31 2016-04-05T17:59:53.633
64 1 31 2016-04-05T17:59:53.633
64 28 31 2016-04-05T17:59:53.633
21 9 32 2016-04-05T18:05:36.743
40 8 33 2016-04-05T18:08:04.27
40 29 33 2016-04-05T18:08:04.27
38 30 34 2016-04-05T18:09:10.683
38 31 34 2016-04-05T18:09:10.683
38 32 34 2016-04-05T18:09:10.683
13 33 36 2016-04-05T18:15:08.19
13 31 36 2016-04-05T18:15:08.19
13 34 36 2016-04-05T18:15:08.19
64 9 37 2016-04-05T18:15:09.68
64 28 37 2016-04-05T18:15:09.68
64 8 37 2016-04-05T18:15:09.68
64 35 37 2016-04-05T18:15:09.68
64 36 37 2016-04-05T18:15:09.68
56 9 42 2016-04-05T18:24:28.357
56 37 42 2016-04-05T18:24:28.357
64 28 44 2016-04-05T18:25:01.077
64 35 44 2016-04-05T18:25:01.077
63 31 46 2016-04-05T18:26:17.203
63 33 46 2016-04-05T18:26:17.203
68 22 47 2016-04-05T18:26:56.18
68 38 47 2016-04-05T18:26:56.18
40 39 54 2016-04-05T18:29:58.307
19 9 57 2016-04-05T18:35:05.103
19 32 57 2016-04-05T18:35:05.103
64 40 60 2016-04-05T18:43:10.45
85 9 65 2016-04-05T18:51:39.557
85 32 65 2016-04-05T18:51:39.557
85 22 65 2016-04-05T18:51:39.557
91 2 67 2016-04-05T18:54:16.463
91 25 67 2016-04-05T18:54:16.463
91 41 67 2016-04-05T18:54:16.463
90 9 71 2016-04-05T19:12:17.743
90 9 73 2016-04-05T19:24:24.933
90 42 73 2016-04-05T19:24:24.933
91 1 74 2016-04-05T19:24:38.09
91 43 74 2016-04-05T19:24:38.09
79 28 75 2016-04-05T19:28:19.13
79 6 75 2016-04-05T19:28:19.13
79 44 75 2016-04-05T19:28:19.13
99 45 76 2016-04-05T19:29:52.573
91 1 77 2016-04-05T19:31:22.143
99 23 81 2016-04-05T19:46:07.673
99 46 81 2016-04-05T19:46:07.673
99 47 81 2016-04-05T19:46:07.673
13 9 83 2016-04-05T19:50:02.08
13 48 83 2016-04-05T19:50:02.08
63 32 88 2016-04-05T20:32:21.987
63 49 88 2016-04-05T20:32:21.987
63 50 88 2016-04-05T20:32:21.987
72 9 89 2016-04-05T20:36:38.503
72 32 89 2016-04-05T20:36:38.503
72 22 89 2016-04-05T20:36:38.503
72 51 89 2016-04-05T20:36:38.503
72 1 93 2016-04-05T20:47:01.653
72 22 93 2016-04-05T20:47:01.653
72 2 93 2016-04-05T20:47:01.653
72 52 93 2016-04-05T20:47:01.653
72 9 95 2016-04-05T20:53:16.487
72 22 95 2016-04-05T20:53:16.487
72 52 95 2016-04-05T20:53:16.487
91 1 103 2016-04-05T21:24:34.277
91 16 103 2016-04-05T21:24:34.277
113 9 111 2016-04-05T22:03:12.473
113 40 111 2016-04-05T22:03:12.473
123 22 112 2016-04-05T22:03:14.023
123 53 114 2016-04-05T22:08:06.197
123 54 114 2016-04-05T22:08:06.197
123 55 114 2016-04-05T22:08:06.197
72 9 122 2016-04-05T22:20:22.543
72 22 122 2016-04-05T22:20:22.543
21 32 123 2016-04-05T22:23:03.873
21 1 123 2016-04-05T22:23:03.873
85 9 124 2016-04-05T22:28:02.017
85 8 124 2016-04-05T22:28:02.017
85 56 124 2016-04-05T22:28:02.017
115 1 125 2016-04-05T22:29:51.27
115 46 125 2016-04-05T22:29:51.27
115 57 125 2016-04-05T22:29:51.27
126 1 126 2016-04-05T22:37:59.763
126 2 126 2016-04-05T22:37:59.763
126 58 126 2016-04-05T22:37:59.763
72 9 132 2016-04-05T23:03:59.367
72 22 132 2016-04-05T23:03:59.367
72 28 132 2016-04-05T23:03:59.367
72 2 132 2016-04-05T23:03:59.367
72 44 132 2016-04-05T23:03:59.367
64 9 137 2016-04-05T23:25:50.65
140 2 147 2016-04-06T00:15:26.493
140 23 147 2016-04-06T00:15:26.493
140 59 147 2016-04-06T00:15:26.493
64 9 154 2016-04-06T01:15:54.8
64 51 154 2016-04-06T01:15:54.8
85 60 158 2016-04-06T01:30:37.123
134 44 161 2016-04-06T01:37:53.403
134 61 161 2016-04-06T01:37:53.403
147 9 162 2016-04-06T01:41:27.167
147 62 162 2016-04-06T01:41:27.167
64 9 164 2016-04-06T01:42:31.617
64 28 164 2016-04-06T01:42:31.617
64 62 164 2016-04-06T01:42:31.617
134 22 173 2016-04-06T04:07:31.06
134 63 173 2016-04-06T04:07:31.06
164 9 178 2016-04-06T05:33:40.197
164 28 178 2016-04-06T05:33:40.197
164 35 178 2016-04-06T05:33:40.197
164 8 178 2016-04-06T05:33:40.197
13 9 184 2016-04-06T08:28:49.553
13 45 184 2016-04-06T08:28:49.553
180 10 186 2016-04-06T08:52:33.733
180 64 186 2016-04-06T08:52:33.733
181 32 187 2016-04-06T09:11:47.727
181 11 187 2016-04-06T09:11:47.727
177 9 188 2016-04-06T09:20:04.433
177 65 188 2016-04-06T09:20:04.433
91 8 194 2016-04-06T11:55:40.54
91 10 194 2016-04-06T11:55:40.54
91 1 194 2016-04-06T11:55:40.54
183 1 196 2016-04-06T12:28:35.397
183 66 196 2016-04-06T12:28:35.397
91 9 197 2016-04-06T12:37:51.78
78 9 199 2016-04-06T13:06:57.783
78 28 199 2016-04-06T13:06:57.783
123 10 202 2016-04-06T13:37:33.98
123 64 202 2016-04-06T13:37:33.98
123 67 202 2016-04-06T13:37:33.98
123 9 203 2016-04-06T13:48:09.143
123 1 203 2016-04-06T13:48:09.143
195 1 204 2016-04-06T14:04:31.467
195 57 204 2016-04-06T14:04:31.467
40 68 205 2016-04-06T14:18:51.697
40 9 206 2016-04-06T14:40:25.773
90 69 213 2016-04-06T15:47:31.1
6 9 217 2016-04-06T18:40:58.543
6 22 217 2016-04-06T18:40:58.543
101 1 218 2016-04-06T19:20:13.99
101 70 218 2016-04-06T19:20:13.99
101 71 218 2016-04-06T19:20:13.99
13 9 219 2016-04-06T19:40:33.857
13 72 219 2016-04-06T19:40:33.857
91 8 226 2016-04-06T21:33:58.217
91 41 226 2016-04-06T21:33:58.217
113 73 232 2016-04-06T22:25:08.017
64 9 237 2016-04-07T02:34:55.65
13 32 238 2016-04-07T05:59:36.853
13 74 238 2016-04-07T05:59:36.853
13 74 239 2016-04-07T06:37:31.82
13 75 239 2016-04-07T06:37:31.82
214 51 248 2016-04-07T12:59:07.937
214 76 248 2016-04-07T12:59:07.937
214 9 250 2016-04-07T13:13:53.81
214 5 250 2016-04-07T13:13:53.81
214 53 250 2016-04-07T13:13:53.81
142 9 251 2016-04-07T13:16:39.09
142 77 251 2016-04-07T13:16:39.09
64 9 257 2016-04-07T15:54:35.69
17 9 264 2016-04-07T18:31:13.02
17 75 264 2016-04-07T18:31:13.02
17 78 264 2016-04-07T18:31:13.02
85 2 265 2016-04-07T18:44:10.347
85 79 265 2016-04-07T18:44:10.347
113 32 274 2016-04-07T22:32:47.933
64 9 277 2016-04-07T23:52:29.15
64 80 277 2016-04-07T23:52:29.15
85 1 278 2016-04-07T23:58:12.183
85 60 278 2016-04-07T23:58:12.183
134 1 284 2016-04-08T04:29:41.49
134 46 284 2016-04-08T04:29:41.49
134 59 284 2016-04-08T04:29:41.49
149 16 287 2016-04-08T06:01:34.93
195 70 288 2016-04-08T06:53:14.443
195 58 288 2016-04-08T06:53:14.443
195 81 288 2016-04-08T06:53:14.443
13 82 289 2016-04-08T07:58:17.627
101 1 290 2016-04-08T08:14:49.943
101 83 290 2016-04-08T08:14:49.943
172 1 291 2016-04-08T08:27:23.617
172 2 291 2016-04-08T08:27:23.617
172 84 291 2016-04-08T08:27:23.617
113 85 292 2016-04-08T10:50:56.103
113 86 292 2016-04-08T10:50:56.103
113 16 292 2016-04-08T10:50:56.103
91 9 299 2016-04-08T21:57:16.063
91 1 299 2016-04-08T21:57:16.063
233 87 308 2016-04-09T04:56:47.17
233 2 309 2016-04-09T05:41:26.077
233 88 309 2016-04-09T05:41:26.077
91 2 319 2016-04-10T00:00:45.173
91 15 319 2016-04-10T00:00:45.173
99 39 321 2016-04-10T00:48:36.443
99 81 321 2016-04-10T00:48:36.443
214 57 326 2016-04-10T18:08:32.62
214 89 326 2016-04-10T18:08:32.62
113 9 328 2016-04-10T22:42:28.737
113 62 328 2016-04-10T22:42:28.737
133 9 331 2016-04-11T11:38:02.407
133 8 331 2016-04-11T11:38:02.407
133 35 331 2016-04-11T11:38:02.407
64 9 335 2016-04-11T17:01:37.39
64 1 335 2016-04-11T17:01:37.39
64 90 335 2016-04-11T17:01:37.39
100 32 379 2016-04-12T02:45:41.147
100 75 379 2016-04-12T02:45:41.147
100 2 380 2016-04-12T03:06:33.513
100 87 380 2016-04-12T03:06:33.513
237 9 382 2016-04-12T09:30:17.14
237 91 382 2016-04-12T09:30:17.14
13 72 393 2016-04-13T17:26:37.403
13 87 393 2016-04-13T17:26:37.403
13 92 393 2016-04-13T17:26:37.403
62 9 402 2016-04-14T12:52:46.54
62 26 402 2016-04-14T12:52:46.54
113 46 404 2016-04-14T12:53:27.917
113 93 404 2016-04-14T12:53:27.917
113 94 404 2016-04-14T12:53:27.917
91 9 406 2016-04-14T21:15:41.723
91 1 406 2016-04-14T21:15:41.723
91 95 406 2016-04-14T21:15:41.723
85 9 410 2016-04-15T22:28:57.103
85 1 410 2016-04-15T22:28:57.103
85 28 410 2016-04-15T22:28:57.103
85 93 410 2016-04-15T22:28:57.103
85 7 410 2016-04-15T22:28:57.103
30 33 416 2016-04-16T10:18:35.183
30 91 416 2016-04-16T10:18:35.183
30 7 416 2016-04-16T10:18:35.183
151 1 420 2016-04-16T17:30:22.437
151 96 420 2016-04-16T17:30:22.437
19 9 426 2016-04-16T19:52:50.9
19 97 426 2016-04-16T19:52:50.9
19 98 426 2016-04-16T19:52:50.9
141 32 435 2016-04-18T04:25:36.147
141 75 435 2016-04-18T04:25:36.147
214 9 436 2016-04-18T04:46:32.837
214 2 436 2016-04-18T04:46:32.837
214 28 436 2016-04-18T04:46:32.837
30 2 439 2016-04-18T13:04:36.887
30 33 439 2016-04-18T13:04:36.887
99 33 440 2016-04-18T13:58:27.417
99 31 440 2016-04-18T13:58:27.417
13 32 442 2016-04-18T14:13:12.817
13 50 442 2016-04-18T14:13:12.817
13 99 442 2016-04-18T14:13:12.817
141 9 447 2016-04-18T16:51:54.86
141 32 447 2016-04-18T16:51:54.86
142 8 449 2016-04-19T00:40:29.16
142 100 449 2016-04-19T00:40:29.16
150 2 450 2016-04-19T06:27:05.487
113 2 454 2016-04-19T12:37:43.397
113 101 454 2016-04-19T12:37:43.397
133 10 462 2016-04-21T08:30:10.733
305 99 471 2016-04-22T12:42:19.193
305 102 471 2016-04-22T12:42:19.193
305 103 471 2016-04-22T12:42:19.193
305 104 471 2016-04-22T12:42:19.193
305 92 471 2016-04-22T12:42:19.193
13 32 473 2016-04-22T21:53:16.713
13 99 473 2016-04-22T21:53:16.713
13 50 473 2016-04-22T21:53:16.713
91 9 476 2016-04-23T23:35:28.367
13 9 479 2016-04-24T02:08:07.923
13 33 479 2016-04-24T02:08:07.923
19 2 481 2016-04-24T13:44:14.35
19 13 481 2016-04-24T13:44:14.35
19 49 481 2016-04-24T13:44:14.35
313 33 482 2016-04-24T15:11:26.627
313 91 482 2016-04-24T15:11:26.627
113 87 490 2016-04-25T10:31:39.35
113 85 490 2016-04-25T10:31:39.35
113 105 490 2016-04-25T10:31:39.35
195 9 491 2016-04-25T11:39:27.19
195 8 491 2016-04-25T11:39:27.19
195 53 491 2016-04-25T11:39:27.19
195 106 491 2016-04-25T11:39:27.19
40 68 494 2016-04-25T18:24:42.443
91 22 496 2016-04-26T01:46:16.497
91 90 496 2016-04-26T01:46:16.497
91 65 496 2016-04-26T01:46:16.497
91 1 497 2016-04-26T01:49:04.947
68 9 502 2016-04-26T08:12:29.527
68 65 502 2016-04-26T08:12:29.527
68 107 502 2016-04-26T08:12:29.527
91 9 521 2016-04-27T22:11:50.713
91 1 521 2016-04-27T22:11:50.713
361 9 531 2016-04-30T06:50:06.283
361 22 531 2016-04-30T06:50:06.283
361 8 531 2016-04-30T06:50:06.283
365 11 533 2016-05-01T00:58:44.953
365 75 533 2016-05-01T00:58:44.953
365 70 533 2016-05-01T00:58:44.953
369 9 538 2016-05-02T10:45:35.87
147 13 540 2016-05-02T13:41:36.543
371 87 541 2016-05-02T14:43:55.77
371 105 541 2016-05-02T14:43:55.77
56 9 542 2016-05-02T16:19:33.207
56 15 542 2016-05-02T16:19:33.207
56 9 543 2016-05-02T16:38:17.907
91 9 547 2016-05-02T23:17:16.097
91 1 547 2016-05-02T23:17:16.097
120 10 556 2016-05-04T05:05:37.387
120 75 556 2016-05-04T05:05:37.387
120 65 556 2016-05-04T05:05:37.387
91 45 567 2016-05-07T00:13:20.91
408 9 571 2016-05-08T00:16:57.363
408 1 571 2016-05-08T00:16:57.363
408 21 571 2016-05-08T00:16:57.363
85 32 579 2016-05-10T01:42:00.393
85 28 579 2016-05-10T01:42:00.393
85 84 579 2016-05-10T01:42:00.393
425 94 582 2016-05-10T10:29:32.223
425 16 582 2016-05-10T10:29:32.223
425 71 582 2016-05-10T10:29:32.223
425 86 582 2016-05-10T10:29:32.223
425 108 582 2016-05-10T10:29:32.223
109 2 583 2016-05-10T12:47:47.17
109 22 583 2016-05-10T12:47:47.17
200 87 584 2016-05-10T20:01:53.403
200 65 584 2016-05-10T20:01:53.403
200 109 584 2016-05-10T20:01:53.403
8 9 601 2016-05-12T05:50:00.377
141 9 608 2016-05-14T01:41:13.917
141 22 608 2016-05-14T01:41:13.917
141 94 608 2016-05-14T01:41:13.917
141 9 609 2016-05-14T01:47:03.383
141 22 609 2016-05-14T01:47:03.383
141 110 609 2016-05-14T01:47:03.383
450 9 614 2016-05-14T12:47:02.033
450 22 614 2016-05-14T12:47:02.033
463 87 620 2016-05-16T05:19:58.73
463 94 620 2016-05-16T05:19:58.73
463 16 620 2016-05-16T05:19:58.73
463 111 620 2016-05-16T05:19:58.73
91 1 627 2016-05-17T23:02:17.113
305 99 628 2016-05-19T12:08:01.223
305 102 628 2016-05-19T12:08:01.223
305 112 628 2016-05-19T12:08:01.223
13 110 632 2016-05-21T11:00:15.257
195 113 635 2016-05-23T09:44:49.2
144 9 637 2016-05-23T15:16:04.997
144 110 637 2016-05-23T15:16:04.997
509 8 641 2016-05-25T13:26:50.597
509 33 641 2016-05-25T13:26:50.597
13 8 643 2016-05-28T10:24:53.243
13 72 643 2016-05-28T10:24:53.243
13 56 643 2016-05-28T10:24:53.243
13 114 643 2016-05-28T10:24:53.243
533 9 646 2016-05-29T02:56:04.08
533 93 646 2016-05-29T02:56:04.08
534 45 647 2016-05-29T10:38:54.383
534 115 647 2016-05-29T10:38:54.383
537 87 649 2016-05-29T14:15:03.057
537 23 649 2016-05-29T14:15:03.057
41 87 651 2016-05-30T06:00:55.96
41 93 651 2016-05-30T06:00:55.96
539 9 653 2016-05-30T11:27:25.6
539 22 653 2016-05-30T11:27:25.6
509 32 658 2016-06-01T13:47:15.637
509 33 658 2016-06-01T13:47:15.637
509 51 658 2016-06-01T13:47:15.637
509 109 658 2016-06-01T13:47:15.637
555 9 659 2016-06-01T16:24:54.887
555 32 659 2016-06-01T16:24:54.887
555 116 659 2016-06-01T16:24:54.887
559 9 662 2016-06-01T21:38:33.57
559 70 662 2016-06-01T21:38:33.57
559 39 662 2016-06-01T21:38:33.57
142 87 668 2016-06-05T22:46:44.26
142 91 668 2016-06-05T22:46:44.26
142 117 668 2016-06-05T22:46:44.26
555 2 671 2016-06-06T08:00:42.03
5 9 677 2016-06-07T12:12:42.347
5 11 677 2016-06-07T12:12:42.347
5 98 677 2016-06-07T12:12:42.347
168 1 682 2016-06-08T12:37:04.9
168 8 682 2016-06-08T12:37:04.9
603 9 686 2016-06-09T14:28:30.38
603 22 686 2016-06-09T14:28:30.38
603 65 686 2016-06-09T14:28:30.38
605 9 689 2016-06-10T07:56:21.657
91 9 694 2016-06-11T11:14:24.513
91 45 694 2016-06-11T11:14:24.513
113 74 695 2016-06-11T14:19:19.143
113 13 698 2016-06-12T01:53:10.587
168 9 701 2016-06-12T12:20:48.297
168 36 701 2016-06-12T12:20:48.297
168 107 701 2016-06-12T12:20:48.297
91 9 705 2016-06-12T16:26:37.56
91 45 705 2016-06-12T16:26:37.56
56 9 707 2016-06-12T17:09:06.213
56 43 707 2016-06-12T17:09:06.213
56 118 707 2016-06-12T17:09:06.213
168 2 716 2016-06-14T08:15:46.073
168 94 716 2016-06-14T08:15:46.073
168 119 716 2016-06-14T08:15:46.073
647 87 736 2016-06-15T21:09:49.173
305 72 742 2016-06-16T07:24:09.773
305 56 742 2016-06-16T07:24:09.773
600 9 744 2016-06-16T12:58:19.353
600 22 744 2016-06-16T12:58:19.353
600 8 744 2016-06-16T12:58:19.353
660 90 796 2016-06-18T05:40:04.277
660 120 796 2016-06-18T05:40:04.277
168 8 827 2016-06-19T14:08:18.993
168 94 827 2016-06-19T14:08:18.993
168 36 827 2016-06-19T14:08:18.993
168 107 827 2016-06-19T14:08:18.993
91 94 834 2016-06-20T00:50:35.44
91 36 834 2016-06-20T00:50:35.44
91 121 834 2016-06-20T00:50:35.44
677 87 835 2016-06-20T07:37:31.697
677 4 835 2016-06-20T07:37:31.697
694 10 858 2016-06-22T20:47:23.023
694 11 858 2016-06-22T20:47:23.023
708 16 861 2016-06-26T00:46:46.04
708 99 861 2016-06-26T00:46:46.04
708 50 861 2016-06-26T00:46:46.04
708 122 861 2016-06-26T00:46:46.04
141 9 862 2016-06-26T06:01:26.85
141 10 862 2016-06-26T06:01:26.85
141 123 862 2016-06-26T06:01:26.85
711 87 863 2016-06-26T19:36:05.66
711 10 863 2016-06-26T19:36:05.66
711 83 863 2016-06-26T19:36:05.66
726 8 871 2016-06-29T21:22:15.443
726 65 871 2016-06-29T21:22:15.443
726 116 871 2016-06-29T21:22:15.443
168 8 875 2016-07-04T11:00:37.26
168 35 875 2016-07-04T11:00:37.26
168 72 875 2016-07-04T11:00:37.26
168 56 875 2016-07-04T11:00:37.26
758 87 877 2016-07-04T21:36:23.51
758 65 877 2016-07-04T21:36:23.51
758 124 877 2016-07-04T21:36:23.51
771 87 880 2016-07-07T21:58:24.653
771 65 880 2016-07-07T21:58:24.653
771 90 880 2016-07-07T21:58:24.653
771 125 880 2016-07-07T21:58:24.653
779 9 890 2016-07-09T14:10:01.15
779 43 890 2016-07-09T14:10:01.15
13 70 892 2016-07-11T21:02:12.183
13 91 892 2016-07-11T21:02:12.183
13 43 892 2016-07-11T21:02:12.183
794 87 893 2016-07-13T14:13:58.237
794 90 893 2016-07-13T14:13:58.237
794 106 893 2016-07-13T14:13:58.237
809 87 899 2016-07-16T15:25:58.747
809 8 899 2016-07-16T15:25:58.747
809 90 899 2016-07-16T15:25:58.747
809 107 899 2016-07-16T15:25:58.747
809 126 899 2016-07-16T15:25:58.747
819 11 902 2016-07-14T12:14:04.86
819 98 902 2016-07-14T12:14:04.86
820 9 906 2016-07-18T14:57:32.417
820 13 906 2016-07-18T14:57:32.417
851 9 922 2016-07-23T01:44:18.713
851 38 922 2016-07-23T01:44:18.713
113 85 935 2016-07-30T03:50:27.263
113 92 935 2016-07-30T03:50:27.263
113 85 937 2016-07-30T09:30:59.127
113 48 937 2016-07-30T09:30:59.127
891 9 942 2016-07-30T16:19:46.32
891 28 942 2016-07-30T16:19:46.32
891 5 942 2016-07-30T16:19:46.32
891 127 942 2016-07-30T16:19:46.32
891 9 943 2016-07-30T17:01:52.497
891 2 943 2016-07-30T17:01:52.497
113 57 944 2016-07-31T01:27:06.203
113 72 953 2016-07-31T07:57:25.807
905 87 957 2016-08-01T14:24:01.447
905 107 957 2016-08-01T14:24:01.447
905 90 957 2016-08-01T14:24:01.447
905 11 957 2016-08-01T14:24:01.447
905 25 957 2016-08-01T14:24:01.447
113 87 961 2016-08-02T10:54:27.953
113 90 961 2016-08-02T10:54:27.953
113 85 961 2016-08-02T10:54:27.953
113 128 961 2016-08-02T10:54:27.953
800 2 965 2016-08-03T17:23:28.937
800 75 965 2016-08-03T17:23:28.937
800 23 965 2016-08-03T17:23:28.937
913 8 966 2016-08-03T22:06:15.823
913 10 966 2016-08-03T22:06:15.823
913 65 966 2016-08-03T22:06:15.823
913 107 966 2016-08-03T22:06:15.823
913 5 966 2016-08-03T22:06:15.823
168 93 1969 2016-08-04T09:51:30.563
168 43 1969 2016-08-04T09:51:30.563
168 129 1969 2016-08-04T09:51:30.563
1919 22 1970 2016-08-04T15:33:19.557
1919 130 1970 2016-08-04T15:33:19.557
891 20 1972 2016-08-04T19:09:30.17
891 131 1972 2016-08-04T19:09:30.17
891 9 1981 2016-08-06T11:22:51.957
891 91 1981 2016-08-06T11:22:51.957
1927 65 1985 2016-08-06T18:32:37.58
1927 4 1985 2016-08-06T18:32:37.58
1927 128 1985 2016-08-06T18:32:37.58
1927 60 1995 2016-08-07T14:55:09.91
1927 84 1995 2016-08-07T14:55:09.91
1927 47 1995 2016-08-07T14:55:09.91
1937 4 2000 2016-08-07T19:10:29.253
1937 57 2000 2016-08-07T19:10:29.253
1955 9 2014 2016-08-08T10:01:06.813
1955 22 2014 2016-08-08T10:01:06.813
1955 60 2014 2016-08-08T10:01:06.813
1935 9 2016 2016-08-08T14:49:45.887
1935 91 2016 2016-08-08T14:49:45.887
1970 11 2019 2016-08-08T19:48:41.897
1970 57 2019 2016-08-08T19:48:41.897
1955 9 2026 2016-08-09T11:02:37.577
40 23 2029 2016-08-09T13:41:09.89
40 16 2029 2016-08-09T13:41:09.89
1955 9 2032 2016-08-09T20:31:28.377
1969 2 2033 2016-08-09T20:41:47.003
1993 87 2037 2016-08-10T08:55:11.31
1999 9 2043 2016-08-10T14:44:25.353
1999 15 2043 2016-08-10T14:44:25.353
2001 4 2044 2016-08-10T16:16:21.927
2001 132 2044 2016-08-10T16:16:21.927
1942 87 2058 2016-08-11T13:26:57.793
1942 120 2058 2016-08-11T13:26:57.793
1942 11 2058 2016-08-11T13:26:57.793
1942 130 2058 2016-08-11T13:26:57.793
1942 99 2060 2016-08-11T17:30:59.83
1942 133 2060 2016-08-11T17:30:59.83
1929 9 2062 2016-08-11T19:55:02.47
1929 46 2062 2016-08-11T19:55:02.47
1929 134 2062 2016-08-11T19:55:02.47
2001 9 2069 2016-08-12T13:40:01.327
2001 8 2069 2016-08-12T13:40:01.327
2018 21 2072 2016-08-12T16:05:35.957
2018 24 2072 2016-08-12T16:05:35.957
2044 9 2096 2016-08-15T16:02:10.627
2044 8 2096 2016-08-15T16:02:10.627
2044 135 2096 2016-08-15T16:02:10.627
2053 9 2100 2016-08-16T13:19:33.627
2053 22 2100 2016-08-16T13:19:33.627
2053 8 2100 2016-08-16T13:19:33.627
91 34 2105 2016-08-17T01:49:16.9
91 30 2105 2016-08-17T01:49:16.9
91 136 2105 2016-08-17T01:49:16.9
2062 87 2109 2016-08-17T09:09:34.017
2062 11 2109 2016-08-17T09:09:34.017
823 131 2110 2016-08-17T09:57:01.067
800 9 2121 2016-08-18T10:37:19.413
800 105 2121 2016-08-18T10:37:19.413
800 1 2124 2016-08-19T14:37:51.09
800 28 2124 2016-08-19T14:37:51.09
800 10 2124 2016-08-19T14:37:51.09
800 67 2124 2016-08-19T14:37:51.09
2073 9 2126 2016-08-20T13:54:46.543
2073 22 2126 2016-08-20T13:54:46.543
2073 94 2126 2016-08-20T13:54:46.543
800 75 2128 2016-08-20T17:44:22.76
800 137 2128 2016-08-20T17:44:22.76
794 32 2131 2016-08-21T03:45:43.727
794 25 2131 2016-08-21T03:45:43.727
2074 22 2138 2016-08-28T15:25:52.8
2074 87 2138 2016-08-28T15:25:52.8
2074 65 2138 2016-08-28T15:25:52.8
800 9 2140 2016-08-29T18:10:18.827
800 26 2140 2016-08-29T18:10:18.827
2166 87 2144 2016-09-06T17:30:46.387
2166 41 2144 2016-09-06T17:30:46.387
470 11 2147 2016-09-08T06:16:24.437
470 70 2147 2016-09-08T06:16:24.437
2186 32 2150 2016-09-09T20:21:07.597
2186 138 2150 2016-09-09T20:21:07.597
2188 9 2152 2016-09-10T12:05:18.547
2188 23 2152 2016-09-10T12:05:18.547
2188 59 2152 2016-09-10T12:05:18.547
13 131 2158 2016-09-14T14:10:31.94
13 139 2158 2016-09-14T14:10:31.94
2210 107 2159 2016-09-15T08:55:23.44
2210 105 2159 2016-09-15T08:55:23.44
113 85 2162 2016-09-17T11:10:18.633
113 120 2162 2016-09-17T11:10:18.633
2236 9 2165 2016-09-18T15:20:54.687
2236 23 2165 2016-09-18T15:20:54.687
2236 46 2165 2016-09-18T15:20:54.687
2236 16 2165 2016-09-18T15:20:54.687
708 87 2167 2016-09-19T09:36:01.463
708 16 2167 2016-09-19T09:36:01.463
142 94 2168 2016-09-19T15:10:48.083
113 85 2170 2016-09-21T10:04:24.787
113 140 2170 2016-09-21T10:04:24.787
113 141 2170 2016-09-21T10:04:24.787
800 1 2176 2016-09-22T10:32:58.373
800 75 2176 2016-09-22T10:32:58.373
800 131 2176 2016-09-22T10:32:58.373
195 9 2214 2016-09-23T06:12:00.96
195 32 2214 2016-09-23T06:12:00.96
195 53 2214 2016-09-23T06:12:00.96
195 87 2215 2016-09-23T06:26:11.21
195 22 2215 2016-09-23T06:26:11.21
195 90 2215 2016-09-23T06:26:11.21
195 65 2215 2016-09-23T06:26:11.21
195 142 2215 2016-09-23T06:26:11.21
13 1 2222 2016-09-23T10:29:03.81
13 8 2222 2016-09-23T10:29:03.81
13 75 2222 2016-09-23T10:29:03.81
13 143 2222 2016-09-23T10:29:03.81
800 1 2223 2016-09-23T10:31:23.03
800 144 2223 2016-09-23T10:31:23.03
800 145 2223 2016-09-23T10:31:23.03
800 1 2228 2016-09-24T19:06:37.28
800 10 2228 2016-09-24T19:06:37.28
2265 9 2229 2016-09-25T09:48:33.733
2265 75 2229 2016-09-25T09:48:33.733
2265 131 2229 2016-09-25T09:48:33.733
800 131 2232 2016-09-25T19:28:08.09
2269 41 2237 2016-09-24T14:33:48.37
2272 32 2239 2016-09-26T15:03:57.583
2272 116 2239 2016-09-26T15:03:57.583
800 1 2240 2016-09-26T19:29:49.16
800 146 2240 2016-09-26T19:29:49.16
800 144 2240 2016-09-26T19:29:49.16
800 9 2245 2016-09-27T18:08:31.183
800 16 2245 2016-09-27T18:08:31.183
800 131 2245 2016-09-27T18:08:31.183
2277 51 2246 2016-09-27T18:54:32.77
2280 9 2247 2016-09-28T13:59:10.663
2280 1 2247 2016-09-28T13:59:10.663
2280 2 2247 2016-09-28T13:59:10.663
2282 9 2248 2016-09-28T22:22:45.283
2282 8 2248 2016-09-28T22:22:45.283
2282 72 2248 2016-09-28T22:22:45.283
2282 35 2248 2016-09-28T22:22:45.283
800 1 2252 2016-09-29T12:09:02.227
800 5 2252 2016-09-29T12:09:02.227
91 1 2254 2016-09-29T23:09:17.783
91 2 2254 2016-09-29T23:09:17.783
2288 9 2256 2016-09-30T04:06:06.98
2288 8 2256 2016-09-30T04:06:06.98
2288 28 2256 2016-09-30T04:06:06.98
2288 35 2256 2016-09-30T04:06:06.98
2288 56 2256 2016-09-30T04:06:06.98
800 1 2257 2016-09-30T09:35:07.887
800 5 2257 2016-09-30T09:35:07.887
800 144 2257 2016-09-30T09:35:07.887
800 1 2258 2016-09-30T09:48:10.45
800 5 2258 2016-09-30T09:48:10.45
800 144 2258 2016-09-30T09:48:10.45
2289 2 2259 2016-09-30T10:06:31.403
2289 9 2260 2016-09-30T10:41:06.663
2289 58 2260 2016-09-30T10:41:06.663
2289 32 2262 2016-09-30T13:48:22.733
2289 94 2262 2016-09-30T13:48:22.733
2289 128 2262 2016-09-30T13:48:22.733
142 1 2266 2016-10-01T12:01:39.087
142 94 2266 2016-10-01T12:01:39.087
2295 9 2268 2016-10-02T12:00:34.427
2295 8 2268 2016-10-02T12:00:34.427
2295 62 2268 2016-10-02T12:00:34.427
2298 9 2270 2016-10-02T21:10:00.34
2298 2 2270 2016-10-02T21:10:00.34
2298 22 2270 2016-10-02T21:10:00.34
2298 77 2270 2016-10-02T21:10:00.34
2289 22 2272 2016-10-04T11:06:47.9
2289 57 2272 2016-10-04T11:06:47.9
800 9 2282 2016-10-05T21:01:23.057
800 22 2282 2016-10-05T21:01:23.057
800 147 2282 2016-10-05T21:01:23.057
2308 87 2283 2016-10-06T00:33:01.717
2308 65 2283 2016-10-06T00:33:01.717
40 9 2287 2016-10-06T14:53:21.58
40 8 2287 2016-10-06T14:53:21.58
2313 94 2290 2016-10-06T05:49:22.6
2313 13 2290 2016-10-06T05:49:22.6
2313 108 2290 2016-10-06T05:49:22.6
40 23 2296 2016-10-07T15:20:44.187
40 45 2296 2016-10-07T15:20:44.187
740 1 2302 2016-10-08T10:32:36.937
740 8 2302 2016-10-08T10:32:36.937
740 91 2302 2016-10-08T10:32:36.937
740 38 2302 2016-10-08T10:32:36.937
13 87 2306 2016-10-09T10:18:35.423
13 32 2306 2016-10-09T10:18:35.423
13 92 2306 2016-10-09T10:18:35.423
800 9 2308 2016-10-09T21:04:40.087
800 57 2308 2016-10-09T21:04:40.087
2167 87 2313 2016-10-10T19:13:58.32
2167 34 2313 2016-10-10T19:13:58.32
800 32 2318 2016-10-12T11:31:33.863
800 92 2318 2016-10-12T11:31:33.863
91 1 2322 2016-10-12T21:25:08.067
91 2 2322 2016-10-12T21:25:08.067
2349 8 2323 2016-10-13T17:23:16.983
2367 9 2332 2016-10-17T13:43:32.327
2367 22 2332 2016-10-17T13:43:32.327
2367 128 2332 2016-10-17T13:43:32.327
2376 22 2341 2016-10-19T00:02:26.8
2376 87 2341 2016-10-19T00:02:26.8
2376 90 2341 2016-10-19T00:02:26.8
2376 120 2341 2016-10-19T00:02:26.8
2376 148 2341 2016-10-19T00:02:26.8
2167 87 2342 2016-10-19T14:02:15.21
2167 16 2342 2016-10-19T14:02:15.21
2167 41 2342 2016-10-19T14:02:15.21
2167 55 2342 2016-10-19T14:02:15.21
2167 126 2342 2016-10-19T14:02:15.21
2370 9 2344 2016-10-19T17:00:28.6
2370 56 2344 2016-10-19T17:00:28.6
740 41 2347 2016-10-22T00:05:09.843
740 4 2347 2016-10-22T00:05:09.843
740 15 2347 2016-10-22T00:05:09.843
740 9 2348 2016-10-22T00:20:09.847
740 28 2348 2016-10-22T00:20:09.847
740 94 2348 2016-10-22T00:20:09.847
740 23 2348 2016-10-22T00:20:09.847
2289 2 2349 2016-10-22T10:13:42.657
2289 128 2349 2016-10-22T10:13:42.657
2289 149 2349 2016-10-22T10:13:42.657
740 9 2351 2016-10-22T13:32:20.507
740 1 2351 2016-10-22T13:32:20.507
740 35 2351 2016-10-22T13:32:20.507
740 15 2351 2016-10-22T13:32:20.507
800 9 2361 2016-10-26T14:15:41.387
800 120 2361 2016-10-26T14:15:41.387
800 147 2361 2016-10-26T14:15:41.387
2260 9 2364 2016-10-27T13:23:15.923
2260 150 2364 2016-10-27T13:23:15.923
2415 33 2366 2016-10-28T10:07:22.85
2415 147 2366 2016-10-28T10:07:22.85
91 13 2370 2016-10-29T11:21:09.657
91 147 2370 2016-10-29T11:21:09.657
2426 94 2376 2016-10-31T09:47:27.99
425 9 2382 2016-11-01T22:32:02.75
425 28 2382 2016-11-01T22:32:02.75
425 7 2382 2016-11-01T22:32:02.75
425 6 2382 2016-11-01T22:32:02.75
425 69 2382 2016-11-01T22:32:02.75
425 22 2385 2016-11-02T03:11:04.66
425 44 2385 2016-11-02T03:11:04.66
425 116 2385 2016-11-02T03:11:04.66
2445 11 2388 2016-11-02T13:34:57.597
2445 107 2388 2016-11-02T13:34:57.597
2445 93 2388 2016-11-02T13:34:57.597
2445 123 2388 2016-11-02T13:34:57.597
800 1 2390 2016-11-03T14:06:19.603
800 28 2390 2016-11-03T14:06:19.603
800 150 2390 2016-11-03T14:06:19.603
2475 73 2399 2016-11-07T15:00:08.933
2475 127 2399 2016-11-07T15:00:08.933
91 1 2405 2016-11-10T02:21:45.733
91 10 2405 2016-11-10T02:21:45.733
91 139 2405 2016-11-10T02:21:45.733
2487 10 2407 2016-11-10T22:00:07.637
2487 128 2407 2016-11-10T22:00:07.637
2487 149 2407 2016-11-10T22:00:07.637
800 87 2417 2016-11-13T18:28:57.407
800 9 2419 2016-11-14T18:40:40.69
800 1 2419 2016-11-14T18:40:40.69
2517 87 2425 2016-11-17T20:46:27.663
2517 151 2425 2016-11-17T20:46:27.663
2521 8 2427 2016-11-18T07:12:51.25
2521 10 2427 2016-11-18T07:12:51.25
2521 123 2427 2016-11-18T07:12:51.25
2525 9 2428 2016-11-18T19:36:26.823
2525 109 2428 2016-11-18T19:36:26.823
2533 9 2431 2016-11-21T12:07:18.81
2533 25 2431 2016-11-21T12:07:18.81
800 147 2436 2016-11-22T18:53:22.767
144 1 2438 2016-11-26T02:59:33.947
144 152 2438 2016-11-26T02:59:33.947
144 87 2442 2016-11-26T20:28:48.273
144 10 2442 2016-11-26T20:28:48.273
144 152 2442 2016-11-26T20:28:48.273
2260 23 2444 2016-11-27T03:23:08.527
2260 16 2444 2016-11-27T03:23:08.527
2260 46 2444 2016-11-27T03:23:08.527
2260 134 2444 2016-11-27T03:23:08.527
800 13 2447 2016-11-29T15:17:15.647
85 9 2449 2016-11-30T16:58:10.073
85 8 2449 2016-11-30T16:58:10.073
85 28 2449 2016-11-30T16:58:10.073
85 94 2449 2016-11-30T16:58:10.073
85 153 2449 2016-11-30T16:58:10.073
144 152 2456 2016-12-01T08:19:15.427
144 152 2458 2016-12-01T08:30:56.143
2578 23 2461 2016-12-02T12:51:13.23
2578 154 2461 2016-12-02T12:51:13.23
800 9 2462 2016-12-02T20:57:58.35
800 1 2462 2016-12-02T20:57:58.35
800 8 2462 2016-12-02T20:57:58.35
2020 26 2463 2016-12-02T20:58:20.28
800 9 2477 2016-12-09T21:51:14.567
800 8 2477 2016-12-09T21:51:14.567
91 9 2481 2016-12-11T00:34:50.303
91 1 2481 2016-12-11T00:34:50.303
800 1 2483 2016-12-12T16:51:17.563
800 131 2483 2016-12-12T16:51:17.563
800 9 2485 2016-12-13T16:35:27.24
800 1 2485 2016-12-13T16:35:27.24
800 94 2485 2016-12-13T16:35:27.24
85 84 2488 2016-12-14T05:28:06.273
85 96 2488 2016-12-14T05:28:06.273
2404 87 2489 2016-12-14T15:14:27.293
2404 2 2489 2016-12-14T15:14:27.293
2404 120 2489 2016-12-14T15:14:27.293
800 87 2498 2016-12-18T19:51:10.83
800 124 2498 2016-12-18T19:51:10.83
85 10 2500 2016-12-19T01:56:03.747
85 35 2500 2016-12-19T01:56:03.747
85 56 2500 2016-12-19T01:56:03.747
2643 34 2501 2016-12-19T09:04:33.403
2643 143 2501 2016-12-19T09:04:33.403
2644 87 2502 2016-12-19T09:27:57.69
2644 127 2502 2016-12-19T09:27:57.69
85 65 2507 2016-12-21T00:13:00.05
85 140 2507 2016-12-21T00:13:00.05
800 9 2510 2016-12-22T16:13:19.34
800 1 2510 2016-12-22T16:13:19.34
800 23 2510 2016-12-22T16:13:19.34
800 16 2510 2016-12-22T16:13:19.34
800 131 2510 2016-12-22T16:13:19.34
775 57 2514 2016-12-25T18:05:31.57
2260 32 2517 2016-12-26T02:02:34.113
2260 155 2517 2016-12-26T02:02:34.113
2666 8 2518 2016-12-26T08:25:35.853
2666 128 2518 2016-12-26T08:25:35.853
2666 150 2518 2016-12-26T08:25:35.853
91 9 2523 2016-12-26T23:57:19.413
800 131 2524 2016-12-27T02:38:20.91
800 140 2524 2016-12-27T02:38:20.91
800 144 2524 2016-12-27T02:38:20.91
2522 9 2528 2016-12-27T08:30:37.33
2522 22 2528 2016-12-27T08:30:37.33
2522 46 2528 2016-12-27T08:30:37.33
800 9 2538 2016-12-28T23:33:51.587
800 22 2538 2016-12-28T23:33:51.587
800 10 2538 2016-12-28T23:33:51.587
2525 9 2542 2016-12-29T17:16:10.44
2525 109 2542 2016-12-29T17:16:10.44
800 1 2548 2016-12-31T19:15:43.797
800 2 2548 2016-12-31T19:15:43.797
800 131 2550 2017-01-02T00:58:20.93
800 155 2550 2017-01-02T00:58:20.93
2404 1 2553 2017-01-05T00:52:32.787
2404 93 2553 2017-01-05T00:52:32.787
2260 32 2554 2017-01-05T02:02:15.43
2260 156 2554 2017-01-05T02:02:15.43
91 1 2568 2017-01-12T00:10:12.17
2740 1 2571 2017-01-12T17:19:21.693
2740 32 2571 2017-01-12T17:19:21.693
2744 126 2572 2017-01-12T23:56:43.81
2744 77 2572 2017-01-12T23:56:43.81
2746 9 2573 2017-01-13T10:00:03.267
2746 22 2573 2017-01-13T10:00:03.267
2746 2 2573 2017-01-13T10:00:03.267
2746 75 2573 2017-01-13T10:00:03.267
2746 131 2573 2017-01-13T10:00:03.267
800 9 2574 2017-01-13T14:58:50.64
800 1 2574 2017-01-13T14:58:50.64
800 16 2574 2017-01-13T14:58:50.64
800 131 2574 2017-01-13T14:58:50.64
800 46 2574 2017-01-13T14:58:50.64
2746 34 2575 2017-01-13T16:28:30.377
2746 30 2575 2017-01-13T16:28:30.377
2746 2 2578 2017-01-16T00:29:12.203
2746 75 2578 2017-01-16T00:29:12.203
2746 30 2578 2017-01-16T00:29:12.203
113 57 2579 2017-01-16T09:27:45.53
113 116 2579 2017-01-16T09:27:45.53
113 157 2579 2017-01-16T09:27:45.53
800 9 2580 2017-01-16T16:14:12.02
800 1 2580 2017-01-16T16:14:12.02
113 157 2588 2017-01-18T11:06:41.173
113 158 2588 2017-01-18T11:06:41.173
2583 75 2595 2017-01-19T08:37:47.487
2583 64 2595 2017-01-19T08:37:47.487
2583 9 2597 2017-01-19T09:27:27.007
2583 16 2597 2017-01-19T09:27:27.007
2583 126 2597 2017-01-19T09:27:27.007
2583 159 2597 2017-01-19T09:27:27.007
2776 87 2601 2017-01-20T06:41:12.827
2776 107 2601 2017-01-20T06:41:12.827
2776 126 2601 2017-01-20T06:41:12.827
2342 87 2602 2017-01-20T19:47:20.653
2342 107 2602 2017-01-20T19:47:20.653
2342 124 2602 2017-01-20T19:47:20.653
2782 9 2604 2017-01-16T22:23:22.06
2782 94 2604 2017-01-16T22:23:22.06
2782 93 2604 2017-01-16T22:23:22.06
523 57 2606 2017-01-21T18:33:55.88
523 41 2606 2017-01-21T18:33:55.88
523 25 2606 2017-01-21T18:33:55.88
2795 87 2610 2017-01-24T11:06:32.513
2795 126 2610 2017-01-24T11:06:32.513
46 8 2617 2017-01-28T18:37:53.647
2433 57 2621 2017-02-01T12:44:03.643
2433 25 2621 2017-02-01T12:44:03.643
2433 109 2621 2017-02-01T12:44:03.643
85 160 2629 2017-02-04T14:19:22.317
2746 9 2633 2017-02-09T02:52:23.233
2746 8 2633 2017-02-09T02:52:23.233
2746 22 2633 2017-02-09T02:52:23.233
2746 30 2633 2017-02-09T02:52:23.233
2260 72 2639 2017-02-11T08:27:11.96
2260 56 2639 2017-02-11T08:27:11.96
113 90 2644 2017-02-12T01:49:19.973
113 116 2644 2017-02-12T01:49:19.973
113 161 2644 2017-02-12T01:49:19.973
47 124 2645 2017-02-12T18:54:31.513
2920 9 2651 2017-02-16T22:34:10.093
2920 2 2651 2017-02-16T22:34:10.093
2920 70 2651 2017-02-16T22:34:10.093
113 93 2654 2017-02-19T07:50:17.14
113 116 2654 2017-02-19T07:50:17.14
113 86 2654 2017-02-19T07:50:17.14
425 9 2655 2017-02-19T14:24:39.21
425 131 2655 2017-02-19T14:24:39.21
425 162 2655 2017-02-19T14:24:39.21
425 163 2655 2017-02-19T14:24:39.21
2903 9 2656 2017-02-19T15:01:41.6
2903 2 2656 2017-02-19T15:01:41.6
113 8 2658 2017-02-21T09:37:40.13
113 72 2658 2017-02-21T09:37:40.13
113 56 2658 2017-02-21T09:37:40.13
2955 22 2661 2017-02-23T05:41:02.773
2955 65 2661 2017-02-23T05:41:02.773
2955 123 2661 2017-02-23T05:41:02.773
2954 9 2663 2017-02-24T00:07:07.977
2746 75 2664 2017-02-24T04:40:09.443
2746 23 2664 2017-02-24T04:40:09.443
2746 30 2664 2017-02-24T04:40:09.443
2960 9 2666 2017-02-25T04:16:53.047
2960 22 2666 2017-02-25T04:16:53.047
2960 52 2666 2017-02-25T04:16:53.047
2188 9 2673 2017-02-28T19:24:38.52
2188 33 2673 2017-02-28T19:24:38.52
2188 128 2673 2017-02-28T19:24:38.52
3000 87 2678 2017-03-03T01:27:24.253
3000 123 2678 2017-03-03T01:27:24.253
3000 89 2678 2017-03-03T01:27:24.253
3009 9 2681 2017-03-04T13:37:26.1
113 59 2682 2017-03-05T10:11:23.207
113 78 2682 2017-03-05T10:11:23.207
2257 2 2690 2017-03-09T07:43:14.683
46 9 2693 2017-03-11T18:30:52.617
46 8 2693 2017-03-11T18:30:52.617
3051 43 2694 2017-03-13T09:19:19.813
3072 9 2697 2017-03-15T19:59:13.31
3072 2 2697 2017-03-15T19:59:13.31
3072 8 2697 2017-03-15T19:59:13.31
3072 22 2697 2017-03-15T19:59:13.31
3072 116 2697 2017-03-15T19:59:13.31
46 8 2699 2017-03-17T00:41:24.637
46 100 2699 2017-03-17T00:41:24.637
3092 75 2708 2017-03-22T16:29:26.247
3092 131 2708 2017-03-22T16:29:26.247
113 87 2710 2017-03-24T10:52:44.393
113 8 2710 2017-03-24T10:52:44.393
113 11 2710 2017-03-24T10:52:44.393
800 1 2711 2017-03-24T11:33:23.293
800 131 2711 2017-03-24T11:33:23.293
800 71 2711 2017-03-24T11:33:23.293
800 69 2711 2017-03-24T11:33:23.293
800 137 2711 2017-03-24T11:33:23.293
3120 126 2714 2017-03-25T18:38:33.68
3120 158 2714 2017-03-25T18:38:33.68
3119 107 2715 2017-03-25T19:41:45.477
3119 124 2715 2017-03-25T19:41:45.477
172 164 2719 2017-03-28T13:45:41.377
172 165 2719 2017-03-28T13:45:41.377
3142 131 2724 2017-03-28T13:58:32.977
3147 22 2726 2017-03-29T17:14:45.07
3147 94 2726 2017-03-29T17:14:45.07
3162 89 2731 2017-04-02T02:44:14.007
3162 55 2731 2017-04-02T02:44:14.007
3169 9 2739 2017-04-04T18:18:23.703
3169 65 2739 2017-04-04T18:18:23.703
3169 140 2739 2017-04-04T18:18:23.703
3172 9 2741 2017-04-06T19:00:35.47
3172 22 2741 2017-04-06T19:00:35.47
3172 123 2741 2017-04-06T19:00:35.47
3172 44 2741 2017-04-06T19:00:35.47
3172 61 2741 2017-04-06T19:00:35.47
3076 111 2751 2017-04-10T16:52:32.72
3215 9 2757 2017-04-14T13:16:02.697
3215 110 2757 2017-04-14T13:16:02.697
3227 126 2760 2017-04-17T14:57:03.17
3227 41 2760 2017-04-17T14:57:03.17
3227 140 2760 2017-04-17T14:57:03.17
3228 87 2761 2017-04-17T16:41:24.27
3228 22 2761 2017-04-17T16:41:24.27
3228 10 2761 2017-04-17T16:41:24.27
3228 166 2761 2017-04-17T16:41:24.27
3076 131 2762 2017-04-17T21:53:19.85
3076 111 2762 2017-04-17T21:53:19.85
2188 9 2771 2017-04-20T10:01:37.343
2188 8 2771 2017-04-20T10:01:37.343
3242 123 2778 2017-04-22T16:57:42.36
3242 163 2778 2017-04-22T16:57:42.36
3261 9 2787 2017-04-25T10:29:26.013
3261 1 2787 2017-04-25T10:29:26.013
3261 8 2787 2017-04-25T10:29:26.013
3261 35 2787 2017-04-25T10:29:26.013
85 1 2789 2017-04-25T14:44:43.5
85 28 2789 2017-04-25T14:44:43.5
85 35 2789 2017-04-25T14:44:43.5
3251 69 2796 2017-04-25T22:28:01.42
3251 71 2796 2017-04-25T22:28:01.42
3250 87 2803 2017-05-01T13:03:03.903
3250 114 2803 2017-05-01T13:03:03.903
3250 54 2803 2017-05-01T13:03:03.903
2633 65 2809 2017-05-03T16:22:26.13
2633 52 2809 2017-05-03T16:22:26.13
3320 22 2814 2017-05-08T07:56:45.2
3320 57 2814 2017-05-08T07:56:45.2
3320 55 2814 2017-05-08T07:56:45.2
3324 140 2815 2017-05-08T21:21:47.437
2404 8 2818 2017-05-09T14:23:14.74
2404 35 2818 2017-05-09T14:23:14.74
2404 72 2818 2017-05-09T14:23:14.74
3327 9 2819 2017-05-09T16:02:18.23
3327 32 2819 2017-05-09T16:02:18.23
3327 92 2819 2017-05-09T16:02:18.23
142 1 2826 2017-05-11T12:30:42.697
142 8 2826 2017-05-11T12:30:42.697
142 28 2826 2017-05-11T12:30:42.697
142 94 2826 2017-05-11T12:30:42.697
142 8 2827 2017-05-11T12:33:03.153
142 94 2827 2017-05-11T12:33:03.153
800 87 2830 2017-05-16T16:27:29.413
800 123 2830 2017-05-16T16:27:29.413
800 163 2830 2017-05-16T16:27:29.413
3365 9 2833 2017-05-19T13:08:53.73
3365 8 2833 2017-05-19T13:08:53.73
3365 140 2833 2017-05-19T13:08:53.73
3368 9 2835 2017-05-20T15:54:50.407
3368 49 2835 2017-05-20T15:54:50.407
2278 9 2838 2017-05-23T00:04:55.43
2746 110 2839 2017-05-23T04:40:32.76
2746 167 2839 2017-05-23T04:40:32.76
2746 131 2844 2017-05-24T20:11:27.44
2746 75 2844 2017-05-24T20:11:27.44
2746 56 2844 2017-05-24T20:11:27.44
2188 9 2849 2017-05-29T09:07:07.973
2188 87 2849 2017-05-29T09:07:07.973
2188 90 2849 2017-05-29T09:07:07.973
2188 112 2849 2017-05-29T09:07:07.973
113 9 2851 2017-05-30T09:21:39.887
113 22 2851 2017-05-30T09:21:39.887
113 114 2851 2017-05-30T09:21:39.887
533 90 2855 2017-05-30T16:53:02.443
533 120 2855 2017-05-30T16:53:02.443
533 52 2855 2017-05-30T16:53:02.443
533 168 2855 2017-05-30T16:53:02.443
3241 8 2857 2017-05-31T14:27:11.97
3241 114 2857 2017-05-31T14:27:11.97
3435 123 2861 2017-06-04T14:14:51.29
3435 41 2861 2017-06-04T14:14:51.29
3435 25 2861 2017-06-04T14:14:51.29
3435 115 2861 2017-06-04T14:14:51.29
2960 22 2865 2017-06-08T04:18:18.43
2960 52 2865 2017-06-08T04:18:18.43
3458 9 2866 2017-06-08T18:08:53.113
3458 123 2866 2017-06-08T18:08:53.113
3477 131 2874 2017-06-13T04:00:40.903
3486 9 2882 2017-06-14T10:58:38.797
3486 8 2882 2017-06-14T10:58:38.797
3486 126 2882 2017-06-14T10:58:38.797
3486 69 2882 2017-06-14T10:58:38.797
3489 107 2883 2017-06-15T18:46:27.457
3489 126 2883 2017-06-15T18:46:27.457
2188 32 2886 2017-06-20T15:46:33.327
2188 112 2886 2017-06-20T15:46:33.327
3486 9 2890 2017-06-20T23:02:15.667
3486 8 2890 2017-06-20T23:02:15.667
3486 23 2890 2017-06-20T23:02:15.667
3486 69 2890 2017-06-20T23:02:15.667
3486 114 2890 2017-06-20T23:02:15.667
2167 9 2891 2017-06-21T00:37:13.4
2167 109 2891 2017-06-21T00:37:13.4
3510 87 2893 2017-06-22T15:02:45.56
3510 30 2893 2017-06-22T15:02:45.56
3510 31 2893 2017-06-22T15:02:45.56
3510 169 2893 2017-06-22T15:02:45.56
3465 22 2895 2017-06-22T18:35:34.317
3465 78 2895 2017-06-22T18:35:34.317
3465 24 2895 2017-06-22T18:35:34.317
2746 9 2898 2017-06-24T05:11:54.917
2746 131 2898 2017-06-24T05:11:54.917
2746 75 2898 2017-06-24T05:11:54.917
2746 79 2898 2017-06-24T05:11:54.917
3532 9 2903 2017-06-26T17:19:42.01
3532 28 2903 2017-06-26T17:19:42.01
3543 87 2909 2017-06-28T12:55:03.77
3543 22 2909 2017-06-28T12:55:03.77
2876 22 2910 2017-06-28T15:35:49.903
2876 15 2910 2017-06-28T15:35:49.903
3565 9 2915 2017-07-04T22:08:24.19
3565 87 2915 2017-07-04T22:08:24.19
2746 87 2916 2017-07-05T04:10:19.817
2746 107 2916 2017-07-05T04:10:19.817
2746 41 2916 2017-07-05T04:10:19.817
111 32 2921 2017-07-08T14:57:02.437
111 50 2921 2017-07-08T14:57:02.437
3587 87 2923 2017-07-09T10:39:01.747
3587 22 2923 2017-07-09T10:39:01.747
3587 123 2923 2017-07-09T10:39:01.747
3413 1 2926 2017-07-10T18:57:42.773
3413 128 2926 2017-07-10T18:57:42.773
3599 10 2931 2017-07-11T19:49:41.87
3599 57 2931 2017-07-11T19:49:41.87
800 32 2932 2017-07-12T11:34:32.373
800 123 2932 2017-07-12T11:34:32.373
800 25 2932 2017-07-12T11:34:32.373
3588 131 2951 2017-07-18T10:18:31.697
3588 75 2951 2017-07-18T10:18:31.697
3588 139 2951 2017-07-18T10:18:31.697
171 10 2952 2017-07-23T07:28:56.533
91 9 2953 2017-07-23T14:57:46.333
91 1 2953 2017-07-23T14:57:46.333
91 170 2953 2017-07-23T14:57:46.333
3642 22 2955 2017-07-23T18:43:13.307
3642 11 2955 2017-07-23T18:43:13.307
3643 87 2956 2017-07-23T22:21:59.5
3643 123 2956 2017-07-23T22:21:59.5
3643 89 2956 2017-07-23T22:21:59.5
3801 33 2958 2017-07-20T17:16:38.947
3801 41 2958 2017-07-20T17:16:38.947
2188 9 2968 2017-07-29T14:39:29.23
2188 171 2968 2017-07-29T14:39:29.23
3147 32 2983 2017-08-12T16:50:37.307
3147 94 2983 2017-08-12T16:50:37.307
800 87 2984 2017-08-12T16:55:48.113
800 90 2984 2017-08-12T16:55:48.113
800 16 2984 2017-08-12T16:55:48.113
800 172 2984 2017-08-12T16:55:48.113
91 1 2987 2017-08-14T02:16:24.94
91 16 2987 2017-08-14T02:16:24.94
91 128 2987 2017-08-14T02:16:24.94
91 93 2987 2017-08-14T02:16:24.94
91 87 2988 2017-08-14T02:23:42.313
91 173 2988 2017-08-14T02:23:42.313
3743 131 2992 2017-08-14T19:37:13.027
3743 65 2992 2017-08-14T19:37:13.027
3743 143 2992 2017-08-14T19:37:13.027
3086 8 2997 2017-08-16T21:07:03.113
3086 2 2997 2017-08-16T21:07:03.113
3086 128 2997 2017-08-16T21:07:03.113
3595 131 3001 2017-08-17T08:15:25.34
3595 154 3001 2017-08-17T08:15:25.34
3763 87 3006 2017-08-17T20:13:03.623
3763 107 3006 2017-08-17T20:13:03.623
3763 90 3006 2017-08-17T20:13:03.623
3763 41 3006 2017-08-17T20:13:03.623
91 90 3007 2017-08-17T22:07:29.853
91 174 3007 2017-08-17T22:07:29.853
304 87 3012 2017-08-19T08:53:47.123
304 23 3012 2017-08-19T08:53:47.123
304 90 3012 2017-08-19T08:53:47.123
304 30 3012 2017-08-19T08:53:47.123
3595 9 3021 2017-08-23T09:20:12.5
3595 131 3021 2017-08-23T09:20:12.5
3595 154 3021 2017-08-23T09:20:12.5
3595 175 3021 2017-08-23T09:20:12.5
800 9 3022 2017-08-23T11:09:11.53
800 1 3022 2017-08-23T11:09:11.53
800 93 3022 2017-08-23T11:09:11.53
3595 45 3023 2017-08-23T12:32:54.467
3595 138 3023 2017-08-23T12:32:54.467
3804 1 3036 2017-08-27T15:24:06.26
3804 2 3036 2017-08-27T15:24:06.26
3811 9 3038 2017-08-28T11:47:28.31
3811 1 3038 2017-08-28T11:47:28.31
3811 70 3038 2017-08-28T11:47:28.31
3811 43 3038 2017-08-28T11:47:28.31
3817 9 3040 2017-08-29T09:35:34.947
3817 22 3040 2017-08-29T09:35:34.947
324 95 3041 2017-08-29T15:24:25.747
324 176 3041 2017-08-29T15:24:25.747
800 90 3045 2017-08-31T09:43:45.227
800 5 3045 2017-08-31T09:43:45.227
800 120 3045 2017-08-31T09:43:45.227
13 1 3048 2017-09-02T09:34:23.07
13 8 3048 2017-09-02T09:34:23.07
13 56 3048 2017-09-02T09:34:23.07
13 114 3048 2017-09-02T09:34:23.07
2188 9 3050 2017-09-02T20:19:47.067
2188 44 3050 2017-09-02T20:19:47.067
800 9 3053 2017-09-03T19:55:51.383
800 36 3053 2017-09-03T19:55:51.383
800 48 3053 2017-09-03T19:55:51.383
3576 2 3055 2017-09-05T08:32:13.883
3576 43 3055 2017-09-05T08:32:13.883
3576 39 3055 2017-09-05T08:32:13.883
3851 32 3056 2017-09-05T06:51:28.15
3851 75 3056 2017-09-05T06:51:28.15
3851 50 3056 2017-09-05T06:51:28.15
3253 8 3057 2017-09-05T10:47:39.243
3253 105 3057 2017-09-05T10:47:39.243
2835 8 3061 2017-09-06T11:02:01.133
2835 31 3061 2017-09-06T11:02:01.133
800 1 3068 2017-09-07T10:31:27.64
800 177 3068 2017-09-07T10:31:27.64
91 87 3073 2017-09-10T01:39:25.2
91 90 3073 2017-09-10T01:39:25.2
91 178 3073 2017-09-10T01:39:25.2
3595 2 3076 2017-09-10T07:27:44.013
3595 70 3076 2017-09-10T07:27:44.013
3595 71 3076 2017-09-10T07:27:44.013
3595 179 3076 2017-09-10T07:27:44.013
3595 1 3082 2017-09-12T05:18:57.457
3595 56 3082 2017-09-12T05:18:57.457
90 33 3088 2017-09-14T21:17:25.157
90 43 3088 2017-09-14T21:17:25.157
90 69 3088 2017-09-14T21:17:25.157
3892 99 3089 2017-09-15T08:33:42.957
3892 32 3089 2017-09-15T08:33:42.957
3892 59 3089 2017-09-15T08:33:42.957
3894 22 3093 2017-09-15T22:14:11.317
3894 65 3093 2017-09-15T22:14:11.317
3894 90 3093 2017-09-15T22:14:11.317
3894 126 3093 2017-09-15T22:14:11.317
3897 22 3095 2017-09-16T08:20:57.603
3897 126 3095 2017-09-16T08:20:57.603
91 9 3098 2017-09-16T23:44:56.41
91 1 3098 2017-09-16T23:44:56.41
800 1 3101 2017-09-19T12:24:55.007
800 65 3101 2017-09-19T12:24:55.007
800 16 3105 2017-09-25T13:20:33.413
800 90 3105 2017-09-25T13:20:33.413
800 59 3105 2017-09-25T13:20:33.413
800 120 3105 2017-09-25T13:20:33.413
3887 65 3107 2017-09-25T19:19:55.73
3887 147 3107 2017-09-25T19:19:55.73
800 16 3108 2017-09-26T14:16:12.71
800 90 3108 2017-09-26T14:16:12.71
800 116 3108 2017-09-26T14:16:12.71
800 120 3108 2017-09-26T14:16:12.71
3899 87 3116 2017-09-30T12:49:41.587
3899 90 3116 2017-09-30T12:49:41.587
3887 140 3117 2017-09-30T23:26:57.26
3962 87 3123 2017-10-03T20:30:34.757
3962 94 3123 2017-10-03T20:30:34.757
3959 9 3124 2017-10-03T21:30:14.413
3959 124 3124 2017-10-03T21:30:14.413
800 56 3125 2017-10-04T11:13:41.177
800 147 3125 2017-10-04T11:13:41.177
3968 30 3128 2017-10-05T17:10:46.2
3968 34 3128 2017-10-05T17:10:46.2
800 16 3130 2017-10-05T17:43:14.9
800 90 3130 2017-10-05T17:43:14.9
800 124 3130 2017-10-05T17:43:14.9
800 120 3130 2017-10-05T17:43:14.9
3977 128 3134 2017-10-08T00:57:57.207
3977 60 3134 2017-10-08T00:57:57.207
800 10 3136 2017-10-10T18:20:26.183
800 90 3136 2017-10-10T18:20:26.183
800 23 3136 2017-10-10T18:20:26.183
800 120 3136 2017-10-10T18:20:26.183
800 32 3140 2017-10-12T15:19:52.437
800 131 3140 2017-10-12T15:19:52.437
800 23 3140 2017-10-12T15:19:52.437
800 16 3143 2017-10-15T19:20:13.917
800 90 3143 2017-10-15T19:20:13.917
800 46 3143 2017-10-15T19:20:13.917
800 120 3143 2017-10-15T19:20:13.917
4008 1 3145 2017-10-17T01:22:38.993
4008 2 3145 2017-10-17T01:22:38.993
800 1 3147 2017-10-18T13:38:23.467
800 52 3147 2017-10-18T13:38:23.467
3811 9 3150 2017-10-18T17:50:27.187
3811 70 3150 2017-10-18T17:50:27.187
3811 43 3150 2017-10-18T17:50:27.187
3811 121 3150 2017-10-18T17:50:27.187
4013 1 3151 2017-10-18T19:37:58.12
4013 35 3151 2017-10-18T19:37:58.12
4013 72 3151 2017-10-18T19:37:58.12
4013 46 3151 2017-10-18T19:37:58.12
800 9 3155 2017-10-24T14:04:46.52
800 90 3155 2017-10-24T14:04:46.52
800 135 3155 2017-10-24T14:04:46.52
800 94 3162 2017-10-26T19:28:02.9
800 23 3162 2017-10-26T19:28:02.9
800 180 3162 2017-10-26T19:28:02.9
3892 57 3167 2017-11-02T21:52:05.167
3892 181 3167 2017-11-02T21:52:05.167
3307 9 3171 2017-11-06T02:02:47.913
3307 22 3171 2017-11-06T02:02:47.913
3307 11 3171 2017-11-06T02:02:47.913
800 94 3174 2017-11-08T14:54:17.743
800 90 3174 2017-11-08T14:54:17.743
800 120 3174 2017-11-08T14:54:17.743
800 25 3174 2017-11-08T14:54:17.743
800 180 3174 2017-11-08T14:54:17.743
4084 43 3176 2017-11-08T20:41:43.843
4084 51 3176 2017-11-08T20:41:43.843
4093 9 3182 2017-11-10T23:36:36.547
4093 8 3182 2017-11-10T23:36:36.547
4093 114 3182 2017-11-10T23:36:36.547
800 94 3184 2017-11-11T19:53:57.633
800 46 3184 2017-11-11T19:53:57.633
800 120 3184 2017-11-11T19:53:57.633
800 180 3184 2017-11-11T19:53:57.633
4097 22 3186 2017-11-12T15:29:02.613
4097 116 3186 2017-11-12T15:29:02.613
800 90 3196 2017-11-13T21:19:30.393
800 41 3196 2017-11-13T21:19:30.393
800 120 3196 2017-11-13T21:19:30.393
800 180 3196 2017-11-13T21:19:30.393
4107 11 3198 2017-11-14T19:13:07.283
4107 43 3198 2017-11-14T19:13:07.283
4107 24 3198 2017-11-14T19:13:07.283
4121 8 3201 2017-11-17T16:35:27.523
4121 16 3201 2017-11-17T16:35:27.523
4121 134 3201 2017-11-17T16:35:27.523
4121 135 3201 2017-11-17T16:35:27.523
4121 46 3203 2017-11-20T12:10:44.903
4121 12 3203 2017-11-20T12:10:44.903
4138 8 3207 2017-11-21T15:36:02.567
4138 22 3207 2017-11-21T15:36:02.567
4138 10 3207 2017-11-21T15:36:02.567
4138 56 3207 2017-11-21T15:36:02.567
4138 114 3207 2017-11-21T15:36:02.567
4138 8 3209 2017-11-23T09:25:44.093
4138 31 3209 2017-11-23T09:25:44.093
4162 131 3212 2017-11-28T08:58:45.527
4162 182 3212 2017-11-28T08:58:45.527
800 90 3214 2017-11-28T19:46:52.277
800 123 3214 2017-11-28T19:46:52.277
800 120 3214 2017-11-28T19:46:52.277
800 180 3214 2017-11-28T19:46:52.277
2404 1 3216 2017-11-29T17:28:54.033
2404 91 3216 2017-11-29T17:28:54.033
2578 9 3222 2017-12-09T18:52:02.55
2578 22 3222 2017-12-09T18:52:02.55
2578 109 3222 2017-12-09T18:52:02.55
2578 122 3222 2017-12-09T18:52:02.55
4298 22 3223 2017-12-10T18:32:55.79
4298 90 3223 2017-12-10T18:32:55.79
4298 10 3223 2017-12-10T18:32:55.79
4298 120 3223 2017-12-10T18:32:55.79
4298 22 3224 2017-12-10T21:00:52.143
4298 11 3224 2017-12-10T21:00:52.143
4298 30 3224 2017-12-10T21:00:52.143
4138 9 3230 2017-12-13T11:34:13.66
4138 94 3230 2017-12-13T11:34:13.66
4138 91 3230 2017-12-13T11:34:13.66
4138 38 3230 2017-12-13T11:34:13.66
4138 153 3230 2017-12-13T11:34:13.66
800 90 3234 2017-12-15T18:00:27.843
800 120 3234 2017-12-15T18:00:27.843
800 180 3234 2017-12-15T18:00:27.843
800 115 3234 2017-12-15T18:00:27.843
800 10 3235 2017-12-17T18:00:35.043
800 75 3235 2017-12-17T18:00:35.043
800 23 3235 2017-12-17T18:00:35.043
3595 94 3236 2017-12-18T10:14:28.407
3595 24 3236 2017-12-18T10:14:28.407
2167 87 3240 2017-12-20T15:55:42.953
2167 90 3240 2017-12-20T15:55:42.953
2167 16 3240 2017-12-20T15:55:42.953
2167 109 3240 2017-12-20T15:55:42.953
2167 158 3240 2017-12-20T15:55:42.953
4324 87 3242 2017-12-21T18:59:56.597
4341 87 3243 2017-12-22T14:04:50.263
4341 124 3243 2017-12-22T14:04:50.263
584 128 3246 2017-12-25T12:35:06.957
4360 11 3248 2017-12-27T19:14:08.293
4360 91 3248 2017-12-27T19:14:08.293
4360 24 3250 2017-12-28T03:22:33.053
4360 153 3250 2017-12-28T03:22:33.053
4360 182 3250 2017-12-28T03:22:33.053
800 32 3251 2017-12-28T14:41:20.417
800 11 3251 2017-12-28T14:41:20.417
800 94 3255 2017-12-29T13:15:59.73
800 65 3255 2017-12-29T13:15:59.73
800 23 3255 2017-12-29T13:15:59.73
4375 33 3263 2017-12-31T13:57:17.077
4375 43 3263 2017-12-31T13:57:17.077
4375 69 3263 2017-12-31T13:57:17.077
800 90 3269 2018-01-01T21:00:03.547
800 94 3269 2018-01-01T21:00:03.547
800 120 3269 2018-01-01T21:00:03.547
800 116 3269 2018-01-01T21:00:03.547
800 180 3269 2018-01-01T21:00:03.547
4384 9 3274 2018-01-03T01:48:27.897
4384 22 3274 2018-01-03T01:48:27.897
4384 2 3274 2018-01-03T01:48:27.897
4384 28 3274 2018-01-03T01:48:27.897
3121 90 3276 2018-01-03T10:50:34.107
3121 120 3276 2018-01-03T10:50:34.107
3121 180 3276 2018-01-03T10:50:34.107
3121 183 3276 2018-01-03T10:50:34.107
800 90 3282 2018-01-05T19:43:18.347
800 120 3282 2018-01-05T19:43:18.347
800 180 3282 2018-01-05T19:43:18.347
800 184 3282 2018-01-05T19:43:18.347
4395 11 3284 2018-01-06T13:18:22.543
4395 34 3284 2018-01-06T13:18:22.543
4400 87 3291 2018-01-06T22:43:42.71
4400 65 3291 2018-01-06T22:43:42.71
4400 123 3291 2018-01-06T22:43:42.71
800 90 3299 2018-01-08T21:50:09.397
800 120 3299 2018-01-08T21:50:09.397
800 180 3299 2018-01-08T21:50:09.397
800 166 3299 2018-01-08T21:50:09.397
4373 126 3301 2018-01-09T02:03:33.493
4373 163 3301 2018-01-09T02:03:33.493
4414 87 3305 2018-01-10T15:51:48.6
4414 90 3305 2018-01-10T15:51:48.6
4414 75 3305 2018-01-10T15:51:48.6
4414 184 3305 2018-01-10T15:51:48.6
3595 65 3309 2018-01-11T13:14:06.77
3595 72 3309 2018-01-11T13:14:06.77
3595 45 3309 2018-01-11T13:14:06.77
2726 2 3312 2018-01-11T19:32:25.577
695 87 3313 2018-01-11T23:40:07.01
695 90 3313 2018-01-11T23:40:07.01
695 11 3313 2018-01-11T23:40:07.01
695 180 3313 2018-01-11T23:40:07.01
3595 32 3314 2018-01-12T09:59:21.8
3595 138 3314 2018-01-12T09:59:21.8
4443 10 3319 2018-01-16T02:23:47.69
4443 128 3319 2018-01-16T02:23:47.69
4443 140 3319 2018-01-16T02:23:47.69
4443 12 3319 2018-01-16T02:23:47.69
4445 124 3321 2018-01-16T05:41:29.087
4447 16 3322 2018-01-16T10:51:40.85
4447 23 3322 2018-01-16T10:51:40.85
3892 9 3323 2018-01-16T14:20:40.703
3892 22 3323 2018-01-16T14:20:40.703
3892 32 3323 2018-01-16T14:20:40.703
800 131 3333 2018-01-19T17:27:06.897
800 10 3333 2018-01-19T17:27:06.897
800 23 3333 2018-01-19T17:27:06.897
4464 87 3336 2018-01-19T23:05:25.103
4464 10 3336 2018-01-19T23:05:25.103
4464 25 3336 2018-01-19T23:05:25.103
4465 87 3337 2018-01-19T23:13:47.113
695 32 3345 2018-01-25T15:32:25.983
695 128 3345 2018-01-25T15:32:25.983
695 151 3345 2018-01-25T15:32:25.983
4494 8 3347 2018-01-28T01:55:37.923
4494 2 3347 2018-01-28T01:55:37.923
4494 11 3347 2018-01-28T01:55:37.923
4494 123 3347 2018-01-28T01:55:37.923
4494 57 3347 2018-01-28T01:55:37.923
695 9 3348 2018-01-29T18:55:25.633
695 1 3348 2018-01-29T18:55:25.633
695 22 3348 2018-01-29T18:55:25.633
695 128 3348 2018-01-29T18:55:25.633
3595 87 3355 2018-02-01T14:44:14.257
3595 90 3355 2018-02-01T14:44:14.257
3595 120 3355 2018-02-01T14:44:14.257
3595 138 3355 2018-02-01T14:44:14.257
3595 185 3355 2018-02-01T14:44:14.257
4527 128 3356 2018-02-03T20:07:51.81
4527 51 3356 2018-02-03T20:07:51.81
4538 87 3358 2018-02-06T20:39:01.9
4538 44 3358 2018-02-06T20:39:01.9
4538 186 3358 2018-02-06T20:39:01.9
3486 22 3359 2018-02-07T09:45:56.837
3486 49 3359 2018-02-07T09:45:56.837
3486 162 3359 2018-02-07T09:45:56.837
800 90 3367 2018-02-09T21:50:25.717
800 120 3367 2018-02-09T21:50:25.717
800 180 3367 2018-02-09T21:50:25.717
800 187 3367 2018-02-09T21:50:25.717
4555 57 3371 2018-02-10T15:03:30.31
4559 116 3373 2018-02-11T21:08:21.59
4559 21 3373 2018-02-11T21:08:21.59
3595 22 3375 2018-02-12T10:42:18.72
3595 138 3375 2018-02-12T10:42:18.72
3595 183 3375 2018-02-12T10:42:18.72
3595 3 3375 2018-02-12T10:42:18.72
4479 131 3382 2018-02-12T21:44:48.02
800 23 3386 2018-02-15T11:06:10.467
800 30 3386 2018-02-15T11:06:10.467
800 34 3386 2018-02-15T11:06:10.467
3595 90 3387 2018-02-16T06:55:42.237
3595 69 3387 2018-02-16T06:55:42.237
3595 179 3387 2018-02-16T06:55:42.237
2746 56 3388 2018-02-16T15:02:10.26
2746 35 3388 2018-02-16T15:02:10.26
4589 22 3393 2018-02-20T15:42:59.323
4589 11 3393 2018-02-20T15:42:59.323
800 9 3399 2018-02-21T16:30:04.383
800 22 3399 2018-02-21T16:30:04.383
800 10 3399 2018-02-21T16:30:04.383
800 56 3399 2018-02-21T16:30:04.383
4597 22 3403 2018-02-22T22:26:54.123
4597 65 3403 2018-02-22T22:26:54.123
4597 123 3403 2018-02-22T22:26:54.123
4599 8 3404 2018-02-23T00:40:07.837
4599 116 3404 2018-02-23T00:40:07.837
4601 32 3406 2018-02-23T10:13:45.967
4601 50 3406 2018-02-23T10:13:45.967
4097 10 3411 2018-02-24T05:30:03.897
4097 116 3411 2018-02-24T05:30:03.897
4097 114 3411 2018-02-24T05:30:03.897
3595 94 3412 2018-02-24T18:40:34.94
3595 75 3412 2018-02-24T18:40:34.94
3595 70 3412 2018-02-24T18:40:34.94
3595 179 3412 2018-02-24T18:40:34.94
4599 22 3413 2018-02-24T20:59:45.64
4599 22 3416 2018-02-25T16:07:48.007
4599 90 3416 2018-02-25T16:07:48.007
4599 116 3416 2018-02-25T16:07:48.007
800 32 3426 2018-02-28T19:03:22.847
800 131 3426 2018-02-28T19:03:22.847
800 23 3426 2018-02-28T19:03:22.847
4622 1 3427 2018-03-01T09:45:53.14
4622 70 3427 2018-03-01T09:45:53.14
4622 162 3427 2018-03-01T09:45:53.14
800 90 3434 2018-03-09T08:07:19.78
800 120 3434 2018-03-09T08:07:19.78
800 180 3434 2018-03-09T08:07:19.78
800 178 3434 2018-03-09T08:07:19.78
800 90 3435 2018-03-10T18:54:48.283
800 120 3435 2018-03-10T18:54:48.283
800 180 3435 2018-03-10T18:54:48.283
800 59 3435 2018-03-10T18:54:48.283
800 90 3437 2018-03-11T22:08:32.477
800 120 3437 2018-03-11T22:08:32.477
800 180 3437 2018-03-11T22:08:32.477
800 188 3437 2018-03-11T22:08:32.477
4648 34 3440 2018-03-12T23:36:30.687
4648 71 3440 2018-03-12T23:36:30.687
800 90 3442 2018-03-14T14:15:50.267
800 94 3442 2018-03-14T14:15:50.267
800 120 3442 2018-03-14T14:15:50.267
800 23 3442 2018-03-14T14:15:50.267
4597 144 3444 2018-03-15T01:22:43.197
4597 8 3445 2018-03-15T12:35:09.783
800 90 3451 2018-03-18T18:33:48.793
800 120 3451 2018-03-18T18:33:48.793
800 180 3451 2018-03-18T18:33:48.793
800 189 3451 2018-03-18T18:33:48.793
85 9 3456 2018-03-19T18:59:35.287
85 2 3456 2018-03-19T18:59:35.287
85 28 3456 2018-03-19T18:59:35.287
4597 90 3463 2018-03-21T15:02:25.937
4597 123 3463 2018-03-21T15:02:25.937
4597 100 3463 2018-03-21T15:02:25.937
4682 50 3469 2018-03-22T09:24:47.43
4682 50 3470 2018-03-22T07:00:31.58
113 9 3472 2018-03-24T03:04:53.03
113 78 3472 2018-03-24T03:04:53.03
4673 46 3474 2018-03-25T13:06:23.017
4673 72 3474 2018-03-25T13:06:23.017
4673 51 3474 2018-03-25T13:06:23.017
4673 99 3474 2018-03-25T13:06:23.017
4698 87 3475 2018-03-27T06:27:18.253
4698 90 3475 2018-03-27T06:27:18.253
4698 65 3475 2018-03-27T06:27:18.253
304 22 3481 2018-03-31T07:02:37.17
304 128 3481 2018-03-31T07:02:37.17
4720 9 3482 2018-04-01T20:02:59.93
4720 2 3482 2018-04-01T20:02:59.93
4720 70 3482 2018-04-01T20:02:59.93
304 9 3483 2018-04-02T16:20:44.833
304 91 3483 2018-04-02T16:20:44.833
304 153 3483 2018-04-02T16:20:44.833
4726 11 3484 2018-04-03T22:02:59.167
4726 100 3484 2018-04-03T22:02:59.167
2167 9 3485 2018-04-05T14:11:08
2167 70 3485 2018-04-05T14:11:08
4737 32 3486 2018-04-06T02:59:31.253
4737 123 3486 2018-04-06T02:59:31.253
4737 51 3486 2018-04-06T02:59:31.253
4737 105 3486 2018-04-06T02:59:31.253
4690 123 3489 2018-04-08T08:16:35.13
4690 140 3489 2018-04-08T08:16:35.13
4690 89 3489 2018-04-08T08:16:35.13
4754 11 3490 2018-04-09T13:28:43.84
4754 70 3490 2018-04-09T13:28:43.84
4754 105 3490 2018-04-09T13:28:43.84
4765 16 3494 2018-04-11T22:56:59.26
4771 87 3496 2018-04-14T11:10:41.937
4771 178 3496 2018-04-14T11:10:41.937
4771 172 3496 2018-04-14T11:10:41.937
3595 2 3497 2018-04-14T13:47:26.663
3595 15 3497 2018-04-14T13:47:26.663
3595 138 3497 2018-04-14T13:47:26.663
3595 89 3497 2018-04-14T13:47:26.663
3595 183 3497 2018-04-14T13:47:26.663
3595 65 3501 2018-04-16T14:33:15.167
3595 56 3501 2018-04-16T14:33:15.167
3595 45 3501 2018-04-16T14:33:15.167
3595 15 3508 2018-04-18T15:21:05.243
3595 138 3508 2018-04-18T15:21:05.243
3595 21 3508 2018-04-18T15:21:05.243
3595 183 3508 2018-04-18T15:21:05.243
3595 3 3508 2018-04-18T15:21:05.243
3595 87 3514 2018-04-18T18:27:40.937
3595 90 3514 2018-04-18T18:27:40.937
3595 120 3514 2018-04-18T18:27:40.937
3595 183 3514 2018-04-18T18:27:40.937
3595 185 3514 2018-04-18T18:27:40.937
4798 9 3515 2018-04-19T16:02:51.637
4798 28 3515 2018-04-19T16:02:51.637
4798 21 3515 2018-04-19T16:02:51.637
4798 152 3515 2018-04-19T16:02:51.637
304 153 3517 2018-04-19T17:57:24.873
1919 2 3519 2018-04-20T16:00:19.58
1919 57 3519 2018-04-20T16:00:19.58
1919 190 3519 2018-04-20T16:00:19.58
1919 191 3519 2018-04-20T16:00:19.58
4798 69 3521 2018-04-20T23:16:50.3
4798 147 3521 2018-04-20T23:16:50.3
4798 167 3521 2018-04-20T23:16:50.3
4798 177 3521 2018-04-20T23:16:50.3
304 90 3522 2018-04-21T18:36:15.71
304 23 3522 2018-04-21T18:36:15.71
304 131 3522 2018-04-21T18:36:15.71
4803 23 3523 2018-04-21T20:55:28.037
4803 46 3523 2018-04-21T20:55:28.037
4375 32 3533 2018-05-02T10:59:31.737
4375 69 3533 2018-05-02T10:59:31.737
4375 104 3533 2018-05-02T10:59:31.737
585 131 3535 2018-05-03T21:08:02.28
585 23 3535 2018-05-03T21:08:02.28
585 11 3535 2018-05-03T21:08:02.28
585 139 3535 2018-05-03T21:08:02.28
2259 9 3536 2018-05-03T22:18:47.62
2259 1 3536 2018-05-03T22:18:47.62
2259 131 3536 2018-05-03T22:18:47.62
2259 33 3536 2018-05-03T22:18:47.62
4846 2 3543 2018-05-08T12:43:23.09
4846 23 3543 2018-05-08T12:43:23.09
4846 11 3543 2018-05-08T12:43:23.09
4846 46 3543 2018-05-08T12:43:23.09
4846 69 3543 2018-05-08T12:43:23.09
4854 2 3546 2018-05-09T23:52:45.947
4871 22 3549 2018-05-14T08:17:56.853
4871 87 3549 2018-05-14T08:17:56.853
4871 32 3549 2018-05-14T08:17:56.853
4944 87 3551 2018-05-17T10:38:52.53
4944 90 3551 2018-05-17T10:38:52.53
4944 127 3551 2018-05-17T10:38:52.53
4944 64 3551 2018-05-17T10:38:52.53
800 87 3552 2018-05-18T17:46:06.653
800 10 3552 2018-05-18T17:46:06.653
800 75 3552 2018-05-18T17:46:06.653
800 166 3552 2018-05-18T17:46:06.653
4886 70 3553 2018-05-19T03:22:45.83
4886 39 3553 2018-05-19T03:22:45.83
800 23 3558 2018-05-23T12:30:41.76
800 144 3558 2018-05-23T12:30:41.76
304 128 3559 2018-05-26T11:27:01.847
304 33 3559 2018-05-26T11:27:01.847
304 69 3559 2018-05-26T11:27:01.847
304 9 3562 2018-05-28T18:23:03.913
304 21 3562 2018-05-28T18:23:03.913
800 87 3566 2018-05-30T12:23:00.323
800 90 3566 2018-05-30T12:23:00.323
800 120 3566 2018-05-30T12:23:00.323
800 180 3566 2018-05-30T12:23:00.323
800 181 3566 2018-05-30T12:23:00.323
4934 87 3572 2018-06-03T08:32:09.7
4934 25 3572 2018-06-03T08:32:09.7
584 9 3580 2018-06-06T14:43:20.503
584 94 3580 2018-06-06T14:43:20.503
584 56 3580 2018-06-06T14:43:20.503
584 46 3580 2018-06-06T14:43:20.503
584 153 3580 2018-06-06T14:43:20.503
4939 126 3587 2018-06-07T12:37:10.727
4939 192 3587 2018-06-07T12:37:10.727
3595 87 3591 2018-06-07T14:39:10.403
3595 90 3591 2018-06-07T14:39:10.403
3595 183 3591 2018-06-07T14:39:10.403
3595 192 3591 2018-06-07T14:39:10.403
4939 55 3594 2018-06-08T15:46:42.133
4939 47 3594 2018-06-08T15:46:42.133
4080 32 3596 2018-06-08T18:02:59.217
4080 115 3596 2018-06-08T18:02:59.217
4951 131 3600 2018-06-11T11:22:00.987
4951 25 3600 2018-06-11T11:22:00.987
800 144 3602 2018-06-12T13:32:50.37
4939 32 3604 2018-06-12T17:53:16.897
4939 23 3604 2018-06-12T17:53:16.897
4939 122 3604 2018-06-12T17:53:16.897
4939 5 3610 2018-06-13T18:04:58.203
3892 22 3611 2018-06-14T02:31:48.56
4944 23 3612 2018-06-14T02:34:46.107
4944 144 3612 2018-06-14T02:34:46.107
4939 131 3615 2018-06-14T12:28:50.453
4939 51 3615 2018-06-14T12:28:50.453
3595 2 3616 2018-06-14T13:47:43.83
3595 94 3616 2018-06-14T13:47:43.83
3595 89 3616 2018-06-14T13:47:43.83
3595 183 3616 2018-06-14T13:47:43.83
3595 3 3616 2018-06-14T13:47:43.83
304 9 3619 2018-06-15T06:00:45.447
304 128 3619 2018-06-15T06:00:45.447
4939 41 3622 2018-06-18T13:02:19.267
4939 31 3622 2018-06-18T13:02:19.267
4939 41 3624 2018-06-19T13:11:45.163
4939 192 3624 2018-06-19T13:11:45.163
4939 23 3625 2018-06-20T14:36:22.717
4939 34 3625 2018-06-20T14:36:22.717
4939 193 3625 2018-06-20T14:36:22.717
4982 128 3626 2018-06-20T17:27:42.323
4982 43 3626 2018-06-20T17:27:42.323
4982 182 3626 2018-06-20T17:27:42.323
4939 32 3628 2018-06-21T17:30:37.377
4939 16 3628 2018-06-21T17:30:37.377
4939 194 3628 2018-06-21T17:30:37.377
4994 114 3632 2018-06-22T19:06:16.243
4994 109 3632 2018-06-22T19:06:16.243
5002 120 3634 2018-06-25T00:56:16.88
4939 23 3638 2018-06-25T14:55:16.433
4939 193 3638 2018-06-25T14:55:16.433
4615 94 3641 2018-06-25T20:25:42.093
4615 93 3641 2018-06-25T20:25:42.093
4615 109 3641 2018-06-25T20:25:42.093
4939 2 3643 2018-06-26T13:41:31.587
4939 2 3646 2018-06-29T14:08:09.533
4939 90 3646 2018-06-29T14:08:09.533
5020 11 3649 2018-07-02T12:30:18.78
5020 153 3649 2018-07-02T12:30:18.78
5047 90 3658 2018-07-03T10:28:51.96
5047 41 3658 2018-07-03T10:28:51.96
3595 94 3659 2018-07-03T11:00:15.31
3595 138 3659 2018-07-03T11:00:15.31
3595 185 3659 2018-07-03T11:00:15.31
4939 123 3662 2018-07-03T12:45:57.24
4939 31 3662 2018-07-03T12:45:57.24
4939 195 3662 2018-07-03T12:45:57.24
5055 9 3666 2018-07-03T18:13:10.797
5055 22 3666 2018-07-03T18:13:10.797
5055 116 3666 2018-07-03T18:13:10.797
5055 25 3666 2018-07-03T18:13:10.797
5055 24 3666 2018-07-03T18:13:10.797
4939 25 3674 2018-07-09T15:49:06.137
4939 31 3674 2018-07-09T15:49:06.137
2445 87 3675 2018-07-10T09:24:12.823
2445 93 3675 2018-07-10T09:24:12.823
2445 162 3675 2018-07-10T09:24:12.823
4939 1 3678 2018-07-10T14:34:42.127
4939 10 3678 2018-07-10T14:34:42.127
4939 43 3678 2018-07-10T14:34:42.127
85 8 3679 2018-07-11T00:27:56.957
85 114 3679 2018-07-11T00:27:56.957
85 79 3679 2018-07-11T00:27:56.957
4939 128 3681 2018-07-11T14:41:21.31
4939 140 3681 2018-07-11T14:41:21.31
4958 35 3685 2018-07-13T11:11:22.387
5087 144 3686 2018-07-13T12:07:23.723
5090 9 3691 2018-07-13T22:18:33.8
5090 11 3691 2018-07-13T22:18:33.8
5090 45 3691 2018-07-13T22:18:33.8
5090 127 3691 2018-07-13T22:18:33.8
3892 120 3694 2018-07-14T07:27:57.82
4939 23 3698 2018-07-17T16:37:18.22
4939 19 3698 2018-07-17T16:37:18.22
4939 11 3701 2018-07-18T19:08:29.173
4939 192 3701 2018-07-18T19:08:29.173
4939 196 3701 2018-07-18T19:08:29.173
5081 9 3702 2018-07-19T03:53:25.407
5081 8 3702 2018-07-19T03:53:25.407
5102 9 3703 2018-07-19T04:35:56.92
5102 11 3703 2018-07-19T04:35:56.92
5102 35 3703 2018-07-19T04:35:56.92
5102 72 3703 2018-07-19T04:35:56.92
4939 144 3706 2018-07-19T14:29:18.73
4939 144 3709 2018-07-22T23:41:34.12
4939 9 3711 2018-07-24T17:27:06.87
4939 197 3711 2018-07-24T17:27:06.87
3397 9 3712 2018-07-25T05:57:55.52
3397 11 3712 2018-07-25T05:57:55.52
5124 94 3713 2018-07-25T06:47:07.79
5124 57 3713 2018-07-25T06:47:07.79
5124 43 3713 2018-07-25T06:47:07.79
4939 16 3718 2018-07-26T18:21:38.943
4939 126 3718 2018-07-26T18:21:38.943
4615 2 3722 2018-07-30T08:11:13.173
4615 94 3722 2018-07-30T08:11:13.173
4615 54 3722 2018-07-30T08:11:13.173
4771 1 3723 2018-07-30T11:00:38.217
4771 10 3723 2018-07-30T11:00:38.217
3595 90 3725 2018-07-30T14:19:33.73
3595 72 3725 2018-07-30T14:19:33.73
3595 183 3725 2018-07-30T14:19:33.73
3595 90 3726 2018-07-30T21:33:05.067
3595 179 3726 2018-07-30T21:33:05.067
3595 198 3726 2018-07-30T21:33:05.067
3595 199 3726 2018-07-30T21:33:05.067
5155 9 3729 2018-07-31T12:07:23.573
5155 75 3729 2018-07-31T12:07:23.573
5148 9 3735 2018-08-01T15:34:29.24
5148 22 3735 2018-08-01T15:34:29.24
5148 131 3735 2018-08-01T15:34:29.24
5148 20 3735 2018-08-01T15:34:29.24
4939 9 3736 2018-08-01T19:40:59.99
4939 23 3736 2018-08-01T19:40:59.99
4939 46 3736 2018-08-01T19:40:59.99
85 8 3739 2018-08-02T17:06:04.937
85 10 3739 2018-08-02T17:06:04.937
85 46 3739 2018-08-02T17:06:04.937
85 9 3740 2018-08-03T02:44:56.44
85 28 3740 2018-08-03T02:44:56.44
85 46 3740 2018-08-03T02:44:56.44
85 7 3740 2018-08-03T02:44:56.44
85 134 3740 2018-08-03T02:44:56.44
5153 22 3741 2018-08-03T21:26:21.983
5153 51 3741 2018-08-03T21:26:21.983
5153 24 3741 2018-08-03T21:26:21.983
5040 94 3745 2018-08-07T06:40:14.637
5040 16 3745 2018-08-07T06:40:14.637
5040 57 3745 2018-08-07T06:40:14.637
5165 87 3747 2018-08-07T23:24:05.02
5165 90 3747 2018-08-07T23:24:05.02
5165 65 3747 2018-08-07T23:24:05.02
5165 109 3747 2018-08-07T23:24:05.02
5183 11 3750 2018-08-13T11:29:22.58
85 9 3755 2018-08-16T19:21:11.253
85 22 3755 2018-08-16T19:21:11.253
85 78 3755 2018-08-16T19:21:11.253
85 200 3755 2018-08-16T19:21:11.253
4939 1 3757 2018-08-18T13:35:00.367
4939 56 3757 2018-08-18T13:35:00.367
5203 72 3758 2018-08-20T01:35:59.637
3892 144 3763 2018-08-26T19:33:29.533
800 32 3767 2018-08-28T19:41:15.307
800 31 3767 2018-08-28T19:41:15.307
4939 1 3768 2018-08-28T20:03:42.963
4939 94 3768 2018-08-28T20:03:42.963
4939 28 3768 2018-08-28T20:03:42.963
1919 9 3771 2018-08-30T20:44:20.357
1919 32 3771 2018-08-30T20:44:20.357
1919 21 3771 2018-08-30T20:44:20.357
