3 1 1 2014-07-29T18:17:54.203
11 2 2 2014-07-29T18:20:01.473
28 3 3 2014-07-29T18:25:27.643
15 4 4 2014-07-29T18:26:16.883
15 5 4 2014-07-29T18:26:16.883
21 6 5 2014-07-29T18:29:41.717
21 7 5 2014-07-29T18:29:41.717
11 8 6 2014-07-29T18:30:30.827
11 9 6 2014-07-29T18:30:30.827
27 2 8 2014-07-29T18:33:18.94
20 10 9 2014-07-29T18:33:49.257
27 2 11 2014-07-29T18:35:36.603
45 1 13 2014-07-29T18:36:26.18
45 11 13 2014-07-29T18:36:26.18
35 12 14 2014-07-29T18:36:49.47
35 13 14 2014-07-29T18:36:49.47
50 2 19 2014-07-29T18:41:37.053
64 14 20 2014-07-29T18:43:10.873
44 15 22 2014-07-29T18:43:22
20 8 26 2014-07-29T18:44:53.967
20 10 26 2014-07-29T18:44:53.967
53 16 29 2014-07-29T18:46:51.113
53 11 29 2014-07-29T18:46:51.113
45 10 30 2014-07-29T18:47:15.49
45 8 30 2014-07-29T18:47:15.49
27 17 32 2014-07-29T18:50:45.68
27 10 37 2014-07-29T18:52:03.207
27 18 37 2014-07-29T18:52:03.207
51 14 38 2014-07-29T18:52:08.967
27 19 41 2014-07-29T18:53:34.903
13 8 42 2014-07-29T18:53:45.997
73 13 43 2014-07-29T18:54:11.43
17 20 50 2014-07-29T18:59:32.997
17 21 50 2014-07-29T18:59:32.997
42 18 55 2014-07-29T19:04:22.783
44 22 57 2014-07-29T19:05:11.56
44 23 57 2014-07-29T19:05:11.56
20 24 59 2014-07-29T19:08:32.667
29 2 62 2014-07-29T19:09:52.653
29 25 62 2014-07-29T19:09:52.653
74 9 64 2014-07-29T19:13:09.283
74 15 64 2014-07-29T19:13:09.283
33 8 76 2014-07-29T19:20:34.143
33 2 76 2014-07-29T19:20:34.143
20 3 77 2014-07-29T19:22:48.953
51 8 80 2014-07-29T19:23:51.847
51 2 80 2014-07-29T19:23:51.847
51 13 80 2014-07-29T19:23:51.847
64 13 82 2014-07-29T19:25:01.173
64 5 82 2014-07-29T19:25:01.173
3 2 84 2014-07-29T19:25:25.38
87 3 86 2014-07-29T19:26:26.893
45 26 89 2014-07-29T19:28:15.333
10 24 96 2014-07-29T19:30:02.723
10 19 96 2014-07-29T19:30:02.723
3 27 97 2014-07-29T19:31:21.023
83 8 108 2014-07-29T19:40:39.963
83 3 108 2014-07-29T19:40:39.963
64 28 109 2014-07-29T19:41:17.803
74 2 112 2014-07-29T19:44:51.95
50 8 122 2014-07-29T19:56:34.993
92 29 123 2014-07-29T19:57:10.657
92 4 123 2014-07-29T19:57:10.657
92 30 123 2014-07-29T19:57:10.657
83 8 125 2014-07-29T20:03:14.707
83 24 125 2014-07-29T20:03:14.707
83 16 125 2014-07-29T20:03:14.707
50 2 126 2014-07-29T20:03:14.807
50 10 130 2014-07-29T20:08:56.547
50 2 130 2014-07-29T20:08:56.547
50 31 130 2014-07-29T20:08:56.547
50 32 130 2014-07-29T20:08:56.547
50 2 133 2014-07-29T20:18:34.787
50 3 133 2014-07-29T20:18:34.787
96 31 135 2014-07-29T20:20:38.63
96 33 135 2014-07-29T20:20:38.63
96 18 135 2014-07-29T20:20:38.63
83 10 136 2014-07-29T20:21:11.803
50 1 144 2014-07-29T20:27:34.553
50 27 144 2014-07-29T20:27:34.553
50 3 148 2014-07-29T20:36:06.387
50 34 148 2014-07-29T20:36:06.387
20 10 150 2014-07-29T20:36:30.12
20 3 150 2014-07-29T20:36:30.12
83 10 151 2014-07-29T20:36:59.573
83 4 151 2014-07-29T20:36:59.573
83 35 151 2014-07-29T20:36:59.573
83 36 151 2014-07-29T20:36:59.573
46 37 162 2014-07-29T20:52:32.937
74 3 165 2014-07-29T20:57:01.467
74 35 165 2014-07-29T20:57:01.467
50 30 176 2014-07-29T21:18:20.16
50 34 176 2014-07-29T21:18:20.16
83 10 183 2014-07-29T21:37:16.94
83 8 183 2014-07-29T21:37:16.94
83 15 183 2014-07-29T21:37:16.94
83 38 183 2014-07-29T21:37:16.94
83 35 183 2014-07-29T21:37:16.94
63 3 186 2014-07-29T21:51:12.363
74 2 189 2014-07-29T21:58:29.867
74 10 189 2014-07-29T21:58:29.867
74 15 189 2014-07-29T21:58:29.867
111 10 194 2014-07-29T23:00:35.073
92 3 195 2014-07-29T23:04:11.323
87 10 201 2014-07-29T23:31:36.697
87 4 201 2014-07-29T23:31:36.697
87 16 201 2014-07-29T23:31:36.697
28 22 203 2014-07-29T23:49:27.647
28 23 203 2014-07-29T23:49:27.647
16 2 207 2014-07-30T00:22:21.58
16 6 207 2014-07-30T00:22:21.58
73 14 210 2014-07-30T00:45:16.237
73 26 210 2014-07-30T00:45:16.237
73 12 210 2014-07-30T00:45:16.237
12 26 212 2014-07-30T01:19:34.27
12 13 212 2014-07-30T01:19:34.27
12 10 216 2014-07-30T01:36:10.997
12 7 216 2014-07-30T01:36:10.997
12 2 217 2014-07-30T01:50:53.69
92 39 218 2014-07-30T01:51:12.977
92 40 218 2014-07-30T01:51:12.977
78 2 219 2014-07-30T01:54:14.927
78 13 219 2014-07-30T01:54:14.927
78 41 219 2014-07-30T01:54:14.927
9 10 220 2014-07-30T01:55:02.627
9 6 220 2014-07-30T01:55:02.627
9 23 223 2014-07-30T02:03:50.843
12 2 230 2014-07-30T02:21:06.433
12 17 230 2014-07-30T02:21:06.433
12 16 231 2014-07-30T02:24:15.753
12 17 231 2014-07-30T02:24:15.753
96 10 235 2014-07-30T02:37:34.443
96 8 235 2014-07-30T02:37:34.443
130 9 236 2014-07-30T02:41:55.113
129 10 237 2014-07-30T02:46:37.673
129 31 237 2014-07-30T02:46:37.673
129 20 237 2014-07-30T02:46:37.673
129 32 237 2014-07-30T02:46:37.673
13 2 238 2014-07-30T02:50:57.227
13 13 238 2014-07-30T02:50:57.227
13 16 238 2014-07-30T02:50:57.227
130 18 239 2014-07-30T03:00:31.913
127 8 241 2014-07-30T03:05:04.653
127 3 241 2014-07-30T03:05:04.653
129 42 242 2014-07-30T03:05:56.053
127 2 245 2014-07-30T03:07:58.073
127 3 245 2014-07-30T03:07:58.073
130 2 251 2014-07-30T03:30:37.73
130 10 251 2014-07-30T03:30:37.73
130 8 251 2014-07-30T03:30:37.73
130 35 251 2014-07-30T03:30:37.73
33 30 260 2014-07-30T04:12:15.873
107 13 265 2014-07-30T06:48:55.347
107 9 265 2014-07-30T06:48:55.347
50 2 271 2014-07-30T08:25:28.743
50 38 271 2014-07-30T08:25:28.743
148 10 276 2014-07-30T09:10:34.377
148 3 276 2014-07-30T09:10:34.377
21 8 278 2014-07-30T09:14:04.16
21 43 278 2014-07-30T09:14:04.16
16 4 295 2014-07-30T13:29:14.09
157 44 299 2014-07-30T13:42:42.837
121 9 300 2014-07-30T13:43:09.167
121 39 300 2014-07-30T13:43:09.167
159 26 310 2014-07-30T14:43:42.673
159 26 312 2014-07-30T14:51:36.037
162 3 319 2014-07-30T15:53:30.83
162 45 319 2014-07-30T15:53:30.83
126 2 320 2014-07-30T15:59:54.003
126 10 320 2014-07-30T15:59:54.003
126 15 320 2014-07-30T15:59:54.003
163 31 328 2014-07-30T16:15:47.293
163 46 328 2014-07-30T16:15:47.293
15 10 330 2014-07-30T16:38:38.01
15 47 330 2014-07-30T16:38:38.01
169 9 355 2014-07-30T22:01:03.993
13 6 358 2014-07-30T22:35:25.603
16 2 359 2014-07-30T22:44:04.87
16 42 359 2014-07-30T22:44:04.87
87 2 360 2014-07-30T22:50:26.6
87 35 360 2014-07-30T22:50:26.6
78 20 371 2014-07-31T00:12:15.533
78 48 371 2014-07-31T00:12:15.533
63 3 376 2014-07-31T01:51:25.263
87 10 379 2014-07-31T02:39:20.473
87 44 379 2014-07-31T02:39:20.473
176 10 391 2014-07-31T11:55:50.827
145 13 393 2014-07-31T12:49:48.793
145 41 394 2014-07-31T12:58:13.96
57 3 401 2014-07-31T13:59:34.633
57 49 401 2014-07-31T13:59:34.633
57 13 401 2014-07-31T13:59:34.633
57 33 401 2014-07-31T13:59:34.633
99 15 402 2014-07-31T14:05:28.953
99 36 402 2014-07-31T14:05:28.953
57 9 404 2014-07-31T15:26:02.363
57 49 404 2014-07-31T15:26:02.363
57 13 404 2014-07-31T15:26:02.363
57 33 404 2014-07-31T15:26:02.363
73 3 410 2014-07-31T22:22:42.29
78 4 413 2014-08-01T00:25:44.613
78 50 413 2014-08-01T00:25:44.613
83 33 415 2014-08-01T01:00:47.43
83 51 415 2014-08-01T01:00:47.43
83 18 415 2014-08-01T01:00:47.43
83 52 415 2014-08-01T01:00:47.43
145 2 422 2014-08-01T08:08:23.393
57 3 429 2014-08-01T14:20:11.997
145 3 432 2014-08-01T15:00:15.75
169 10 437 2014-08-01T20:16:48.773
169 1 437 2014-08-01T20:16:48.773
78 31 440 2014-08-02T01:38:42.907
78 9 440 2014-08-02T01:38:42.907
78 39 440 2014-08-02T01:38:42.907
145 18 443 2014-08-02T16:24:09.107
145 24 443 2014-08-02T16:24:09.107
145 33 443 2014-08-02T16:24:09.107
145 19 443 2014-08-02T16:24:09.107
102 53 447 2014-08-02T19:33:02.773
87 3 452 2014-08-02T23:07:44.767
87 11 452 2014-08-02T23:07:44.767
87 10 454 2014-08-03T00:03:31.07
87 36 454 2014-08-03T00:03:31.07
78 10 457 2014-08-03T05:03:45.737
78 4 464 2014-08-04T01:22:32.333
78 54 464 2014-08-04T01:22:32.333
44 3 468 2014-08-04T10:04:36.18
44 36 468 2014-08-04T10:04:36.18
145 36 477 2014-08-05T08:23:53.817
145 37 477 2014-08-05T08:23:53.817
227 6 483 2014-08-05T21:42:57.373
227 55 483 2014-08-05T21:42:57.373
227 42 489 2014-08-05T23:21:26.297
227 49 489 2014-08-05T23:21:26.297
94 3 503 2014-08-07T15:31:07.887
66 10 504 2014-08-07T16:26:46.36
66 15 504 2014-08-07T16:26:46.36
127 2 519 2014-08-10T17:09:17.677
127 13 519 2014-08-10T17:09:17.677
127 51 519 2014-08-10T17:09:17.677
83 4 536 2014-08-13T16:06:21.27
83 43 536 2014-08-13T16:06:21.27
83 56 536 2014-08-13T16:06:21.27
83 10 541 2014-08-13T20:13:27.003
83 4 541 2014-08-13T20:13:27.003
83 15 541 2014-08-13T20:13:27.003
304 10 545 2014-08-14T01:42:22.097
197 9 554 2014-08-16T22:52:29.753
197 13 554 2014-08-16T22:52:29.753
197 57 554 2014-08-16T22:52:29.753
197 58 554 2014-08-16T22:52:29.753
130 8 562 2014-08-19T12:47:15.967
215 10 571 2014-08-20T07:31:24.85
215 2 571 2014-08-20T07:31:24.85
215 7 571 2014-08-20T07:31:24.85
344 4 578 2014-08-22T01:57:13.503
344 33 578 2014-08-22T01:57:13.503
344 2 578 2014-08-22T01:57:13.503
344 28 578 2014-08-22T01:57:13.503
275 31 584 2014-08-25T00:51:39.787
275 13 584 2014-08-25T00:51:39.787
275 3 585 2014-08-25T00:56:42.29
83 56 587 2014-08-26T22:22:36.027
11 18 589 2014-08-29T15:22:34.323
142 8 593 2014-08-30T08:15:30.017
142 26 593 2014-08-30T08:15:30.017
142 56 593 2014-08-30T08:15:30.017
84 2 596 2014-08-31T08:32:43.057
84 32 596 2014-08-31T08:32:43.057
84 38 596 2014-08-31T08:32:43.057
142 33 598 2014-08-31T09:33:24.647
275 8 607 2014-08-31T22:37:49.93
275 59 607 2014-08-31T22:37:49.93
83 10 619 2014-09-01T18:34:54.283
424 10 620 2014-09-01T21:05:39.567
425 30 621 2014-09-01T21:09:16.647
425 19 621 2014-09-01T21:09:16.647
447 40 632 2014-09-02T22:20:14.837
441 3 638 2014-09-02T23:28:58.333
441 44 638 2014-09-02T23:28:58.333
127 8 652 2014-09-05T00:37:24.233
437 10 656 2014-09-05T23:15:01.567
437 2 656 2014-09-05T23:15:01.567
437 59 656 2014-09-05T23:15:01.567
437 2 659 2014-09-06T13:00:00.1
437 8 659 2014-09-06T13:00:00.1
437 3 659 2014-09-06T13:00:00.1
490 4 667 2014-09-10T00:08:36.217
490 14 667 2014-09-10T00:08:36.217
408 2 669 2014-09-10T13:15:52.517
408 9 669 2014-09-10T13:15:52.517
408 13 669 2014-09-10T13:15:52.517
301 10 671 2014-09-10T19:13:34.33
503 3 677 2014-09-12T03:39:47.8
111 14 686 2014-09-16T12:14:04.323
94 34 689 2014-09-16T23:45:59.6
517 10 694 2014-09-18T23:38:47.53
517 15 694 2014-09-18T23:38:47.53
504 3 698 2014-09-19T14:40:35.733
504 59 698 2014-09-19T14:40:35.733
44 9 700 2014-09-19T18:42:38.583
44 31 700 2014-09-19T18:42:38.583
438 3 702 2014-09-20T07:08:58.727
44 48 706 2014-09-22T22:57:27.94
44 48 708 2014-09-22T23:07:57.93
530 10 711 2014-09-24T12:08:36.837
530 9 711 2014-09-24T12:08:36.837
530 51 711 2014-09-24T12:08:36.837
548 10 718 2014-09-25T13:47:59.19
548 29 718 2014-09-25T13:47:59.19
408 2 728 2014-09-26T11:20:58.597
408 9 728 2014-09-26T11:20:58.597
408 13 728 2014-09-26T11:20:58.597
438 2 732 2014-09-26T17:20:45.517
438 51 732 2014-09-26T17:20:45.517
566 26 738 2014-09-26T19:21:31.147
566 51 738 2014-09-26T19:21:31.147
581 2 746 2014-10-01T20:58:24.567
581 31 746 2014-10-01T20:58:24.567
581 51 746 2014-10-01T20:58:24.567
581 36 746 2014-10-01T20:58:24.567
437 10 755 2014-10-09T14:11:02.343
437 14 755 2014-10-09T14:11:02.343
86 2 757 2014-10-09T18:02:13.593
86 56 757 2014-10-09T18:02:13.593
408 8 759 2014-10-10T08:51:29.7
408 57 759 2014-10-10T08:51:29.7
596 13 762 2014-10-13T02:47:12.4
607 24 770 2014-10-14T04:09:32.84
607 58 770 2014-10-14T04:09:32.84
617 4 774 2014-10-14T16:07:13.083
142 13 775 2014-10-14T17:02:23.087
142 43 775 2014-10-14T17:02:23.087
596 41 779 2014-10-14T22:33:02.157
44 31 786 2014-10-16T14:55:52.34
44 30 796 2014-10-17T19:01:27.743
620 10 799 2014-10-18T06:22:00.423
620 2 799 2014-10-18T06:22:00.423
620 10 800 2014-10-18T07:38:52.94
620 9 800 2014-10-18T07:38:52.94
620 31 800 2014-10-18T07:38:52.94
620 10 805 2014-10-18T17:50:30.07
44 23 818 2014-10-21T13:09:45.207
46 9 820 2014-10-23T16:20:50.68
46 13 820 2014-10-23T16:20:50.68
666 9 825 2014-10-24T00:51:37.787
666 3 825 2014-10-24T00:51:37.787
44 23 830 2014-10-24T16:43:33.543
408 10 832 2014-10-26T19:20:05.06
408 45 832 2014-10-26T19:20:05.06
408 53 832 2014-10-26T19:20:05.06
680 3 835 2014-10-29T01:11:02.19
680 24 835 2014-10-29T01:11:02.19
680 58 835 2014-10-29T01:11:02.19
682 10 838 2014-10-30T19:11:36.283
682 55 838 2014-10-30T19:11:36.283
684 10 840 2014-11-02T22:18:11.557
684 2 840 2014-11-02T22:18:11.557
504 3 848 2014-11-07T14:55:17.96
689 31 851 2014-11-08T05:09:03.423
689 3 851 2014-11-08T05:09:03.423
689 44 851 2014-11-08T05:09:03.423
690 23 854 2014-11-10T21:17:34.943
690 6 854 2014-11-10T21:17:34.943
504 2 855 2014-11-11T00:35:27.08
504 3 855 2014-11-11T00:35:27.08
693 8 858 2014-11-11T06:04:57.307
693 13 858 2014-11-11T06:04:57.307
693 51 858 2014-11-11T06:04:57.307
693 35 858 2014-11-11T06:04:57.307
693 38 858 2014-11-11T06:04:57.307
698 60 865 2014-11-12T03:56:42.277
620 33 868 2014-11-12T20:18:28.173
620 24 868 2014-11-12T20:18:28.173
620 45 868 2014-11-12T20:18:28.173
275 14 870 2014-11-13T02:48:06.013
702 51 873 2014-11-14T23:44:05.893
702 34 873 2014-11-14T23:44:05.893
83 2 874 2014-11-16T03:59:29.853
83 14 874 2014-11-16T03:59:29.853
83 61 874 2014-11-16T03:59:29.853
83 10 875 2014-11-16T19:07:52.307
83 61 875 2014-11-16T19:07:52.307
86 61 879 2014-11-17T21:02:53.287
709 61 882 2014-11-18T22:23:00.07
712 25 883 2014-11-21T04:47:03.367
712 19 883 2014-11-21T04:47:03.367
712 58 883 2014-11-21T04:47:03.367
712 52 883 2014-11-21T04:47:03.367
720 24 891 2014-11-24T21:57:58.277
720 51 891 2014-11-24T21:57:58.277
708 2 893 2014-11-25T14:38:30.22
708 13 893 2014-11-25T14:38:30.22
653 2 896 2014-11-25T15:47:33.073
653 31 896 2014-11-25T15:47:33.073
653 61 896 2014-11-25T15:47:33.073
517 2 905 2014-11-28T04:13:45.36
517 15 905 2014-11-28T04:13:45.36
437 2 909 2014-11-29T10:33:02.82
437 35 909 2014-11-29T10:33:02.82
653 61 914 2014-12-03T15:29:45.157
437 14 922 2014-12-07T14:35:49.58
437 18 922 2014-12-07T14:35:49.58
437 24 922 2014-12-07T14:35:49.58
769 31 924 2014-12-07T19:04:41.547
769 33 924 2014-12-07T19:04:41.547
769 18 924 2014-12-07T19:04:41.547
769 32 924 2014-12-07T19:04:41.547
774 31 926 2014-12-08T03:46:56.673
774 24 926 2014-12-08T03:46:56.673
83 51 929 2014-12-08T17:43:38.45
83 18 929 2014-12-08T17:43:38.45
83 37 929 2014-12-08T17:43:38.45
779 51 931 2014-12-09T21:53:30.26
779 29 931 2014-12-09T21:53:30.26
779 50 931 2014-12-09T21:53:30.26
786 24 939 2014-12-13T02:47:38.85
786 3 939 2014-12-13T02:47:38.85
786 44 939 2014-12-13T02:47:38.85
9 8 944 2014-12-21T15:02:33.73
806 9 947 2014-12-22T10:22:09.017
83 24 950 2014-12-27T23:49:18.113
83 4 950 2014-12-27T23:49:18.113
83 19 950 2014-12-27T23:49:18.113
83 62 950 2014-12-27T23:49:18.113
501 2 954 2015-01-01T15:54:54.697
83 10 964 2015-01-09T03:01:48.73
83 15 964 2015-01-09T03:01:48.73
83 20 964 2015-01-09T03:01:48.73
83 63 964 2015-01-09T03:01:48.73
838 24 965 2015-01-09T04:37:43.783
838 51 965 2015-01-09T04:37:43.783
841 30 968 2015-01-10T07:06:44.973
841 54 968 2015-01-10T07:06:44.973
708 8 972 2015-01-13T23:04:08.117
708 51 972 2015-01-13T23:04:08.117
853 31 974 2015-01-15T21:53:00.743
853 17 974 2015-01-15T21:53:00.743
853 64 974 2015-01-15T21:53:00.743
437 13 976 2015-01-16T17:37:03
437 41 976 2015-01-16T17:37:03
437 2 976 2015-01-16T17:37:03
437 2 980 2015-01-18T23:24:39.647
437 8 980 2015-01-18T23:24:39.647
437 3 980 2015-01-18T23:24:39.647
865 47 982 2015-01-21T00:38:41.117
92 4 986 2015-01-22T00:40:29.023
92 29 986 2015-01-22T00:40:29.023
92 63 986 2015-01-22T00:40:29.023
83 33 990 2015-01-22T15:24:38.557
83 20 990 2015-01-22T15:24:38.557
83 38 990 2015-01-22T15:24:38.557
42 24 992 2015-01-23T05:30:57.95
42 26 992 2015-01-23T05:30:57.95
42 65 992 2015-01-23T05:30:57.95
518 15 998 2015-01-24T19:05:34.857
518 19 998 2015-01-24T19:05:34.857
92 10 999 2015-01-24T20:21:23.583
92 29 999 2015-01-24T20:21:23.583
92 39 999 2015-01-24T20:21:23.583
881 44 1002 2015-01-25T22:44:25.04
881 39 1002 2015-01-25T22:44:25.04
881 3 1002 2015-01-25T22:44:25.04
437 33 1005 2015-01-27T08:32:40.397
437 50 1005 2015-01-27T08:32:40.397
437 40 1005 2015-01-27T08:32:40.397
887 44 1009 2015-01-29T20:25:42.577
902 33 1016 2015-02-02T01:21:40.2
902 25 1016 2015-02-02T01:21:40.2
919 38 1021 2015-02-02T23:22:04.13
919 49 1021 2015-02-02T23:22:04.13
919 2 1021 2015-02-02T23:22:04.13
929 31 1028 2015-02-09T00:11:49.837
929 4 1028 2015-02-09T00:11:49.837
929 15 1028 2015-02-09T00:11:49.837
929 33 1028 2015-02-09T00:11:49.837
929 18 1028 2015-02-09T00:11:49.837
786 54 1029 2015-02-09T06:18:28.15
786 63 1029 2015-02-09T06:18:28.15
74 3 1037 2015-02-10T09:30:09.063
43 34 1039 2015-02-10T19:09:44.69
43 3 1039 2015-02-10T19:09:44.69
779 25 1040 2015-02-12T13:30:56.56
779 14 1040 2015-02-12T13:30:56.56
779 36 1040 2015-02-12T13:30:56.56
608 24 1041 2015-02-13T16:43:05.553
608 11 1041 2015-02-13T16:43:05.553
42 15 1046 2015-02-22T16:45:56.643
42 1 1046 2015-02-22T16:45:56.643
42 25 1046 2015-02-22T16:45:56.643
42 59 1046 2015-02-22T16:45:56.643
83 33 1048 2015-02-22T21:25:01.97
83 19 1048 2015-02-22T21:25:01.97
948 3 1049 2015-02-23T00:09:12.533
954 37 1054 2015-02-25T11:32:50.13
83 26 1056 2015-02-25T20:38:38.277
956 3 1058 2015-02-26T00:52:11.533
956 14 1058 2015-02-26T00:52:11.533
46 15 1062 2015-02-27T19:32:50.117
46 51 1062 2015-02-27T19:32:50.117
46 61 1062 2015-02-27T19:32:50.117
46 25 1062 2015-02-27T19:32:50.117
961 25 1066 2015-03-01T18:47:38.813
961 57 1066 2015-03-01T18:47:38.813
965 14 1067 2015-03-04T13:12:57.533
965 25 1067 2015-03-04T13:12:57.533
965 54 1067 2015-03-04T13:12:57.533
975 10 1073 2015-03-10T05:26:35.493
975 33 1073 2015-03-10T05:26:35.493
975 25 1073 2015-03-10T05:26:35.493
985 10 1076 2015-03-15T04:29:46.413
985 31 1076 2015-03-15T04:29:46.413
985 33 1076 2015-03-15T04:29:46.413
985 14 1076 2015-03-15T04:29:46.413
985 25 1076 2015-03-15T04:29:46.413
965 24 1077 2015-03-16T16:15:42.787
965 14 1077 2015-03-16T16:15:42.787
965 25 1077 2015-03-16T16:15:42.787
965 54 1077 2015-03-16T16:15:42.787
83 24 1081 2015-03-17T21:34:20.94
83 15 1081 2015-03-17T21:34:20.94
42 2 1088 2015-04-06T00:46:43.39
42 3 1088 2015-04-06T00:46:43.39
42 61 1088 2015-04-06T00:46:43.39
1024 14 1089 2015-04-06T21:02:41.897
1031 8 1094 2015-04-09T22:08:28.277
1031 61 1094 2015-04-09T22:08:28.277
437 3 1098 2015-04-13T18:53:09.643
1046 3 1101 2015-04-17T21:09:44.643
1046 30 1101 2015-04-17T21:09:44.643
92 3 1102 2015-04-19T02:20:50.423
92 31 1102 2015-04-19T02:20:50.423
92 4 1102 2015-04-19T02:20:50.423
92 30 1102 2015-04-19T02:20:50.423
92 19 1102 2015-04-19T02:20:50.423
608 10 1105 2015-04-21T03:26:33.8
608 24 1105 2015-04-21T03:26:33.8
608 20 1105 2015-04-21T03:26:33.8
948 6 1108 2015-04-22T20:45:45.507
83 4 1113 2015-04-23T20:38:57.583
83 39 1113 2015-04-23T20:38:57.583
980 31 1116 2015-04-25T00:28:44.573
980 15 1116 2015-04-25T00:28:44.573
1067 10 1119 2015-04-30T17:38:52.667
437 10 1122 2015-05-01T21:56:13.55
437 18 1122 2015-05-01T21:56:13.55
92 2 1130 2015-05-05T16:40:50.227
92 8 1130 2015-05-05T16:40:50.227
92 16 1130 2015-05-05T16:40:50.227
92 49 1130 2015-05-05T16:40:50.227
1046 3 1143 2015-05-11T21:51:03.323
1046 37 1143 2015-05-11T21:51:03.323
1046 1 1143 2015-05-11T21:51:03.323
83 3 1144 2015-05-12T03:27:05.997
83 36 1144 2015-05-12T03:27:05.997
961 25 1148 2015-05-15T18:22:41.893
961 46 1148 2015-05-15T18:22:41.893
961 64 1148 2015-05-15T18:22:41.893
961 66 1148 2015-05-15T18:22:41.893
961 67 1148 2015-05-15T18:22:41.893
626 10 1153 2015-05-19T09:58:33.317
626 2 1153 2015-05-19T09:58:33.317
626 38 1153 2015-05-19T09:58:33.317
626 49 1153 2015-05-19T09:58:33.317
1138 13 1155 2015-05-20T03:46:56.383
1138 9 1155 2015-05-20T03:46:56.383
933 3 1160 2015-05-24T17:49:30.393
933 45 1160 2015-05-24T17:49:30.393
933 60 1160 2015-05-24T17:49:30.393
1162 18 1166 2015-05-30T09:55:04.507
1162 23 1166 2015-05-30T09:55:04.507
215 15 1168 2015-06-01T12:59:21.307
215 33 1168 2015-06-01T12:59:21.307
215 18 1168 2015-06-01T12:59:21.307
961 25 1172 2015-06-05T16:17:48.237
961 64 1172 2015-06-05T16:17:48.237
961 66 1172 2015-06-05T16:17:48.237
961 67 1172 2015-06-05T16:17:48.237
1019 10 1177 2015-06-10T02:50:14.063
1019 3 1177 2015-06-10T02:50:14.063
1019 49 1177 2015-06-10T02:50:14.063
682 10 1180 2015-06-12T01:58:02.617
1203 10 1184 2015-06-16T22:09:08.347
1203 18 1184 2015-06-16T22:09:08.347
1203 26 1184 2015-06-16T22:09:08.347
1210 15 1186 2015-06-21T22:27:01.303
1210 32 1186 2015-06-21T22:27:01.303
1215 10 1189 2015-06-23T05:30:58.57
1215 65 1189 2015-06-23T05:30:58.57
985 14 1194 2015-06-24T05:38:17.493
985 51 1194 2015-06-24T05:38:17.493
985 25 1194 2015-06-24T05:38:17.493
985 39 1194 2015-06-24T05:38:17.493
985 63 1194 2015-06-24T05:38:17.493
1067 3 1197 2015-06-25T10:22:36.723
1067 62 1197 2015-06-25T10:22:36.723
1228 14 1198 2015-06-25T10:45:58.483
1228 25 1198 2015-06-25T10:45:58.483
1228 26 1198 2015-06-25T10:45:58.483
1228 58 1198 2015-06-25T10:45:58.483
1196 3 1200 2015-06-25T21:08:40.993
1210 10 1202 2015-06-27T18:17:19.153
1210 15 1202 2015-06-27T18:17:19.153
653 25 1203 2015-06-28T12:18:37.603
653 36 1203 2015-06-28T12:18:37.603
1067 68 1204 2015-06-28T20:57:08.76
275 64 1205 2015-06-28T22:02:38.617
275 25 1213 2015-06-30T00:03:02.357
275 64 1213 2015-06-30T00:03:02.357
502 4 1214 2015-06-30T19:40:08.623
1238 24 1217 2015-06-30T20:23:13.143
1239 33 1220 2015-07-01T01:23:46.1
1239 11 1220 2015-07-01T01:23:46.1
83 16 1224 2015-07-03T23:04:03.237
623 3 1230 2015-07-07T01:30:47.03
623 26 1230 2015-07-07T01:30:47.03
1067 24 1232 2015-07-08T08:54:31.54
1067 50 1232 2015-07-08T08:54:31.54
437 24 1237 2015-07-11T09:14:07.163
437 19 1237 2015-07-11T09:14:07.163
1210 24 1239 2015-07-15T19:11:46.563
1210 15 1239 2015-07-15T19:11:46.563
1210 18 1239 2015-07-15T19:11:46.563
608 3 1240 2015-07-15T22:21:42
608 44 1240 2015-07-15T22:21:42
608 60 1240 2015-07-15T22:21:42
1301 24 1244 2015-07-17T08:19:24.337
1301 14 1244 2015-07-17T08:19:24.337
1301 20 1244 2015-07-17T08:19:24.337
1301 58 1244 2015-07-17T08:19:24.337
1301 66 1244 2015-07-17T08:19:24.337
954 25 1246 2015-07-18T20:16:53.737
1318 52 1252 2015-07-23T14:53:49.937
1046 14 1255 2015-07-26T18:39:34.143
46 3 1257 2015-07-29T21:47:54.873
46 15 1257 2015-07-29T21:47:54.873
46 36 1257 2015-07-29T21:47:54.873
46 61 1262 2015-08-03T17:27:11.12
46 67 1262 2015-08-03T17:27:11.12
46 69 1262 2015-08-03T17:27:11.12
1370 3 1269 2015-08-11T13:30:50.223
1038 14 1271 2015-08-11T23:54:43.427
1038 69 1271 2015-08-11T23:54:43.427
1378 19 1274 2015-08-13T13:38:37.097
1378 64 1274 2015-08-13T13:38:37.097
653 3 1277 2015-08-14T11:13:25.437
653 44 1277 2015-08-14T11:13:25.437
1404 4 1289 2015-08-20T04:14:00.44
1404 30 1289 2015-08-20T04:14:00.44
1404 56 1289 2015-08-20T04:14:00.44
1404 63 1289 2015-08-20T04:14:00.44
1405 24 1292 2015-08-21T09:25:17.733
1405 44 1292 2015-08-21T09:25:17.733
1405 34 1292 2015-08-21T09:25:17.733
786 2 1293 2015-08-23T01:13:16.957
786 9 1293 2015-08-23T01:13:16.957
653 2 1308 2015-09-02T12:54:18.123
653 61 1308 2015-09-02T12:54:18.123
786 61 1312 2015-09-06T21:24:44.277
786 19 1312 2015-09-06T21:24:44.277
1438 10 1313 2015-09-07T03:12:45.003
1438 13 1313 2015-09-07T03:12:45.003
1239 4 1316 2015-09-08T05:38:14.893
1239 25 1316 2015-09-08T05:38:14.893
1239 44 1316 2015-09-08T05:38:14.893
1239 69 1316 2015-09-08T05:38:14.893
1442 61 1320 2015-09-11T20:04:42.467
708 11 1330 2015-09-22T12:30:46.417
653 61 1337 2015-09-26T18:03:11.897
653 11 1337 2015-09-26T18:03:11.897
985 10 1338 2015-09-26T22:14:10.987
985 31 1338 2015-09-26T22:14:10.987
985 9 1338 2015-09-26T22:14:10.987
985 14 1338 2015-09-26T22:14:10.987
1481 10 1342 2015-09-28T19:10:21.28
1481 15 1342 2015-09-28T19:10:21.28
1481 59 1342 2015-09-28T19:10:21.28
1506 25 1349 2015-10-05T23:18:08.87
1506 44 1349 2015-10-05T23:18:08.87
1506 34 1349 2015-10-05T23:18:08.87
1528 9 1351 2015-10-14T12:51:21.657
1528 58 1351 2015-10-14T12:51:21.657
1543 14 1353 2015-10-20T13:50:16.223
1543 4 1353 2015-10-20T13:50:16.223
1543 18 1353 2015-10-20T13:50:16.223
1543 45 1353 2015-10-20T13:50:16.223
1528 14 1358 2015-10-24T15:04:06.907
1528 48 1358 2015-10-24T15:04:06.907
1528 47 1358 2015-10-24T15:04:06.907
1562 9 1362 2015-10-27T10:44:23.943
1562 31 1362 2015-10-27T10:44:23.943
1562 25 1362 2015-10-27T10:44:23.943
1562 33 1362 2015-10-27T10:44:23.943
83 2 1368 2015-10-30T16:32:21.453
83 61 1368 2015-10-30T16:32:21.453
83 58 1368 2015-10-30T16:32:21.453
83 6 1368 2015-10-30T16:32:21.453
83 52 1368 2015-10-30T16:32:21.453
1405 2 1373 2015-11-02T18:55:09.157
1405 9 1373 2015-11-02T18:55:09.157
165 31 1376 2015-11-04T16:24:01.417
165 18 1376 2015-11-04T16:24:01.417
165 61 1376 2015-11-04T16:24:01.417
165 32 1376 2015-11-04T16:24:01.417
1562 8 1377 2015-11-05T13:30:55.973
1562 58 1377 2015-11-05T13:30:55.973
1562 2 1379 2015-11-05T18:49:36.037
1562 9 1379 2015-11-05T18:49:36.037
1562 13 1379 2015-11-05T18:49:36.037
1599 10 1388 2015-11-10T06:28:33.013
1599 2 1388 2015-11-10T06:28:33.013
1599 15 1388 2015-11-10T06:28:33.013
1599 36 1388 2015-11-10T06:28:33.013
83 15 1392 2015-11-11T18:24:39.76
83 54 1392 2015-11-11T18:24:39.76
1637 10 1397 2015-11-20T19:03:15.593
1637 37 1397 2015-11-20T19:03:15.593
1668 7 1402 2015-12-01T07:05:19.45
1632 2 1403 2015-12-03T00:38:56.823
1632 30 1403 2015-12-03T00:38:56.823
444 10 1405 2015-12-07T20:27:07.963
444 15 1405 2015-12-07T20:27:07.963
1686 24 1407 2015-12-09T02:21:12.513
1686 45 1407 2015-12-09T02:21:12.513
653 8 1420 2015-12-28T12:09:36.893
653 61 1420 2015-12-28T12:09:36.893
653 39 1420 2015-12-28T12:09:36.893
1759 10 1425 2016-01-07T21:33:37.007
1759 2 1425 2016-01-07T21:33:37.007
1759 8 1425 2016-01-07T21:33:37.007
1759 13 1425 2016-01-07T21:33:37.007
1759 43 1425 2016-01-07T21:33:37.007
1051 18 1427 2016-01-10T13:44:41.72
1778 51 1431 2016-01-17T21:22:07.21
1778 58 1431 2016-01-17T21:22:07.21
1778 34 1431 2016-01-17T21:22:07.21
1778 45 1431 2016-01-17T21:22:07.21
1778 54 1431 2016-01-17T21:22:07.21
83 61 1434 2016-01-22T04:59:55.13
83 58 1434 2016-01-22T04:59:55.13
954 24 1436 2016-01-23T20:45:34.34
954 70 1436 2016-01-23T20:45:34.34
1774 2 1437 2016-01-24T13:22:06.893
1774 8 1437 2016-01-24T13:22:06.893
1774 38 1437 2016-01-24T13:22:06.893
483 8 1445 2016-02-03T03:05:54.813
483 25 1447 2016-02-04T15:40:18.297
1825 24 1448 2016-02-04T18:17:50
1825 25 1448 2016-02-04T18:17:50
1825 51 1448 2016-02-04T18:17:50
1825 44 1448 2016-02-04T18:17:50
1825 20 1448 2016-02-04T18:17:50
954 24 1454 2016-02-07T03:41:33.7
954 44 1454 2016-02-07T03:41:33.7
954 70 1454 2016-02-07T03:41:33.7
1833 10 1456 2016-02-08T00:27:16.74
1833 9 1456 2016-02-08T00:27:16.74
1833 14 1456 2016-02-08T00:27:16.74
1355 24 1459 2016-02-09T18:03:23.257
1355 25 1459 2016-02-09T18:03:23.257
1686 2 1461 2016-02-11T14:05:53.74
1686 44 1461 2016-02-11T14:05:53.74
1686 64 1461 2016-02-11T14:05:53.74
1336 24 1464 2016-02-19T18:56:37.68
1336 31 1464 2016-02-19T18:56:37.68
1336 33 1464 2016-02-19T18:56:37.68
1336 19 1464 2016-02-19T18:56:37.68
1336 36 1464 2016-02-19T18:56:37.68
1686 24 1469 2016-02-23T15:32:16.963
1686 44 1469 2016-02-23T15:32:16.963
1686 48 1469 2016-02-23T15:32:16.963
1870 10 1470 2016-02-24T21:28:40.99
1870 2 1470 2016-02-24T21:28:40.99
1825 10 1472 2016-02-25T13:35:30.253
1825 2 1472 2016-02-25T13:35:30.253
1825 24 1472 2016-02-25T13:35:30.253
1825 51 1472 2016-02-25T13:35:30.253
1825 36 1472 2016-02-25T13:35:30.253
1887 14 1476 2016-03-02T04:01:16.383
1887 58 1476 2016-03-02T04:01:16.383
1756 2 1477 2016-03-02T20:57:22.95
1756 13 1477 2016-03-02T20:57:22.95
1916 8 1486 2016-03-15T01:03:32.66
1916 58 1486 2016-03-15T01:03:32.66
1916 71 1486 2016-03-15T01:03:32.66
1916 10 1487 2016-03-15T01:10:49.697
1916 8 1487 2016-03-15T01:10:49.697
1916 58 1487 2016-03-15T01:10:49.697
1916 71 1487 2016-03-15T01:10:49.697
1919 15 1490 2016-03-17T05:53:54.007
83 2 1495 2016-04-07T15:46:16.517
83 3 1495 2016-04-07T15:46:16.517
954 8 1496 2016-04-09T18:12:03.927
1994 24 1501 2016-04-28T19:09:17.64
1994 25 1501 2016-04-28T19:09:17.64
2000 10 1503 2016-05-02T09:10:24.763
2000 61 1503 2016-05-02T09:10:24.763
2000 53 1503 2016-05-02T09:10:24.763
2002 64 1504 2016-05-03T13:40:00.253
2005 31 1507 2016-05-05T22:50:06.157
2005 36 1507 2016-05-05T22:50:06.157
2005 23 1507 2016-05-05T22:50:06.157
444 2 1512 2016-05-08T08:31:05.523
2025 58 1520 2016-05-16T19:16:42.44
2025 52 1520 2016-05-16T19:16:42.44
2026 61 1521 2016-05-17T16:51:01.8
2048 14 1526 2016-05-26T11:03:50.17
954 14 1529 2016-06-03T05:50:23.87
954 61 1529 2016-06-03T05:50:23.87
2070 61 1532 2016-06-07T05:25:31.913
2070 72 1532 2016-06-07T05:25:31.913
483 3 1537 2016-06-15T20:51:16.81
483 26 1537 2016-06-15T20:51:16.81
2092 23 1541 2016-06-16T10:36:50.717
2094 14 1543 2016-06-19T22:58:49.52
2094 9 1543 2016-06-19T22:58:49.52
2094 31 1543 2016-06-19T22:58:49.52
2094 61 1543 2016-06-19T22:58:49.52
2120 50 1551 2016-07-06T06:07:45.11
2125 10 1553 2016-07-07T11:52:50.563
2125 3 1553 2016-07-07T11:52:50.563
2125 25 1553 2016-07-07T11:52:50.563
2125 33 1553 2016-07-07T11:52:50.563
483 26 1554 2016-07-08T20:25:18.297
1405 2 1557 2016-07-13T13:03:02.577
1405 3 1557 2016-07-13T13:03:02.577
1405 9 1557 2016-07-13T13:03:02.577
2142 51 1561 2016-07-21T13:32:28.387
2142 52 1561 2016-07-21T13:32:28.387
1405 4 1563 2016-07-22T18:07:42.9
2144 25 1564 2016-07-23T18:25:06.117
2144 26 1564 2016-07-23T18:25:06.117
1405 44 1566 2016-07-28T16:47:48.267
1971 51 1571 2016-07-31T16:05:52.907
1971 64 1571 2016-07-31T16:05:52.907
66 3 2575 2016-08-26T12:13:07.067
66 51 2575 2016-08-26T12:13:07.067
83 42 2578 2016-09-01T01:42:52.283
2216 3 2581 2016-09-05T19:55:52.567
2216 14 2581 2016-09-05T19:55:52.567
2216 44 2581 2016-09-05T19:55:52.567
2102 3 2587 2016-09-21T07:25:34.117
2102 72 2587 2016-09-21T07:25:34.117
2254 51 2594 2016-09-27T23:58:24.26
2254 30 2594 2016-09-27T23:58:24.26
83 25 2606 2016-10-13T15:40:15.223
83 57 2606 2016-10-13T15:40:15.223
2291 14 2609 2016-10-18T10:00:44.797
2291 19 2609 2016-10-18T10:00:44.797
1405 24 2611 2016-10-20T13:48:17.387
1405 4 2611 2016-10-20T13:48:17.387
1405 51 2611 2016-10-20T13:48:17.387
2301 2 2616 2016-10-24T12:23:31.98
2301 3 2616 2016-10-24T12:23:31.98
2301 1 2616 2016-10-24T12:23:31.98
1405 9 2623 2016-11-03T16:19:05.28
1405 63 2623 2016-11-03T16:19:05.28
2363 9 2632 2016-11-15T19:13:20.837
2363 51 2632 2016-11-15T19:13:20.837
2365 24 2640 2016-11-22T13:49:58.007
83 10 2641 2016-11-22T22:39:13.243
83 15 2641 2016-11-22T22:39:13.243
83 63 2641 2016-11-22T22:39:13.243
1686 8 2642 2016-11-24T21:38:00.607
1686 64 2642 2016-11-24T21:38:00.607
1686 16 2642 2016-11-24T21:38:00.607
1686 43 2642 2016-11-24T21:38:00.607
2317 51 2649 2016-11-29T19:39:13.353
2317 39 2649 2016-11-29T19:39:13.353
2380 24 2650 2016-11-29T23:26:03.07
2380 37 2650 2016-11-29T23:26:03.07
83 10 2659 2016-12-06T18:04:38.42
83 36 2659 2016-12-06T18:04:38.42
2399 24 2660 2016-12-13T04:42:39.15
2401 44 2662 2016-12-13T20:49:50.45
2403 14 2664 2016-12-15T15:50:31.857
2403 58 2664 2016-12-15T15:50:31.857
2403 66 2664 2016-12-15T15:50:31.857
2438 24 2671 2017-01-03T14:48:45.517
2438 33 2671 2017-01-03T14:48:45.517
2438 19 2671 2017-01-03T14:48:45.517
2453 8 2678 2017-01-11T08:08:29.543
2453 39 2678 2017-01-11T08:08:29.543
1405 13 2680 2017-01-12T16:41:41.557
1405 39 2680 2017-01-12T16:41:41.557
2471 14 2686 2017-01-24T03:34:24.82
2471 9 2686 2017-01-24T03:34:24.82
2471 61 2686 2017-01-24T03:34:24.82
708 24 2693 2017-02-08T06:52:41.113
708 44 2693 2017-02-08T06:52:41.113
2511 33 2695 2017-02-12T22:59:05.673
2511 69 2695 2017-02-12T22:59:05.673
2518 8 2699 2017-02-15T12:46:05.017
2518 25 2699 2017-02-15T12:46:05.017
2528 10 2704 2017-02-20T17:58:00.377
2528 24 2704 2017-02-20T17:58:00.377
2528 14 2704 2017-02-20T17:58:00.377
2528 25 2704 2017-02-20T17:58:00.377
2528 66 2704 2017-02-20T17:58:00.377
2563 2 2709 2017-03-06T14:59:02.883
2563 24 2709 2017-03-06T14:59:02.883
2577 25 2716 2017-03-20T17:31:35.153
2577 61 2716 2017-03-20T17:31:35.153
2577 66 2716 2017-03-20T17:31:35.153
2593 31 2717 2017-03-21T20:22:18.127
2595 61 2720 2017-03-23T13:06:15.337
2595 72 2720 2017-03-23T13:06:15.337
2599 24 2723 2017-03-24T16:13:38.503
2599 25 2723 2017-03-24T16:13:38.503
2599 23 2723 2017-03-24T16:13:38.503
1405 3 2726 2017-04-11T17:20:57.61
1405 70 2726 2017-04-11T17:20:57.61
2655 25 2732 2017-04-29T08:47:09.543
2655 18 2732 2017-04-29T08:47:09.543
2655 19 2732 2017-04-29T08:47:09.543
2657 72 2733 2017-04-30T06:13:58.613
2687 25 2735 2017-05-15T05:37:35.34
2687 58 2735 2017-05-15T05:37:35.34
2687 32 2735 2017-05-15T05:37:35.34
2687 66 2735 2017-05-15T05:37:35.34
2687 62 2735 2017-05-15T05:37:35.34
1686 2 2737 2017-05-18T01:10:33.467
1686 25 2737 2017-05-18T01:10:33.467
1686 53 2737 2017-05-18T01:10:33.467
2695 51 2739 2017-05-18T14:02:14.077
2599 13 2741 2017-05-22T15:03:33.677
2599 52 2741 2017-05-22T15:03:33.677
2599 72 2741 2017-05-22T15:03:33.677
2700 25 2744 2017-05-23T22:57:01.453
2700 63 2744 2017-05-23T22:57:01.453
2700 54 2744 2017-05-23T22:57:01.453
2717 61 2746 2017-05-27T10:40:16.987
2717 58 2746 2017-05-27T10:40:16.987
2726 3 2749 2017-05-31T16:15:19.81
2726 44 2749 2017-05-31T16:15:19.81
2726 28 2749 2017-05-31T16:15:19.81
2735 24 2750 2017-06-08T14:18:11.853
2735 14 2750 2017-06-08T14:18:11.853
2735 19 2750 2017-06-08T14:18:11.853
2740 66 2757 2017-06-24T20:16:11.63
2417 10 2760 2017-06-27T22:43:47.683
2417 66 2760 2017-06-27T22:43:47.683
2788 14 2764 2017-07-13T07:38:45.763
2788 39 2764 2017-07-13T07:38:45.763
2788 72 2764 2017-07-13T07:38:45.763
2788 53 2764 2017-07-13T07:38:45.763
2792 2 2765 2017-07-14T10:38:22.523
2792 13 2765 2017-07-14T10:38:22.523
2792 23 2765 2017-07-14T10:38:22.523
2792 41 2765 2017-07-14T10:38:22.523
83 15 2779 2017-07-27T01:36:28.49
83 4 2779 2017-07-27T01:36:28.49
2833 64 2781 2017-07-27T15:47:29.953
2861 2 2784 2017-08-06T09:57:06.783
2861 3 2784 2017-08-06T09:57:06.783
2861 9 2784 2017-08-06T09:57:06.783
2861 32 2784 2017-08-06T09:57:06.783
2458 2 2785 2017-08-06T14:08:49.85
2458 9 2785 2017-08-06T14:08:49.85
2265 14 2790 2017-08-09T16:36:53.523
2265 57 2790 2017-08-09T16:36:53.523
2740 24 2799 2017-08-18T12:29:40.48
2740 64 2799 2017-08-18T12:29:40.48
2740 64 2800 2017-08-18T13:20:58.02
2885 2 2802 2017-08-19T22:24:55.803
2885 8 2802 2017-08-19T22:24:55.803
2885 13 2802 2017-08-19T22:24:55.803
2885 64 2802 2017-08-19T22:24:55.803
2458 9 2804 2017-08-20T07:46:05.283
2458 13 2804 2017-08-20T07:46:05.283
2458 2 2812 2017-08-20T23:12:58.633
2363 9 2823 2017-09-12T02:02:37.78
2363 13 2823 2017-09-12T02:02:37.78
2363 31 2823 2017-09-12T02:02:37.78
2363 39 2823 2017-09-12T02:02:37.78
1686 4 2840 2017-09-25T07:56:53.747
1686 66 2840 2017-09-25T07:56:53.747
2974 8 2850 2017-10-06T15:57:08.243
2974 15 2850 2017-10-06T15:57:08.243
2982 66 2854 2017-10-10T12:34:48.443
3005 10 2861 2017-11-05T05:06:30.3
3005 3 2861 2017-11-05T05:06:30.3
3005 44 2861 2017-11-05T05:06:30.3
3005 39 2861 2017-11-05T05:06:30.3
3007 61 2862 2017-11-05T09:20:28.21
2511 14 2869 2017-12-04T16:24:52.373
2511 9 2869 2017-12-04T16:24:52.373
2511 14 2870 2017-12-04T17:06:39.64
2511 25 2870 2017-12-04T17:06:39.64
3137 31 2872 2017-12-07T12:13:46.767
1539 10 2875 2017-12-15T16:50:01.013
1539 25 2875 2017-12-15T16:50:01.013
1539 26 2875 2017-12-15T16:50:01.013
1539 34 2875 2017-12-15T16:50:01.013
1539 20 2875 2017-12-15T16:50:01.013
3150 10 2876 2017-12-17T06:16:36.177
3150 15 2876 2017-12-17T06:16:36.177
3175 10 2885 2018-01-10T04:17:14.657
3175 25 2885 2018-01-10T04:17:14.657
3175 37 2885 2018-01-10T04:17:14.657
3178 44 2887 2018-01-11T16:20:44.837
3178 72 2887 2018-01-11T16:20:44.837
2862 48 2888 2018-01-11T17:17:46.53
3182 2 2889 2018-01-13T13:03:19.537
2599 10 2905 2018-02-20T11:50:39.967
2599 58 2905 2018-02-20T11:50:39.967
2599 28 2905 2018-02-20T11:50:39.967
3240 64 2907 2018-02-22T10:17:53.927
3271 14 2914 2018-03-08T15:24:07.527
3271 52 2914 2018-03-08T15:24:07.527
3283 10 2919 2018-03-17T10:04:27.203
3283 24 2919 2018-03-17T10:04:27.203
3283 25 2919 2018-03-17T10:04:27.203
3283 31 2919 2018-03-17T10:04:27.203
3283 33 2919 2018-03-17T10:04:27.203
3310 14 2921 2018-03-30T19:07:41.907
3310 58 2921 2018-03-30T19:07:41.907
2862 9 2924 2018-04-03T02:16:06.01
2862 44 2924 2018-04-03T02:16:06.01
2801 64 2929 2018-04-09T19:14:09.593
3333 4 2932 2018-04-16T02:43:30.423
3335 38 2933 2018-04-16T17:32:03.293
42 61 2935 2018-05-07T02:51:19.65
2363 1 2938 2018-05-16T13:25:48.563
3421 64 2941 2018-06-25T05:39:03.18
3424 3 2943 2018-06-26T00:09:30.883
3424 58 2943 2018-06-26T00:09:30.883
3433 14 2945 2018-07-05T21:47:38.727
3433 25 2945 2018-07-05T21:47:38.727
3433 33 2945 2018-07-05T21:47:38.727
2599 24 2948 2018-07-18T16:02:50.913
2599 58 2948 2018-07-18T16:02:50.913
2599 66 2948 2018-07-18T16:02:50.913
165 14 2955 2018-08-16T13:47:23.73
165 26 2955 2018-08-16T13:47:23.73
165 12 2955 2018-08-16T13:47:23.73
