9 1 1 2015-04-28T15:51:47.6
9 2 1 2015-04-28T15:51:47.6
9 3 1 2015-04-28T15:51:47.6
13 1 2 2015-04-28T15:57:27.38
13 4 3 2015-04-28T16:06:15.057
13 5 3 2015-04-28T16:06:15.057
13 6 3 2015-04-28T16:06:15.057
26 1 5 2015-04-28T16:08:40.04
26 7 5 2015-04-28T16:08:40.04
29 4 10 2015-04-28T16:21:01.033
29 8 10 2015-04-28T16:21:01.033
29 9 10 2015-04-28T16:21:01.033
29 10 10 2015-04-28T16:21:01.033
34 1 11 2015-04-28T16:28:51.577
34 11 11 2015-04-28T16:28:51.577
34 12 11 2015-04-28T16:28:51.577
33 13 12 2015-04-28T16:29:40.317
33 14 13 2015-04-28T16:35:29.493
33 5 15 2015-04-28T16:44:17.923
33 1 16 2015-04-28T16:51:59.18
33 5 16 2015-04-28T16:51:59.18
33 15 16 2015-04-28T16:51:59.18
33 16 20 2015-04-28T17:01:14.34
33 17 26 2015-04-28T17:13:40.813
33 18 26 2015-04-28T17:13:40.813
11 4 27 2015-04-28T17:16:09.787
11 5 27 2015-04-28T17:16:09.787
11 19 27 2015-04-28T17:16:09.787
11 20 27 2015-04-28T17:16:09.787
46 21 31 2015-04-28T17:29:00.413
46 22 31 2015-04-28T17:29:00.413
46 23 31 2015-04-28T17:29:00.413
46 24 31 2015-04-28T17:29:00.413
46 25 31 2015-04-28T17:29:00.413
29 26 32 2015-04-28T17:32:26.977
29 27 32 2015-04-28T17:32:26.977
33 28 34 2015-04-28T17:38:24.13
33 29 39 2015-04-28T17:58:06.933
33 30 39 2015-04-28T17:58:06.933
33 1 41 2015-04-28T18:13:11.94
33 31 41 2015-04-28T18:13:11.94
58 4 48 2015-04-28T18:49:52.1
58 32 48 2015-04-28T18:49:52.1
58 33 48 2015-04-28T18:49:52.1
61 1 53 2015-04-28T19:06:11.87
61 34 53 2015-04-28T19:06:11.87
65 1 64 2015-04-28T19:38:05.8
65 35 64 2015-04-28T19:38:05.8
65 36 64 2015-04-28T19:38:05.8
58 7 65 2015-04-28T19:38:34.573
58 37 65 2015-04-28T19:38:34.573
58 38 65 2015-04-28T19:38:34.573
58 39 65 2015-04-28T19:38:34.573
58 40 65 2015-04-28T19:38:34.573
65 1 68 2015-04-28T19:42:10.98
65 7 68 2015-04-28T19:42:10.98
65 34 68 2015-04-28T19:42:10.98
33 14 75 2015-04-28T19:51:02.807
33 41 75 2015-04-28T19:51:02.807
33 42 75 2015-04-28T19:51:02.807
58 40 78 2015-04-28T19:59:28.78
58 43 78 2015-04-28T19:59:28.78
65 1 80 2015-04-28T20:06:34.183
65 44 80 2015-04-28T20:06:34.183
18 5 82 2015-04-28T20:11:03.147
18 45 82 2015-04-28T20:11:03.147
18 46 82 2015-04-28T20:11:03.147
58 29 88 2015-04-28T20:34:08.62
75 47 89 2015-04-28T20:41:04.14
75 48 89 2015-04-28T20:41:04.14
75 49 89 2015-04-28T20:41:04.14
33 50 93 2015-04-28T21:24:26.11
33 51 93 2015-04-28T21:24:26.11
86 1 96 2015-04-28T21:38:28.037
79 1 98 2015-04-28T21:54:24.62
79 52 98 2015-04-28T21:54:24.62
79 11 98 2015-04-28T21:54:24.62
79 53 98 2015-04-28T21:54:24.62
79 54 98 2015-04-28T21:54:24.62
33 55 101 2015-04-28T22:11:33.757
33 56 101 2015-04-28T22:11:33.757
33 57 101 2015-04-28T22:11:33.757
79 4 108 2015-04-28T22:45:04.34
79 35 108 2015-04-28T22:45:04.34
79 47 108 2015-04-28T22:45:04.34
91 17 109 2015-04-28T23:27:52.6
91 58 109 2015-04-28T23:27:52.6
91 59 109 2015-04-28T23:27:52.6
91 60 109 2015-04-28T23:27:52.6
93 1 110 2015-04-28T23:37:00.797
93 5 110 2015-04-28T23:37:00.797
93 34 110 2015-04-28T23:37:00.797
93 61 110 2015-04-28T23:37:00.797
93 28 111 2015-04-28T23:54:37.847
93 61 111 2015-04-28T23:54:37.847
57 1 112 2015-04-29T00:01:11.307
57 34 112 2015-04-29T00:01:11.307
57 62 112 2015-04-29T00:01:11.307
98 1 114 2015-04-29T00:22:04.287
98 34 114 2015-04-29T00:22:04.287
91 1 118 2015-04-29T00:48:05.507
91 12 118 2015-04-29T00:48:05.507
95 1 120 2015-04-29T01:21:20.293
95 36 120 2015-04-29T01:21:20.293
96 50 121 2015-04-29T01:24:00.663
96 17 121 2015-04-29T01:24:00.663
44 1 124 2015-04-29T01:46:20.68
44 55 124 2015-04-29T01:46:20.68
44 17 124 2015-04-29T01:46:20.68
91 37 128 2015-04-29T03:36:02.733
91 63 128 2015-04-29T03:36:02.733
11 1 129 2015-04-29T04:17:24.54
11 64 129 2015-04-29T04:17:24.54
11 65 129 2015-04-29T04:17:24.54
108 4 131 2015-04-29T04:47:47.54
108 66 131 2015-04-29T04:47:47.54
108 67 131 2015-04-29T04:47:47.54
110 1 132 2015-04-29T05:17:52.143
110 55 132 2015-04-29T05:17:52.143
110 68 135 2015-04-29T05:33:21.123
91 63 138 2015-04-29T06:11:39.063
79 28 140 2015-04-29T06:35:40.323
79 3 140 2015-04-29T06:35:40.323
91 69 141 2015-04-29T06:38:32.997
117 1 146 2015-04-29T07:45:39.57
117 39 146 2015-04-29T07:45:39.57
117 11 146 2015-04-29T07:45:39.57
32 4 154 2015-04-29T10:31:38.31
32 35 154 2015-04-29T10:31:38.31
32 70 154 2015-04-29T10:31:38.31
32 47 154 2015-04-29T10:31:38.31
26 1 155 2015-04-29T10:55:42.613
26 7 155 2015-04-29T10:55:42.613
26 71 155 2015-04-29T10:55:42.613
51 22 161 2015-04-29T12:12:56.43
51 21 161 2015-04-29T12:12:56.43
51 72 161 2015-04-29T12:12:56.43
111 1 163 2015-04-29T12:27:48.93
111 34 163 2015-04-29T12:27:48.93
111 73 163 2015-04-29T12:27:48.93
111 74 163 2015-04-29T12:27:48.93
108 75 165 2015-04-29T13:22:48.28
108 76 165 2015-04-29T13:22:48.28
79 4 166 2015-04-29T13:27:31.663
79 7 166 2015-04-29T13:27:31.663
51 21 167 2015-04-29T13:28:15.807
51 22 167 2015-04-29T13:28:15.807
51 77 167 2015-04-29T13:28:15.807
111 37 168 2015-04-29T13:45:35.84
111 38 168 2015-04-29T13:45:35.84
111 78 168 2015-04-29T13:45:35.84
111 34 171 2015-04-29T14:38:49.6
111 38 171 2015-04-29T14:38:49.6
51 21 172 2015-04-29T14:49:25.773
51 72 172 2015-04-29T14:49:25.773
51 79 172 2015-04-29T14:49:25.773
51 3 172 2015-04-29T14:49:25.773
11 1 174 2015-04-29T15:13:52.607
11 7 174 2015-04-29T15:13:52.607
110 68 179 2015-04-29T16:11:24.473
108 80 180 2015-04-29T16:15:03.98
108 81 180 2015-04-29T16:15:03.98
108 37 180 2015-04-29T16:15:03.98
108 43 180 2015-04-29T16:15:03.98
51 21 181 2015-04-29T16:23:49.307
51 22 181 2015-04-29T16:23:49.307
51 24 181 2015-04-29T16:23:49.307
51 25 181 2015-04-29T16:23:49.307
51 72 182 2015-04-29T16:30:37.717
51 42 182 2015-04-29T16:30:37.717
26 7 183 2015-04-29T16:34:48.403
26 16 183 2015-04-29T16:34:48.403
110 1 190 2015-04-29T19:02:39.917
79 26 192 2015-04-29T19:22:51.17
129 4 194 2015-04-29T19:49:29.547
129 82 194 2015-04-29T19:49:29.547
129 83 194 2015-04-29T19:49:29.547
129 4 197 2015-04-29T20:06:13.597
129 35 197 2015-04-29T20:06:13.597
33 81 199 2015-04-29T20:25:06.8
33 14 200 2015-04-29T20:38:36.083
33 84 200 2015-04-29T20:38:36.083
51 72 205 2015-04-29T21:36:58.117
51 79 205 2015-04-29T21:36:58.117
51 21 206 2015-04-29T21:44:16.51
51 1 208 2015-04-29T22:06:43.337
51 85 208 2015-04-29T22:06:43.337
51 86 208 2015-04-29T22:06:43.337
51 87 208 2015-04-29T22:06:43.337
139 1 210 2015-04-29T23:52:55.08
139 85 210 2015-04-29T23:52:55.08
91 7 213 2015-04-30T00:29:53.71
91 14 213 2015-04-30T00:29:53.71
91 63 213 2015-04-30T00:29:53.71
93 34 216 2015-04-30T02:37:26.04
93 88 216 2015-04-30T02:37:26.04
91 63 217 2015-04-30T03:57:29.067
110 1 218 2015-04-30T05:12:47.137
110 7 218 2015-04-30T05:12:47.137
110 89 218 2015-04-30T05:12:47.137
110 90 219 2015-04-30T05:17:43.647
144 1 225 2015-04-30T06:55:22.307
144 52 225 2015-04-30T06:55:22.307
144 54 225 2015-04-30T06:55:22.307
79 4 226 2015-04-30T06:56:13.013
79 67 226 2015-04-30T06:56:13.013
79 91 226 2015-04-30T06:56:13.013
40 1 227 2015-04-30T07:22:24.65
40 92 227 2015-04-30T07:22:24.65
51 1 233 2015-04-30T10:48:55.967
51 86 233 2015-04-30T10:48:55.967
51 72 237 2015-04-30T11:23:35.633
51 79 237 2015-04-30T11:23:35.633
51 2 237 2015-04-30T11:23:35.633
110 1 239 2015-04-30T11:36:23.907
110 34 239 2015-04-30T11:36:23.907
110 2 239 2015-04-30T11:36:23.907
26 1 242 2015-04-30T12:17:12.25
26 52 242 2015-04-30T12:17:12.25
51 5 244 2015-04-30T13:30:33.313
51 93 244 2015-04-30T13:30:33.313
51 21 247 2015-04-30T14:11:30.077
51 72 247 2015-04-30T14:11:30.077
51 40 247 2015-04-30T14:11:30.077
51 39 247 2015-04-30T14:11:30.077
11 1 251 2015-04-30T15:19:03.26
11 52 251 2015-04-30T15:19:03.26
155 7 254 2015-04-30T15:24:04.607
155 94 254 2015-04-30T15:24:04.607
155 5 254 2015-04-30T15:24:04.607
155 95 254 2015-04-30T15:24:04.607
98 1 255 2015-04-30T15:57:49.28
98 44 255 2015-04-30T15:57:49.28
98 8 255 2015-04-30T15:57:49.28
98 1 256 2015-04-30T16:39:08.75
98 7 256 2015-04-30T16:39:08.75
98 71 256 2015-04-30T16:39:08.75
98 96 257 2015-04-30T16:46:04.933
53 90 264 2015-04-30T18:30:18.307
53 97 264 2015-04-30T18:30:18.307
53 98 264 2015-04-30T18:30:18.307
91 1 275 2015-05-01T00:21:26.777
91 61 275 2015-05-01T00:21:26.777
91 99 275 2015-05-01T00:21:26.777
91 1 280 2015-05-01T04:44:00.077
91 52 280 2015-05-01T04:44:00.077
91 63 282 2015-05-01T06:59:33.14
57 26 283 2015-05-01T09:24:32.89
57 55 283 2015-05-01T09:24:32.89
32 5 286 2015-05-01T10:45:18.403
32 50 286 2015-05-01T10:45:18.403
53 58 287 2015-05-01T10:57:58.023
53 59 287 2015-05-01T10:57:58.023
53 100 287 2015-05-01T10:57:58.023
108 101 288 2015-05-01T11:41:55.253
108 56 288 2015-05-01T11:41:55.253
108 102 288 2015-05-01T11:41:55.253
108 103 288 2015-05-01T11:41:55.253
148 26 289 2015-05-01T13:19:47.077
148 104 289 2015-05-01T13:19:47.077
65 1 296 2015-05-01T14:26:51.893
65 7 296 2015-05-01T14:26:51.893
65 71 296 2015-05-01T14:26:51.893
65 34 300 2015-05-01T14:48:35.17
65 1 301 2015-05-01T14:50:57.823
65 34 302 2015-05-01T14:53:55.147
51 21 303 2015-05-01T15:39:46.127
51 22 303 2015-05-01T15:39:46.127
51 105 303 2015-05-01T15:39:46.127
51 5 305 2015-05-01T15:51:49.73
51 21 305 2015-05-01T15:51:49.73
51 72 305 2015-05-01T15:51:49.73
51 23 305 2015-05-01T15:51:49.73
51 19 305 2015-05-01T15:51:49.73
51 21 308 2015-05-01T16:44:50.1
51 79 308 2015-05-01T16:44:50.1
51 5 311 2015-05-01T17:32:55.393
51 21 311 2015-05-01T17:32:55.393
51 79 311 2015-05-01T17:32:55.393
51 21 312 2015-05-01T17:35:38.88
51 72 312 2015-05-01T17:35:38.88
51 17 312 2015-05-01T17:35:38.88
51 19 312 2015-05-01T17:35:38.88
51 72 315 2015-05-01T17:45:36.05
51 5 315 2015-05-01T17:45:36.05
51 19 315 2015-05-01T17:45:36.05
108 26 322 2015-05-02T01:49:49.023
171 26 323 2015-05-02T02:47:47.067
171 106 323 2015-05-02T02:47:47.067
171 107 323 2015-05-02T02:47:47.067
111 1 326 2015-05-02T08:34:01.817
111 52 326 2015-05-02T08:34:01.817
98 4 342 2015-05-02T14:46:13.46
98 108 342 2015-05-02T14:46:13.46
57 109 346 2015-05-02T16:23:18.85
57 48 346 2015-05-02T16:23:18.85
57 37 346 2015-05-02T16:23:18.85
87 1 357 2015-05-02T22:20:44.18
87 110 357 2015-05-02T22:20:44.18
10 1 360 2015-05-03T00:13:34.103
171 1 361 2015-05-03T01:38:16.033
171 71 361 2015-05-03T01:38:16.033
108 1 364 2015-05-03T07:16:43.2
108 44 364 2015-05-03T07:16:43.2
108 8 364 2015-05-03T07:16:43.2
108 111 364 2015-05-03T07:16:43.2
108 68 371 2015-05-03T13:04:17.613
108 112 371 2015-05-03T13:04:17.613
108 113 371 2015-05-03T13:04:17.613
98 4 372 2015-05-03T13:53:56.457
98 66 372 2015-05-03T13:53:56.457
183 16 379 2015-05-03T15:10:05.81
96 17 383 2015-05-03T17:51:28.127
96 50 383 2015-05-03T17:51:28.127
57 1 400 2015-05-03T22:29:51.117
57 52 400 2015-05-03T22:29:51.117
11 1 411 2015-05-03T23:53:00.36
43 1 412 2015-05-04T00:19:46.27
43 92 412 2015-05-04T00:19:46.27
43 71 412 2015-05-04T00:19:46.27
43 1 414 2015-05-04T00:43:36.603
43 52 414 2015-05-04T00:43:36.603
43 92 414 2015-05-04T00:43:36.603
29 4 419 2015-05-04T11:50:52.95
29 108 419 2015-05-04T11:50:52.95
194 4 420 2015-05-04T12:17:02.523
194 70 420 2015-05-04T12:17:02.523
194 114 420 2015-05-04T12:17:02.523
194 94 420 2015-05-04T12:17:02.523
111 5 430 2015-05-04T13:20:33.293
111 115 430 2015-05-04T13:20:33.293
87 5 441 2015-05-04T14:55:52.89
87 67 441 2015-05-04T14:55:52.89
87 66 441 2015-05-04T14:55:52.89
183 16 448 2015-05-04T15:48:21.26
183 116 448 2015-05-04T15:48:21.26
171 4 463 2015-05-04T19:39:57.13
171 7 463 2015-05-04T19:39:57.13
42 1 464 2015-05-04T20:18:27.563
42 117 464 2015-05-04T20:18:27.563
42 118 464 2015-05-04T20:18:27.563
198 7 466 2015-05-04T21:32:55.757
198 94 466 2015-05-04T21:32:55.757
98 1 471 2015-05-04T21:57:44.71
98 17 471 2015-05-04T21:57:44.71
98 4 474 2015-05-04T22:23:22.37
98 66 474 2015-05-04T22:23:22.37
98 67 474 2015-05-04T22:23:22.37
87 4 477 2015-05-04T23:11:31.207
87 70 477 2015-05-04T23:11:31.207
87 114 477 2015-05-04T23:11:31.207
183 16 479 2015-05-05T00:27:21.297
155 1 482 2015-05-05T03:38:40.14
155 74 482 2015-05-05T03:38:40.14
98 1 496 2015-05-05T23:23:00.01
98 53 496 2015-05-05T23:23:00.01
183 16 500 2015-05-06T00:02:06.087
183 68 500 2015-05-06T00:02:06.087
183 119 500 2015-05-06T00:02:06.087
11 16 502 2015-05-06T01:38:49.463
11 120 502 2015-05-06T01:38:49.463
18 50 506 2015-05-06T02:27:56.113
18 94 506 2015-05-06T02:27:56.113
108 16 507 2015-05-06T04:42:23.443
108 80 507 2015-05-06T04:42:23.443
108 81 507 2015-05-06T04:42:23.443
65 1 511 2015-05-06T12:00:42.017
65 121 511 2015-05-06T12:00:42.017
183 80 516 2015-05-06T15:53:35.023
183 122 516 2015-05-06T15:53:35.023
171 4 517 2015-05-06T16:35:15.95
171 108 517 2015-05-06T16:35:15.95
171 123 517 2015-05-06T16:35:15.95
171 124 517 2015-05-06T16:35:15.95
174 4 520 2015-05-06T19:00:30.283
174 125 520 2015-05-06T19:00:30.283
174 126 520 2015-05-06T19:00:30.283
18 113 530 2015-05-06T23:03:41.17
18 30 530 2015-05-06T23:03:41.17
18 127 530 2015-05-06T23:03:41.17
43 1 532 2015-05-06T23:59:15.4
43 128 532 2015-05-06T23:59:15.4
183 80 533 2015-05-07T00:18:54.707
183 122 533 2015-05-07T00:18:54.707
183 75 533 2015-05-07T00:18:54.707
11 1 556 2015-05-07T13:57:55.377
11 129 556 2015-05-07T13:57:55.377
110 1 568 2015-05-07T21:26:41.493
110 26 568 2015-05-07T21:26:41.493
42 75 572 2015-05-07T22:26:56.677
42 130 572 2015-05-07T22:26:56.677
42 131 572 2015-05-07T22:26:56.677
183 80 588 2015-05-08T00:57:24.823
183 122 588 2015-05-08T00:57:24.823
42 75 596 2015-05-08T03:01:04.597
42 130 596 2015-05-08T03:01:04.597
42 131 596 2015-05-08T03:01:04.597
57 1 597 2015-05-08T07:02:17.23
57 53 597 2015-05-08T07:02:17.23
57 1 598 2015-05-08T09:45:23.427
57 62 598 2015-05-08T09:45:23.427
51 28 599 2015-05-08T15:11:28.993
51 132 599 2015-05-08T15:11:28.993
11 133 605 2015-05-08T20:09:43.037
11 134 605 2015-05-08T20:09:43.037
11 113 605 2015-05-08T20:09:43.037
183 80 607 2015-05-09T00:18:16.81
183 122 607 2015-05-09T00:18:16.81
171 4 608 2015-05-09T01:38:37.487
57 94 610 2015-05-09T08:24:39.697
57 7 610 2015-05-09T08:24:39.697
57 135 610 2015-05-09T08:24:39.697
57 136 610 2015-05-09T08:24:39.697
87 94 618 2015-05-09T19:33:19.093
87 137 618 2015-05-09T19:33:19.093
42 21 621 2015-05-09T21:21:31.95
42 138 621 2015-05-09T21:21:31.95
139 1 622 2015-05-10T04:38:28.847
139 68 622 2015-05-10T04:38:28.847
139 96 622 2015-05-10T04:38:28.847
57 94 627 2015-05-10T15:47:38.473
227 38 629 2015-05-10T20:33:33.083
183 80 630 2015-05-10T22:59:49.823
183 122 630 2015-05-10T22:59:49.823
183 126 630 2015-05-10T22:59:49.823
227 38 632 2015-05-11T00:11:21.8
227 94 632 2015-05-11T00:11:21.8
111 63 637 2015-05-11T08:05:59.89
111 139 637 2015-05-11T08:05:59.89
91 7 638 2015-05-11T10:33:15.21
91 14 638 2015-05-11T10:33:15.21
183 80 641 2015-05-11T15:38:49.14
183 122 641 2015-05-11T15:38:49.14
183 120 641 2015-05-11T15:38:49.14
18 14 644 2015-05-11T20:11:23.3
18 55 644 2015-05-11T20:11:23.3
232 1 648 2015-05-12T05:07:47.16
117 1 650 2015-05-12T06:07:59.68
111 34 653 2015-05-12T14:55:17.61
111 140 653 2015-05-12T14:55:17.61
197 1 661 2015-05-12T21:39:36.547
197 34 661 2015-05-12T21:39:36.547
197 110 661 2015-05-12T21:39:36.547
197 141 661 2015-05-12T21:39:36.547
197 142 661 2015-05-12T21:39:36.547
183 80 663 2015-05-12T21:40:13.497
183 143 663 2015-05-12T21:40:13.497
243 34 665 2015-05-12T21:57:28.5
57 80 673 2015-05-13T07:45:26.693
57 122 673 2015-05-13T07:45:26.693
29 4 675 2015-05-13T09:33:07.287
29 123 675 2015-05-13T09:33:07.287
29 111 675 2015-05-13T09:33:07.287
29 144 675 2015-05-13T09:33:07.287
42 75 682 2015-05-13T18:33:10.297
42 130 682 2015-05-13T18:33:10.297
42 131 682 2015-05-13T18:33:10.297
183 80 685 2015-05-13T22:43:58.093
183 34 685 2015-05-13T22:43:58.093
183 122 685 2015-05-13T22:43:58.093
183 5 685 2015-05-13T22:43:58.093
183 143 685 2015-05-13T22:43:58.093
183 80 689 2015-05-14T17:55:33.143
183 122 689 2015-05-14T17:55:33.143
183 143 689 2015-05-14T17:55:33.143
197 34 690 2015-05-14T19:38:33.39
42 75 693 2015-05-14T22:35:52.367
42 130 693 2015-05-14T22:35:52.367
42 131 693 2015-05-14T22:35:52.367
36 1 697 2015-05-15T10:52:21.27
36 97 697 2015-05-15T10:52:21.27
36 145 697 2015-05-15T10:52:21.27
42 7 699 2015-05-15T16:45:53.56
42 50 699 2015-05-15T16:45:53.56
42 146 699 2015-05-15T16:45:53.56
42 147 699 2015-05-15T16:45:53.56
293 26 712 2015-05-16T02:31:30.05
293 94 712 2015-05-16T02:31:30.05
295 1 714 2015-05-16T09:57:08.523
295 94 714 2015-05-16T09:57:08.523
295 52 714 2015-05-16T09:57:08.523
295 65 714 2015-05-16T09:57:08.523
215 4 715 2015-05-16T15:23:27.827
215 66 715 2015-05-16T15:23:27.827
183 80 722 2015-05-16T20:20:20.923
183 16 722 2015-05-16T20:20:20.923
183 148 722 2015-05-16T20:20:20.923
215 1 724 2015-05-17T02:57:53.397
215 5 724 2015-05-17T02:57:53.397
183 80 731 2015-05-17T17:07:34.487
183 16 731 2015-05-17T17:07:34.487
183 116 731 2015-05-17T17:07:34.487
183 148 731 2015-05-17T17:07:34.487
183 34 740 2015-05-18T23:56:47.837
183 5 740 2015-05-18T23:56:47.837
42 68 743 2015-05-19T04:26:37.723
42 37 743 2015-05-19T04:26:37.723
29 1 745 2015-05-19T09:58:21.947
29 92 745 2015-05-19T09:58:21.947
42 4 748 2015-05-19T18:04:46.72
183 149 751 2015-05-19T21:34:55.637
42 75 769 2015-05-20T22:24:31.643
42 130 769 2015-05-20T22:24:31.643
42 131 769 2015-05-20T22:24:31.643
111 14 792 2015-05-22T12:27:25.143
188 37 795 2015-05-23T14:36:50.803
188 43 795 2015-05-23T14:36:50.803
188 126 795 2015-05-23T14:36:50.803
183 150 822 2015-05-23T18:19:24.63
197 1 825 2015-05-23T19:55:59.997
197 94 825 2015-05-23T19:55:59.997
215 1 827 2015-05-23T22:18:05.36
215 141 827 2015-05-23T22:18:05.36
215 1 828 2015-05-23T22:35:35.477
215 141 828 2015-05-23T22:35:35.477
215 110 828 2015-05-23T22:35:35.477
351 94 845 2015-05-24T23:02:39.577
355 1 852 2015-05-25T19:54:28.577
355 86 852 2015-05-25T19:54:28.577
188 94 853 2015-05-25T20:06:47.803
357 1 855 2015-05-25T21:56:12.073
57 151 858 2015-05-27T07:28:52.337
57 152 858 2015-05-27T07:28:52.337
183 34 867 2015-05-30T00:28:19.47
183 153 867 2015-05-30T00:28:19.47
42 63 869 2015-05-31T06:40:51.94
42 139 869 2015-05-31T06:40:51.94
385 34 876 2015-06-03T00:03:15.153
385 1 876 2015-06-03T00:03:15.153
385 94 876 2015-06-03T00:03:15.153
229 7 878 2015-06-04T11:49:35.533
229 5 878 2015-06-04T11:49:35.533
229 50 878 2015-06-04T11:49:35.533
355 1 880 2015-06-04T17:45:09.973
355 61 880 2015-06-04T17:45:09.973
10 1 892 2015-06-09T18:05:16.303
10 154 892 2015-06-09T18:05:16.303
419 23 898 2015-06-10T16:12:04.81
183 4 899 2015-06-10T21:58:35.933
421 1 902 2015-06-11T02:15:24.893
421 117 902 2015-06-11T02:15:24.893
421 118 902 2015-06-11T02:15:24.893
421 155 902 2015-06-11T02:15:24.893
42 63 911 2015-06-12T17:25:20.51
42 156 911 2015-06-12T17:25:20.51
431 38 912 2015-06-12T22:18:58.5
431 144 912 2015-06-12T22:18:58.5
93 4 918 2015-06-13T16:25:10.257
93 5 918 2015-06-13T16:25:10.257
93 68 918 2015-06-13T16:25:10.257
57 4 922 2015-06-15T08:37:39.487
57 91 922 2015-06-15T08:37:39.487
197 1 924 2015-06-15T14:10:13.11
197 94 924 2015-06-15T14:10:13.11
197 123 924 2015-06-15T14:10:13.11
440 1 927 2015-06-15T20:20:53.2
440 94 927 2015-06-15T20:20:53.2
440 125 927 2015-06-15T20:20:53.2
440 76 927 2015-06-15T20:20:53.2
57 4 929 2015-06-16T08:46:59.98
57 91 929 2015-06-16T08:46:59.98
57 108 929 2015-06-16T08:46:59.98
57 4 937 2015-06-18T13:19:12.32
57 91 937 2015-06-18T13:19:12.32
57 1 941 2015-06-19T07:53:07.237
57 37 941 2015-06-19T07:53:07.237
183 4 945 2015-06-19T19:41:30.16
183 91 945 2015-06-19T19:41:30.16
57 94 948 2015-06-20T10:01:07.6
57 157 948 2015-06-20T10:01:07.6
201 1 950 2015-06-21T13:42:17.17
201 94 950 2015-06-21T13:42:17.17
201 44 950 2015-06-21T13:42:17.17
57 4 951 2015-06-21T15:00:18.963
57 91 951 2015-06-21T15:00:18.963
57 4 957 2015-06-22T00:16:14.297
57 91 957 2015-06-22T00:16:14.297
57 40 957 2015-06-22T00:16:14.297
57 58 958 2015-06-23T00:44:46.297
57 100 958 2015-06-23T00:44:46.297
42 1 959 2015-06-23T02:31:24.097
42 158 959 2015-06-23T02:31:24.097
42 89 959 2015-06-23T02:31:24.097
466 5 961 2015-06-23T21:02:27.04
466 55 961 2015-06-23T21:02:27.04
123 5 962 2015-06-24T03:59:21.34
123 28 962 2015-06-24T03:59:21.34
467 94 972 2015-06-26T03:56:05.897
467 68 972 2015-06-26T03:56:05.897
467 123 972 2015-06-26T03:56:05.897
467 107 972 2015-06-26T03:56:05.897
235 1 977 2015-06-27T23:52:11.177
235 55 977 2015-06-27T23:52:11.177
235 76 977 2015-06-27T23:52:11.177
235 159 977 2015-06-27T23:52:11.177
484 26 980 2015-06-29T07:20:14.707
111 4 981 2015-06-29T08:13:57.35
111 91 981 2015-06-29T08:13:57.35
215 1 985 2015-06-30T05:24:54.28
215 5 985 2015-06-30T05:24:54.28
42 160 994 2015-07-04T20:58:28.747
140 4 1002 2015-07-09T01:19:13.68
140 5 1002 2015-07-09T01:19:13.68
140 38 1002 2015-07-09T01:19:13.68
140 43 1002 2015-07-09T01:19:13.68
517 1 1004 2015-07-10T01:44:00.36
197 4 1013 2015-07-12T21:42:30.29
197 161 1013 2015-07-12T21:42:30.29
197 142 1013 2015-07-12T21:42:30.29
183 80 1016 2015-07-13T23:53:09.347
183 162 1016 2015-07-13T23:53:09.347
36 109 1023 2015-07-18T15:53:03.39
545 1 1024 2015-07-18T17:29:27.157
546 63 1025 2015-07-18T17:52:00.5
546 55 1025 2015-07-18T17:52:00.5
546 61 1025 2015-07-18T17:52:00.5
561 1 1035 2015-07-22T18:38:30.283
117 17 1048 2015-07-28T00:45:11.423
579 63 1049 2015-07-28T04:52:42.947
579 95 1049 2015-07-28T04:52:42.947
579 75 1050 2015-07-28T05:19:06.12
579 38 1050 2015-07-28T05:19:06.12
579 131 1050 2015-07-28T05:19:06.12
87 17 1055 2015-08-04T18:32:09.837
87 163 1055 2015-08-04T18:32:09.837
87 164 1055 2015-08-04T18:32:09.837
91 63 1057 2015-08-11T07:02:04.463
91 55 1057 2015-08-11T07:02:04.463
201 5 1060 2015-08-13T02:04:51.053
201 61 1060 2015-08-13T02:04:51.053
201 45 1060 2015-08-13T02:04:51.053
201 46 1060 2015-08-13T02:04:51.053
663 1 1065 2015-08-19T16:22:09.457
663 141 1065 2015-08-19T16:22:09.457
663 165 1065 2015-08-19T16:22:09.457
188 5 1066 2015-08-19T22:21:58.21
188 166 1066 2015-08-19T22:21:58.21
188 167 1066 2015-08-19T22:21:58.21
467 107 1068 2015-08-20T04:10:34.883
467 106 1068 2015-08-20T04:10:34.883
183 80 1070 2015-08-20T22:15:05.147
183 122 1070 2015-08-20T22:15:05.147
183 162 1070 2015-08-20T22:15:05.147
671 1 1077 2015-08-21T14:55:46.82
671 62 1077 2015-08-21T14:55:46.82
690 1 1081 2015-08-28T18:10:28.967
698 68 1082 2015-08-30T06:55:12.303
698 168 1082 2015-08-30T06:55:12.303
698 67 1082 2015-08-30T06:55:12.303
721 26 1090 2015-09-05T17:37:12.27
731 7 1093 2015-09-09T06:43:12.43
742 34 1096 2015-09-13T14:27:30.98
742 169 1096 2015-09-13T14:27:30.98
758 5 1099 2015-09-16T21:46:24.32
469 4 1102 2015-09-17T08:35:59.88
398 7 1107 2015-09-21T01:05:37.31
398 21 1107 2015-09-21T01:05:37.31
398 170 1107 2015-09-21T01:05:37.31
709 63 1114 2015-09-24T04:56:41.997
791 63 1118 2015-09-30T09:49:08.917
791 95 1118 2015-09-30T09:49:08.917
183 171 1120 2015-10-01T01:33:41.273
797 1 1124 2015-10-02T08:50:40.657
800 1 1125 2015-10-03T19:13:12.577
800 31 1125 2015-10-03T19:13:12.577
799 40 1127 2015-10-05T22:08:02.63
799 125 1127 2015-10-05T22:08:02.63
826 157 1144 2015-10-14T07:50:23.187
826 132 1144 2015-10-14T07:50:23.187
831 1 1146 2015-10-14T14:29:17.84
831 5 1146 2015-10-14T14:29:17.84
831 34 1146 2015-10-14T14:29:17.84
467 34 1149 2015-10-16T22:35:30.55
467 159 1149 2015-10-16T22:35:30.55
743 75 1154 2015-10-18T14:26:37.447
743 38 1154 2015-10-18T14:26:37.447
852 1 1157 2015-10-21T20:02:33.797
867 18 1163 2015-10-27T09:42:02.363
140 4 1166 2015-10-27T20:41:50.627
140 91 1166 2015-10-27T20:41:50.627
845 5 1167 2015-10-28T00:22:18.347
845 7 1167 2015-10-28T00:22:18.347
428 5 1173 2015-11-02T07:22:27.293
428 96 1173 2015-11-02T07:22:27.293
889 7 1176 2015-11-03T04:38:34.41
889 37 1176 2015-11-03T04:38:34.41
889 109 1176 2015-11-03T04:38:34.41
913 142 1184 2015-11-10T09:02:09.673
913 163 1184 2015-11-10T09:02:09.673
913 164 1184 2015-11-10T09:02:09.673
183 16 1186 2015-11-11T22:24:55.677
709 63 1191 2015-11-24T05:49:48.69
967 1 1197 2015-11-28T20:22:26.843
967 44 1197 2015-11-28T20:22:26.843
183 1 1199 2015-11-29T00:17:09.26
967 1 1204 2015-11-30T01:44:06.09
967 129 1204 2015-11-30T01:44:06.09
982 1 1210 2015-12-04T12:35:14.283
982 12 1210 2015-12-04T12:35:14.283
799 7 1211 2015-12-04T15:45:14.493
799 125 1211 2015-12-04T15:45:14.493
987 1 1213 2015-12-05T01:32:17.143
992 4 1216 2015-12-05T23:14:57.73
188 5 1219 2015-12-06T18:44:49.89
188 94 1219 2015-12-06T18:44:49.89
997 7 1221 2015-12-08T15:55:26.15
1005 1 1223 2015-12-10T21:38:57.737
967 1 1227 2015-12-14T01:02:44.507
1020 1 1233 2015-12-17T00:08:32.033
1020 34 1233 2015-12-17T00:08:32.033
1020 39 1233 2015-12-17T00:08:32.033
1020 36 1233 2015-12-17T00:08:32.033
967 1 1238 2015-12-17T20:34:16.86
1025 1 1248 2015-12-18T07:56:37.57
1025 71 1248 2015-12-18T07:56:37.57
183 1 1251 2015-12-20T16:13:06.727
967 1 1255 2015-12-21T02:18:18.31
967 8 1255 2015-12-21T02:18:18.31
183 1 1258 2015-12-23T00:36:49.917
57 22 1265 2015-12-26T13:01:18.68
57 22 1266 2015-12-27T01:09:52.55
57 105 1266 2015-12-27T01:09:52.55
183 80 1268 2015-12-27T19:24:12.963
183 122 1268 2015-12-27T19:24:12.963
57 22 1269 2015-12-28T00:44:21.983
235 5 1270 2015-12-28T13:10:27.137
235 76 1270 2015-12-28T13:10:27.137
57 22 1274 2015-12-29T00:40:35.32
57 23 1274 2015-12-29T00:40:35.32
967 26 1277 2015-12-29T18:47:06.15
742 34 1278 2015-12-29T18:51:06.37
742 37 1278 2015-12-29T18:51:06.37
57 5 1280 2015-12-31T15:02:32.837
57 22 1280 2015-12-31T15:02:32.837
967 1 1290 2016-01-02T01:55:27.827
967 82 1290 2016-01-02T01:55:27.827
57 1 1292 2016-01-02T11:25:41.707
57 172 1292 2016-01-02T11:25:41.707
57 159 1292 2016-01-02T11:25:41.707
57 25 1292 2016-01-02T11:25:41.707
1076 1 1297 2016-01-05T05:35:21.02
1076 61 1297 2016-01-05T05:35:21.02
1086 45 1299 2016-01-06T04:58:50.477
1086 46 1299 2016-01-06T04:58:50.477
1089 5 1300 2016-01-07T10:12:23.833
1089 28 1300 2016-01-07T10:12:23.833
1089 157 1300 2016-01-07T10:12:23.833
1089 173 1300 2016-01-07T10:12:23.833
1089 28 1301 2016-01-07T10:17:52.027
1089 157 1301 2016-01-07T10:17:52.027
1016 4 1308 2016-01-08T03:48:31.267
1016 161 1308 2016-01-08T03:48:31.267
1095 174 1309 2016-01-08T14:33:10.89
1076 4 1311 2016-01-08T19:49:35.873
1076 111 1311 2016-01-08T19:49:35.873
1076 144 1311 2016-01-08T19:49:35.873
967 1 1312 2016-01-08T20:57:24.813
967 94 1312 2016-01-08T20:57:24.813
967 1 1327 2016-01-12T00:13:49.69
967 175 1327 2016-01-12T00:13:49.69
42 176 1328 2016-01-12T02:33:07.823
967 1 1331 2016-01-13T02:20:37.473
235 94 1333 2016-01-13T13:34:11.077
235 61 1333 2016-01-13T13:34:11.077
1076 7 1337 2016-01-14T16:41:07.453
1076 177 1337 2016-01-14T16:41:07.453
42 1 1341 2016-01-15T20:31:12.18
1122 7 1343 2016-01-17T00:42:39.463
1122 177 1343 2016-01-17T00:42:39.463
967 1 1346 2016-01-18T02:44:18.76
967 1 1349 2016-01-18T23:22:45.53
967 39 1349 2016-01-18T23:22:45.53
967 128 1349 2016-01-18T23:22:45.53
1076 4 1353 2016-01-20T18:05:32.21
1076 70 1353 2016-01-20T18:05:32.21
1076 178 1353 2016-01-20T18:05:32.21
967 1 1355 2016-01-21T02:18:00.373
967 175 1355 2016-01-21T02:18:00.373
57 37 1357 2016-01-23T08:46:24.11
57 41 1357 2016-01-23T08:46:24.11
967 1 1358 2016-01-24T00:31:43.843
967 7 1358 2016-01-24T00:31:43.843
57 7 1359 2016-01-24T07:49:19.863
57 170 1359 2016-01-24T07:49:19.863
1148 1 1362 2016-01-24T12:00:26.65
1148 34 1362 2016-01-24T12:00:26.65
235 4 1368 2016-01-25T03:28:42.317
235 66 1368 2016-01-25T03:28:42.317
57 4 1370 2016-01-25T10:26:56.993
57 66 1370 2016-01-25T10:26:56.993
57 37 1375 2016-01-26T08:31:40.93
57 179 1375 2016-01-26T08:31:40.93
1154 1 1376 2016-01-26T10:48:50.487
721 55 1378 2016-01-27T14:17:09.5
721 19 1378 2016-01-27T14:17:09.5
721 112 1378 2016-01-27T14:17:09.5
57 157 1379 2016-01-27T17:02:16.09
57 180 1379 2016-01-27T17:02:16.09
967 1 1380 2016-01-27T23:22:50.947
967 39 1380 2016-01-27T23:22:50.947
967 181 1380 2016-01-27T23:22:50.947
57 4 1383 2016-01-28T08:02:10.927
57 108 1383 2016-01-28T08:02:10.927
57 182 1383 2016-01-28T08:02:10.927
57 83 1383 2016-01-28T08:02:10.927
57 4 1388 2016-01-29T09:41:31.027
57 182 1388 2016-01-29T09:41:31.027
1163 1 1389 2016-01-29T11:10:51.13
1170 1 1394 2016-01-30T03:34:37.45
1170 7 1394 2016-01-30T03:34:37.45
1170 94 1394 2016-01-30T03:34:37.45
1170 64 1394 2016-01-30T03:34:37.45
57 72 1395 2016-01-30T10:47:44.237
57 39 1395 2016-01-30T10:47:44.237
967 1 1398 2016-01-30T14:57:34.527
57 1 1401 2016-01-31T10:18:20.547
57 11 1401 2016-01-31T10:18:20.547
57 54 1401 2016-01-31T10:18:20.547
57 1 1406 2016-02-01T08:29:07.99
967 112 1410 2016-02-02T00:51:47.897
57 4 1412 2016-02-02T12:01:51.56
57 108 1412 2016-02-02T12:01:51.56
57 182 1412 2016-02-02T12:01:51.56
57 83 1412 2016-02-02T12:01:51.56
1103 94 1413 2016-02-03T12:59:11.52
1103 183 1413 2016-02-03T12:59:11.52
1103 42 1413 2016-02-03T12:59:11.52
967 1 1416 2016-02-05T22:49:24.343
967 94 1416 2016-02-05T22:49:24.343
1193 43 1417 2016-02-06T05:19:48.33
967 1 1420 2016-02-07T23:03:13.637
967 24 1420 2016-02-07T23:03:13.637
957 4 1422 2016-02-08T18:13:55.073
957 124 1422 2016-02-08T18:13:55.073
201 1 1423 2016-02-08T19:43:46.147
201 21 1423 2016-02-08T19:43:46.147
201 31 1423 2016-02-08T19:43:46.147
967 7 1428 2016-02-09T23:58:09.143
967 55 1428 2016-02-09T23:58:09.143
57 112 1429 2016-02-10T11:00:17.94
57 169 1429 2016-02-10T11:00:17.94
967 1 1434 2016-02-12T22:31:41.65
967 44 1434 2016-02-12T22:31:41.65
967 53 1434 2016-02-12T22:31:41.65
967 1 1437 2016-02-14T14:43:04.197
967 1 1438 2016-02-15T13:25:31.33
1163 1 1439 2016-02-15T15:10:17.693
742 5 1448 2016-02-17T19:16:19.71
742 68 1448 2016-02-17T19:16:19.71
742 169 1448 2016-02-17T19:16:19.71
742 32 1448 2016-02-17T19:16:19.71
1235 1 1450 2016-02-18T21:39:18.817
1235 34 1450 2016-02-18T21:39:18.817
1235 68 1450 2016-02-18T21:39:18.817
1235 61 1450 2016-02-18T21:39:18.817
1241 7 1454 2016-02-21T05:27:53.047
1241 37 1454 2016-02-21T05:27:53.047
1241 113 1455 2016-02-21T16:57:26.75
967 1 1459 2016-02-23T23:34:13.87
967 110 1459 2016-02-23T23:34:13.87
967 85 1459 2016-02-23T23:34:13.87
967 1 1464 2016-02-27T02:19:53.147
967 1 1469 2016-02-29T23:23:40.913
967 65 1469 2016-02-29T23:23:40.913
967 184 1469 2016-02-29T23:23:40.913
1115 1 1471 2016-03-01T20:31:54.163
1115 95 1471 2016-03-01T20:31:54.163
1115 62 1471 2016-03-01T20:31:54.163
1275 185 1474 2016-03-02T15:02:42.357
1275 186 1474 2016-03-02T15:02:42.357
967 1 1476 2016-03-03T02:30:23.93
967 187 1476 2016-03-03T02:30:23.93
1285 94 1480 2016-03-04T18:07:37.82
1296 1 1484 2016-03-08T00:03:32.07
1296 85 1484 2016-03-08T00:03:32.07
1273 1 1485 2016-03-08T00:37:27.02
1273 40 1485 2016-03-08T00:37:27.02
1294 7 1487 2016-03-08T21:39:01.137
1294 5 1487 2016-03-08T21:39:01.137
1283 37 1488 2016-03-08T22:21:51.153
1283 14 1488 2016-03-08T22:21:51.153
1283 76 1488 2016-03-08T22:21:51.153
1283 2 1488 2016-03-08T22:21:51.153
1283 84 1488 2016-03-08T22:21:51.153
1301 7 1493 2016-03-10T21:28:16.713
967 1 1494 2016-03-10T22:24:40.67
1310 1 1496 2016-03-11T09:12:46.55
1310 17 1496 2016-03-11T09:12:46.55
1310 92 1496 2016-03-11T09:12:46.55
1314 1 1498 2016-03-13T01:17:49.133
1314 4 1498 2016-03-13T01:17:49.133
1314 94 1498 2016-03-13T01:17:49.133
1314 34 1498 2016-03-13T01:17:49.133
1314 26 1498 2016-03-13T01:17:49.133
123 1 1502 2016-03-14T16:37:30.02
123 94 1502 2016-03-14T16:37:30.02
1329 26 1506 2016-03-15T02:57:25.633
123 94 1523 2016-03-18T20:14:07.963
967 1 1524 2016-03-20T13:45:42.28
967 95 1524 2016-03-20T13:45:42.28
154 4 1526 2016-03-21T02:12:19.897
154 66 1526 2016-03-21T02:12:19.897
1357 5 1527 2016-03-21T02:25:57.023
1357 61 1527 2016-03-21T02:25:57.023
467 94 1531 2016-03-21T21:34:22.983
467 107 1531 2016-03-21T21:34:22.983
1375 34 1540 2016-03-24T01:56:53.197
1375 188 1540 2016-03-24T01:56:53.197
1375 20 1540 2016-03-24T01:56:53.197
1376 1 1542 2016-03-24T19:37:22.463
1376 158 1542 2016-03-24T19:37:22.463
1224 1 1544 2016-03-26T20:40:17.58
1224 7 1544 2016-03-26T20:40:17.58
1224 189 1544 2016-03-26T20:40:17.58
967 1 1546 2016-03-27T18:03:25.163
967 39 1546 2016-03-27T18:03:25.163
1385 1 1548 2016-03-28T11:02:18.557
1385 5 1548 2016-03-28T11:02:18.557
1385 77 1548 2016-03-28T11:02:18.557
1386 1 1550 2016-03-28T21:55:33.22
1386 7 1550 2016-03-28T21:55:33.22
1386 5 1550 2016-03-28T21:55:33.22
1386 34 1550 2016-03-28T21:55:33.22
967 5 1555 2016-03-30T22:45:55.693
967 7 1558 2016-04-02T21:55:40.74
967 94 1558 2016-04-02T21:55:40.74
967 5 1558 2016-04-02T21:55:40.74
967 48 1558 2016-04-02T21:55:40.74
1417 5 1562 2016-04-04T16:25:00.25
1424 1 1570 2016-04-05T20:04:43.187
1424 77 1570 2016-04-05T20:04:43.187
140 4 1572 2016-04-06T00:01:36.943
140 66 1572 2016-04-06T00:01:36.943
1430 94 1573 2016-04-06T02:03:29.35
1385 4 1580 2016-04-08T13:42:07.767
1385 108 1580 2016-04-08T13:42:07.767
1439 45 1583 2016-04-10T19:43:56.98
1446 1 1586 2016-04-11T21:02:47.15
1446 88 1586 2016-04-11T21:02:47.15
1453 63 1590 2016-04-13T10:17:11.127
1453 95 1590 2016-04-13T10:17:11.127
1460 1 1592 2016-04-15T00:43:31.16
1460 11 1592 2016-04-15T00:43:31.16
1460 121 1592 2016-04-15T00:43:31.16
967 1 1594 2016-04-18T19:33:47.563
967 167 1594 2016-04-18T19:33:47.563
1475 7 1596 2016-04-19T22:00:15.537
1475 94 1596 2016-04-19T22:00:15.537
1475 63 1596 2016-04-19T22:00:15.537
1490 7 1599 2016-04-22T09:38:44.92
1490 63 1599 2016-04-22T09:38:44.92
1490 157 1599 2016-04-22T09:38:44.92
967 97 1603 2016-04-23T17:38:22.627
1224 1 1605 2016-04-24T22:02:02.423
1224 110 1605 2016-04-24T22:02:02.423
967 1 1612 2016-04-26T00:03:43.48
967 26 1612 2016-04-26T00:03:43.48
967 97 1612 2016-04-26T00:03:43.48
742 1 1615 2016-04-27T08:59:52.427
742 5 1615 2016-04-27T08:59:52.427
742 61 1615 2016-04-27T08:59:52.427
742 52 1615 2016-04-27T08:59:52.427
742 2 1615 2016-04-27T08:59:52.427
1511 4 1616 2016-04-27T19:14:23.043
1511 108 1616 2016-04-27T19:14:23.043
1511 5 1618 2016-04-28T08:07:19.257
1525 1 1622 2016-05-01T09:17:29.1
1532 149 1626 2016-05-03T00:33:57.49
1533 7 1627 2016-05-03T06:09:25.94
1533 94 1627 2016-05-03T06:09:25.94
1551 7 1634 2016-05-08T06:00:16.13
1551 63 1634 2016-05-08T06:00:16.13
967 55 1639 2016-05-11T15:47:51.883
967 32 1639 2016-05-11T15:47:51.883
1568 34 1643 2016-05-13T14:13:24.15
967 37 1647 2016-05-14T22:09:38.88
1241 55 1648 2016-05-15T03:29:59.847
758 94 1649 2016-05-17T02:34:51.577
758 24 1649 2016-05-17T02:34:51.577
810 4 1652 2016-05-19T04:45:44.213
742 183 1654 2016-05-20T11:25:16.353
1594 7 1662 2016-05-22T09:11:01.08
1594 94 1662 2016-05-22T09:11:01.08
1594 35 1662 2016-05-22T09:11:01.08
1562 1 1664 2016-05-23T00:55:28.92
967 1 1670 2016-05-25T23:08:00.587
967 31 1670 2016-05-25T23:08:00.587
1613 1 1674 2016-05-26T12:09:25.16
1613 7 1674 2016-05-26T12:09:25.16
967 1 1675 2016-05-28T15:51:51.47
967 7 1675 2016-05-28T15:51:51.47
967 129 1675 2016-05-28T15:51:51.47
42 1 1681 2016-05-31T16:59:43.69
42 190 1681 2016-05-31T16:59:43.69
1632 34 1683 2016-06-01T19:03:14.413
1637 37 1687 2016-06-02T17:28:47.697
1637 41 1687 2016-06-02T17:28:47.697
1638 1 1688 2016-06-02T17:51:58.477
1638 175 1688 2016-06-02T17:51:58.477
1638 153 1688 2016-06-02T17:51:58.477
1637 7 1689 2016-06-02T18:12:34.77
1637 37 1689 2016-06-02T18:12:34.77
1637 81 1689 2016-06-02T18:12:34.77
1640 94 1690 2016-06-02T18:59:18.803
1637 37 1693 2016-06-03T08:05:49.507
1637 13 1693 2016-06-03T08:05:49.507
14 28 1701 2016-06-05T05:24:03.707
14 127 1701 2016-06-05T05:24:03.707
2652 1 1704 2016-06-06T22:07:21.817
42 1 1706 2016-06-07T16:07:40.527
42 190 1706 2016-06-07T16:07:40.527
1016 7 1708 2016-06-07T19:36:09.24
967 1 1709 2016-06-08T22:26:47.593
967 7 1709 2016-06-08T22:26:47.593
2669 4 1713 2016-06-10T15:33:00.217
2669 7 1713 2016-06-10T15:33:00.217
188 1 1714 2016-06-11T14:13:23.797
2673 1 1715 2016-06-11T18:50:30.23
2673 26 1715 2016-06-11T18:50:30.23
2673 85 1715 2016-06-11T18:50:30.23
2674 94 1716 2016-06-11T19:50:14.277
2690 1 1722 2016-06-14T03:44:04.69
2690 94 1722 2016-06-14T03:44:04.69
2690 52 1722 2016-06-14T03:44:04.69
2682 44 1724 2016-06-14T14:42:04.587
2682 123 1724 2016-06-14T14:42:04.587
2682 24 1724 2016-06-14T14:42:04.587
2682 65 1724 2016-06-14T14:42:04.587
2682 36 1724 2016-06-14T14:42:04.587
742 1 1740 2016-06-17T11:55:54.593
742 94 1740 2016-06-17T11:55:54.593
742 34 1740 2016-06-17T11:55:54.593
742 183 1740 2016-06-17T11:55:54.593
2700 1 1742 2016-06-17T20:16:31.227
2700 7 1742 2016-06-17T20:16:31.227
2700 62 1742 2016-06-17T20:16:31.227
1632 1 1744 2016-06-18T07:29:05.75
1632 34 1744 2016-06-18T07:29:05.75
1632 125 1744 2016-06-18T07:29:05.75
2690 28 1749 2016-06-18T21:23:41.61
2706 1 1756 2016-06-20T03:50:06.93
2706 11 1756 2016-06-20T03:50:06.93
2707 1 1762 2016-06-21T01:00:50.58
2707 11 1762 2016-06-21T01:00:50.58
2707 184 1762 2016-06-21T01:00:50.58
51 5 1767 2016-06-23T12:45:10.48
51 21 1767 2016-06-23T12:45:10.48
51 79 1767 2016-06-23T12:45:10.48
51 113 1767 2016-06-23T12:45:10.48
2723 58 1769 2016-06-26T09:06:43.543
2723 188 1769 2016-06-26T09:06:43.543
43 1 1773 2016-06-29T18:49:33.003
43 52 1773 2016-06-29T18:49:33.003
2687 5 1776 2016-06-30T00:55:01.453
2687 181 1776 2016-06-30T00:55:01.453
742 39 1781 2016-07-01T11:12:45.33
742 191 1781 2016-07-01T11:12:45.33
292 1 1785 2016-07-03T20:17:15.003
292 12 1785 2016-07-03T20:17:15.003
501 4 1787 2016-07-04T21:42:25.567
2707 4 1788 2016-07-05T00:33:35.127
2707 83 1788 2016-07-05T00:33:35.127
2756 55 1792 2016-07-05T18:34:23.693
2756 180 1792 2016-07-05T18:34:23.693
2756 192 1792 2016-07-05T18:34:23.693
2756 49 1792 2016-07-05T18:34:23.693
967 26 1799 2016-07-08T21:24:54.98
967 55 1799 2016-07-08T21:24:54.98
967 193 1799 2016-07-08T21:24:54.98
1385 26 1800 2016-07-09T01:01:20.6
1385 14 1801 2016-07-09T01:14:08.417
1241 37 1805 2016-07-09T15:29:35.933
1241 50 1805 2016-07-09T15:29:35.933
1241 194 1805 2016-07-09T15:29:35.933
1241 195 1805 2016-07-09T15:29:35.933
967 1 1812 2016-07-14T12:45:06.537
967 7 1812 2016-07-14T12:45:06.537
967 1 1817 2016-07-16T13:17:06.307
967 7 1817 2016-07-16T13:17:06.307
967 71 1817 2016-07-16T13:17:06.307
1385 94 1825 2016-07-19T10:37:17.19
721 94 1831 2016-07-22T16:11:12.463
721 7 1832 2016-07-22T16:17:22.873
721 50 1832 2016-07-22T16:17:22.873
2803 7 1833 2016-07-22T20:27:46.087
1385 21 1834 2016-07-24T00:56:41.453
1385 21 1835 2016-07-24T01:02:50.143
1385 22 1835 2016-07-24T01:02:50.143
1385 38 1836 2016-07-24T01:12:59.2
967 37 1843 2016-07-28T16:52:44.263
967 55 1843 2016-07-28T16:52:44.263
2773 28 1844 2016-07-28T20:44:21.773
1385 94 1846 2016-08-02T10:47:27.873
1385 107 1846 2016-08-02T10:47:27.873
2846 1 1851 2016-08-05T21:29:47.683
431 104 1853 2016-08-07T01:17:33.42
431 196 1853 2016-08-07T01:17:33.42
2843 1 1855 2016-08-07T11:56:03.743
2843 39 1855 2016-08-07T11:56:03.743
2687 1 1861 2016-08-10T00:21:46.737
2687 52 1861 2016-08-10T00:21:46.737
2687 181 1861 2016-08-10T00:21:46.737
2687 68 1863 2016-08-10T00:35:39.693
264 7 1870 2016-08-10T08:08:27.613
967 26 1871 2016-08-10T17:44:10.347
91 63 1873 2016-08-11T00:22:30.037
91 156 1873 2016-08-11T00:22:30.037
967 1 1878 2016-08-12T13:50:39.23
2868 1 1881 2016-08-14T15:36:53.777
721 19 1883 2016-08-15T12:18:01.757
721 112 1883 2016-08-15T12:18:01.757
967 1 1884 2016-08-15T16:55:15.877
967 175 1884 2016-08-15T16:55:15.877
123 26 1886 2016-08-17T00:47:53.257
123 8 1886 2016-08-17T00:47:53.257
2879 1 1895 2016-08-19T15:45:24.82
721 19 1896 2016-08-19T15:48:26.577
721 112 1896 2016-08-19T15:48:26.577
1385 26 1899 2016-08-21T11:25:09.62
967 1 1902 2016-08-22T01:18:09.49
1385 7 1903 2016-08-22T07:06:36.867
1385 120 1903 2016-08-22T07:06:36.867
1385 197 1903 2016-08-22T07:06:36.867
2890 4 1906 2016-08-23T17:59:47.217
2897 5 1911 2016-08-24T21:01:26.933
2897 40 1911 2016-08-24T21:01:26.933
2897 23 1911 2016-08-24T21:01:26.933
1385 7 1912 2016-08-25T07:33:09.303
1385 94 1912 2016-08-25T07:33:09.303
1385 94 1914 2016-08-25T12:05:23.03
1385 5 1914 2016-08-25T12:05:23.03
2892 83 1920 2016-08-25T15:28:45.553
967 1 1930 2016-08-26T23:58:41.83
967 7 1930 2016-08-26T23:58:41.83
2926 1 1933 2016-08-27T19:59:35.863
2926 7 1933 2016-08-27T19:59:35.863
1385 7 1936 2016-08-28T21:56:06.103
1385 151 1936 2016-08-28T21:56:06.103
1385 14 1941 2016-08-30T07:28:39.95
1385 84 1941 2016-08-30T07:28:39.95
2943 198 1944 2016-08-30T18:46:41.787
197 4 1946 2016-08-31T20:54:21.177
197 199 1946 2016-08-31T20:54:21.177
2951 68 1948 2016-08-31T23:49:43.37
2951 113 1948 2016-08-31T23:49:43.37
1455 94 1954 2016-09-02T22:21:24.86
1455 68 1954 2016-09-02T22:21:24.86
1455 41 1954 2016-09-02T22:21:24.86
1455 8 1954 2016-09-02T22:21:24.86
1455 111 1954 2016-09-02T22:21:24.86
967 68 1957 2016-09-05T03:28:02.6
967 113 1957 2016-09-05T03:28:02.6
2939 94 1959 2016-09-05T10:10:21.66
1385 179 1962 2016-09-06T12:07:06.837
1385 200 1962 2016-09-06T12:07:06.837
1385 179 1963 2016-09-06T12:17:45.083
1385 200 1963 2016-09-06T12:17:45.083
183 80 1965 2016-09-06T18:33:17.27
183 116 1965 2016-09-06T18:33:17.27
57 1 1968 2016-09-07T20:18:40.96
57 37 1968 2016-09-07T20:18:40.96
2970 4 1969 2016-09-08T00:34:13.69
2970 66 1969 2016-09-08T00:34:13.69
57 179 1971 2016-09-08T08:49:50.373
57 200 1971 2016-09-08T08:49:50.373
57 1 1973 2016-09-09T22:29:27.84
57 201 1973 2016-09-09T22:29:27.84
215 142 1975 2016-09-10T02:34:31.85
215 188 1975 2016-09-10T02:34:31.85
2973 94 1976 2016-09-11T01:52:54.49
57 37 1977 2016-09-11T15:12:27.5
57 202 1977 2016-09-11T15:12:27.5
123 1 1979 2016-09-11T19:47:08.843
123 7 1979 2016-09-11T19:47:08.843
967 1 1986 2016-09-12T23:51:19.877
967 121 1986 2016-09-12T23:51:19.877
57 1 1987 2016-09-13T07:09:39.127
57 121 1987 2016-09-13T07:09:39.127
57 1 1990 2016-09-15T09:09:49.727
57 54 1990 2016-09-15T09:09:49.727
57 1 1995 2016-09-16T09:54:47.56
57 141 1995 2016-09-16T09:54:47.56
57 203 1995 2016-09-16T09:54:47.56
967 1 1996 2016-09-19T01:08:38.117
967 34 1996 2016-09-19T01:08:38.117
967 65 1996 2016-09-19T01:08:38.117
3015 1 2002 2016-09-22T13:05:09.98
3015 7 2002 2016-09-22T13:05:09.98
57 1 2004 2016-09-24T20:05:07.243
57 65 2004 2016-09-24T20:05:07.243
57 203 2004 2016-09-24T20:05:07.243
967 1 2005 2016-09-24T21:08:08.21
967 7 2005 2016-09-24T21:08:08.21
967 71 2005 2016-09-24T21:08:08.21
57 1 2008 2016-09-25T01:06:31.52
57 39 2008 2016-09-25T01:06:31.52
57 104 2008 2016-09-25T01:06:31.52
57 1 2010 2016-09-26T10:48:15.453
57 37 2010 2016-09-26T10:48:15.453
2892 4 2016 2016-09-28T20:18:01.063
2892 5 2016 2016-09-28T20:18:01.063
2892 37 2016 2016-09-28T20:18:01.063
1385 7 2019 2016-10-06T09:08:44.647
1385 94 2019 2016-10-06T09:08:44.647
1385 63 2022 2016-10-07T03:06:31.61
1385 24 2022 2016-10-07T03:06:31.61
1385 4 2024 2016-10-09T03:55:28.02
1385 7 2024 2016-10-09T03:55:28.02
1385 82 2024 2016-10-09T03:55:28.02
2892 75 2030 2016-10-11T00:05:12.167
2892 130 2030 2016-10-11T00:05:12.167
3072 94 2031 2016-10-11T15:08:38.013
3072 8 2031 2016-10-11T15:08:38.013
3076 94 2032 2016-10-12T09:37:43.957
3076 63 2032 2016-10-12T09:37:43.957
3076 14 2032 2016-10-12T09:37:43.957
3076 157 2032 2016-10-12T09:37:43.957
3076 15 2032 2016-10-12T09:37:43.957
3078 4 2034 2016-10-12T20:10:40.183
3078 201 2034 2016-10-12T20:10:40.183
3078 202 2034 2016-10-12T20:10:40.183
3087 7 2039 2016-10-16T10:47:55.863
3087 37 2039 2016-10-16T10:47:55.863
1385 4 2042 2016-10-19T05:34:37.98
1385 182 2042 2016-10-19T05:34:37.98
3092 5 2043 2016-10-19T19:41:40.063
3092 39 2043 2016-10-19T19:41:40.063
3092 104 2043 2016-10-19T19:41:40.063
2892 63 2048 2016-10-21T15:15:26.33
1385 37 2052 2016-10-24T08:36:25.937
1385 14 2052 2016-10-24T08:36:25.937
1385 104 2052 2016-10-24T08:36:25.937
3087 94 2053 2016-10-28T08:20:01.557
3115 1 2055 2016-10-28T23:38:03.92
3115 39 2055 2016-10-28T23:38:03.92
3115 62 2055 2016-10-28T23:38:03.92
967 1 2057 2016-10-29T13:22:40.633
3117 28 2058 2016-10-29T14:01:04.753
3117 157 2058 2016-10-29T14:01:04.753
2892 63 2065 2016-11-03T18:30:06.983
2892 156 2065 2016-11-03T18:30:06.983
1385 4 2066 2016-11-04T08:56:57.19
1385 201 2066 2016-11-04T08:56:57.19
1385 14 2067 2016-11-04T09:13:54.437
1385 44 2067 2016-11-04T09:13:54.437
1511 1 2068 2016-11-04T10:48:54.843
1511 4 2068 2016-11-04T10:48:54.843
1511 5 2068 2016-11-04T10:48:54.843
1511 34 2068 2016-11-04T10:48:54.843
1511 26 2068 2016-11-04T10:48:54.843
967 5 2072 2016-11-05T00:03:50.463
967 23 2072 2016-11-05T00:03:50.463
1511 4 2073 2016-11-05T07:00:03.867
1511 108 2073 2016-11-05T07:00:03.867
3135 1 2076 2016-11-06T11:16:53.837
3135 65 2076 2016-11-06T11:16:53.837
3135 142 2076 2016-11-06T11:16:53.837
742 94 2077 2016-11-06T19:12:54.73
742 19 2077 2016-11-06T19:12:54.73
742 3 2077 2016-11-06T19:12:54.73
742 126 2077 2016-11-06T19:12:54.73
1385 94 2081 2016-11-07T10:34:59.343
1385 5 2081 2016-11-07T10:34:59.343
3139 4 2083 2016-11-07T19:37:17.773
3139 5 2083 2016-11-07T19:37:17.773
3139 108 2083 2016-11-07T19:37:17.773
3139 113 2083 2016-11-07T19:37:17.773
992 1 2088 2016-11-13T20:10:42.833
992 5 2088 2016-11-13T20:10:42.833
992 34 2088 2016-11-13T20:10:42.833
3158 37 2089 2016-11-14T19:37:30.13
3158 55 2089 2016-11-14T19:37:30.13
2892 4 2092 2016-11-17T18:00:32.683
2892 188 2092 2016-11-17T18:00:32.683
3177 16 2097 2016-11-20T14:49:15.54
2892 1 2100 2016-11-22T21:21:19.743
3183 28 2101 2016-11-23T04:59:12.493
3183 157 2101 2016-11-23T04:59:12.493
3183 76 2101 2016-11-23T04:59:12.493
2892 1 2102 2016-11-23T19:31:45.577
3168 1 2109 2016-11-26T17:00:50.597
3168 53 2109 2016-11-26T17:00:50.597
1385 4 2113 2016-11-29T10:10:35.333
1385 83 2113 2016-11-29T10:10:35.333
467 94 2117 2016-12-02T06:04:45.127
467 204 2117 2016-12-02T06:04:45.127
3208 26 2120 2016-12-04T20:08:37.41
3208 183 2120 2016-12-04T20:08:37.41
1385 17 2121 2016-12-05T04:52:19.85
1385 149 2121 2016-12-05T04:52:19.85
1385 149 2122 2016-12-05T05:53:49.7
3220 1 2126 2016-12-09T06:14:31.787
3220 94 2126 2016-12-09T06:14:31.787
3220 34 2126 2016-12-09T06:14:31.787
1511 55 2128 2016-12-09T20:19:45.44
1511 172 2128 2016-12-09T20:19:45.44
1511 32 2128 2016-12-09T20:19:45.44
1511 159 2128 2016-12-09T20:19:45.44
57 2 2129 2016-12-10T13:22:08.37
57 202 2129 2016-12-10T13:22:08.37
3229 55 2131 2016-12-11T06:20:00.297
3230 32 2132 2016-12-11T10:46:50.42
3230 172 2132 2016-12-11T10:46:50.42
3230 179 2139 2016-12-13T12:16:03.9
3230 32 2139 2016-12-13T12:16:03.9
3230 172 2139 2016-12-13T12:16:03.9
3230 193 2139 2016-12-13T12:16:03.9
57 4 2140 2016-12-13T14:08:57.17
57 94 2140 2016-12-13T14:08:57.17
57 70 2140 2016-12-13T14:08:57.17
2892 4 2145 2016-12-13T21:33:04.63
2892 80 2145 2016-12-13T21:33:04.63
2892 38 2145 2016-12-13T21:33:04.63
2892 81 2145 2016-12-13T21:33:04.63
3230 55 2148 2016-12-14T08:40:55.337
3230 32 2148 2016-12-14T08:40:55.337
3230 172 2148 2016-12-14T08:40:55.337
3230 25 2148 2016-12-14T08:40:55.337
3230 1 2163 2016-12-16T15:01:33.397
3230 94 2163 2016-12-16T15:01:33.397
3230 12 2163 2016-12-16T15:01:33.397
3230 205 2163 2016-12-16T15:01:33.397
57 1 2165 2016-12-16T22:18:43.417
57 73 2165 2016-12-16T22:18:43.417
57 1 2166 2016-12-17T08:43:14.647
57 36 2166 2016-12-17T08:43:14.647
57 73 2166 2016-12-17T08:43:14.647
57 1 2171 2016-12-18T15:33:55.72
57 44 2171 2016-12-18T15:33:55.72
57 62 2171 2016-12-18T15:33:55.72
3097 7 2174 2016-12-19T06:45:23.13
3097 37 2174 2016-12-19T06:45:23.13
3097 55 2174 2016-12-19T06:45:23.13
3097 48 2174 2016-12-19T06:45:23.13
3230 1 2178 2016-12-19T14:33:30.493
3230 5 2178 2016-12-19T14:33:30.493
3230 34 2178 2016-12-19T14:33:30.493
3230 205 2178 2016-12-19T14:33:30.493
57 1 2180 2016-12-19T17:37:03.91
57 107 2180 2016-12-19T17:37:03.91
57 73 2180 2016-12-19T17:37:03.91
57 74 2180 2016-12-19T17:37:03.91
3157 94 2182 2016-12-19T22:13:02.66
3157 189 2182 2016-12-19T22:13:02.66
3230 55 2185 2016-12-20T13:55:14.357
3230 32 2185 2016-12-20T13:55:14.357
3230 172 2185 2016-12-20T13:55:14.357
3230 33 2185 2016-12-20T13:55:14.357
57 1 2188 2016-12-20T18:50:47.45
57 73 2188 2016-12-20T18:50:47.45
57 184 2188 2016-12-20T18:50:47.45
967 1 2193 2016-12-21T03:19:00.583
967 94 2193 2016-12-21T03:19:00.583
14 28 2194 2016-12-21T07:08:52.04
14 61 2194 2016-12-21T07:08:52.04
14 204 2194 2016-12-21T07:08:52.04
57 1 2198 2016-12-26T21:20:37.047
57 58 2200 2016-12-27T10:20:19.71
3298 76 2205 2016-12-29T19:12:22.637
3298 188 2205 2016-12-29T19:12:22.637
3298 206 2205 2016-12-29T19:12:22.637
57 157 2206 2016-12-29T23:50:45.96
57 95 2206 2016-12-29T23:50:45.96
57 104 2206 2016-12-29T23:50:45.96
2892 1 2207 2016-12-30T18:57:41.073
57 4 2208 2016-12-30T23:02:06.517
57 108 2208 2016-12-30T23:02:06.517
57 207 2208 2016-12-30T23:02:06.517
57 4 2211 2016-12-31T20:47:42.343
57 207 2211 2016-12-31T20:47:42.343
57 4 2216 2017-01-01T16:57:37.203
57 40 2216 2017-01-01T16:57:37.203
57 207 2216 2017-01-01T16:57:37.203
3306 5 2217 2017-01-01T21:03:59.553
3306 23 2217 2017-01-01T21:03:59.553
3230 68 2221 2017-01-02T00:09:07.12
3157 1 2222 2017-01-02T04:21:27.377
3157 34 2222 2017-01-02T04:21:27.377
1385 21 2223 2017-01-02T04:46:11.21
812 1 2233 2017-01-04T17:52:02.033
3326 4 2235 2017-01-04T18:29:53.28
3326 104 2235 2017-01-04T18:29:53.28
2892 4 2236 2017-01-04T19:11:52.783
2892 83 2236 2017-01-04T19:11:52.783
2892 4 2241 2017-01-05T14:42:05.32
3302 206 2243 2017-01-05T17:30:55.767
2892 4 2244 2017-01-05T21:07:43.043
3336 1 2251 2017-01-08T18:42:01.173
3336 31 2251 2017-01-08T18:42:01.173
57 4 2252 2017-01-08T21:47:45.843
57 207 2252 2017-01-08T21:47:45.843
57 4 2255 2017-01-09T12:49:12.547
57 108 2255 2017-01-09T12:49:12.547
57 207 2255 2017-01-09T12:49:12.547
2892 1 2259 2017-01-10T01:14:04.85
2892 11 2259 2017-01-10T01:14:04.85
57 4 2261 2017-01-10T08:07:39.78
57 44 2261 2017-01-10T08:07:39.78
57 207 2261 2017-01-10T08:07:39.78
1511 28 2262 2017-01-10T13:34:54.187
201 1 2266 2017-01-11T11:15:02.717
3344 94 2267 2017-01-11T16:24:25.947
3344 17 2267 2017-01-11T16:24:25.947
2892 94 2270 2017-01-13T00:56:21.393
2892 187 2270 2017-01-13T00:56:21.393
2892 4 2274 2017-01-13T18:02:12.533
2892 37 2274 2017-01-13T18:02:12.533
2892 4 2275 2017-01-13T18:13:34.67
2892 1 2276 2017-01-13T18:19:26.203
2892 5 2276 2017-01-13T18:19:26.203
2892 34 2276 2017-01-13T18:19:26.203
57 4 2281 2017-01-13T21:54:30.347
57 108 2281 2017-01-13T21:54:30.347
57 207 2281 2017-01-13T21:54:30.347
57 1 2287 2017-01-14T20:10:05.463
3230 68 2289 2017-01-14T22:57:31.49
3230 39 2289 2017-01-14T22:57:31.49
3230 208 2289 2017-01-14T22:57:31.49
3230 209 2289 2017-01-14T22:57:31.49
3230 210 2289 2017-01-14T22:57:31.49
3230 68 2291 2017-01-15T07:16:15.25
2892 4 2298 2017-01-16T21:02:28.867
57 72 2302 2017-01-17T15:07:32.76
57 44 2302 2017-01-17T15:07:32.76
2892 28 2305 2017-01-18T17:14:50.267
2892 104 2305 2017-01-18T17:14:50.267
2892 4 2308 2017-01-19T17:41:16.513
2892 68 2308 2017-01-19T17:41:16.513
2892 152 2308 2017-01-19T17:41:16.513
2892 1 2310 2017-01-19T19:50:00.56
2892 203 2310 2017-01-19T19:50:00.56
2892 4 2311 2017-01-19T20:17:17.723
2892 108 2311 2017-01-19T20:17:17.723
57 4 2319 2017-01-22T22:45:50.703
57 95 2319 2017-01-22T22:45:50.703
57 207 2319 2017-01-22T22:45:50.703
57 4 2320 2017-01-23T02:14:39.917
57 207 2320 2017-01-23T02:14:39.917
3230 68 2321 2017-01-23T11:04:37.25
3230 208 2321 2017-01-23T11:04:37.25
3230 209 2321 2017-01-23T11:04:37.25
3230 210 2321 2017-01-23T11:04:37.25
57 4 2325 2017-01-24T09:07:53.8
57 108 2325 2017-01-24T09:07:53.8
57 207 2325 2017-01-24T09:07:53.8
57 211 2325 2017-01-24T09:07:53.8
57 4 2329 2017-01-25T12:15:34.09
57 107 2329 2017-01-25T12:15:34.09
57 199 2329 2017-01-25T12:15:34.09
3394 1 2332 2017-01-26T06:28:26.1
3394 212 2332 2017-01-26T06:28:26.1
3394 213 2332 2017-01-26T06:28:26.1
3230 1 2334 2017-01-26T16:50:36.05
3230 5 2334 2017-01-26T16:50:36.05
3230 34 2334 2017-01-26T16:50:36.05
3230 213 2334 2017-01-26T16:50:36.05
57 4 2337 2017-01-26T19:03:43.103
57 207 2337 2017-01-26T19:03:43.103
57 211 2337 2017-01-26T19:03:43.103
3230 55 2341 2017-01-30T11:37:00.557
3230 44 2341 2017-01-30T11:37:00.557
3230 208 2341 2017-01-30T11:37:00.557
3230 209 2341 2017-01-30T11:37:00.557
3230 210 2341 2017-01-30T11:37:00.557
197 1 2342 2017-01-31T20:06:39.527
197 34 2342 2017-01-31T20:06:39.527
2892 4 2347 2017-02-01T21:02:36.217
2892 70 2347 2017-02-01T21:02:36.217
2892 28 2348 2017-02-01T21:15:01.64
2892 72 2353 2017-02-02T22:42:59.137
3430 7 2366 2017-02-06T14:22:27.123
3430 94 2366 2017-02-06T14:22:27.123
3430 39 2366 2017-02-06T14:22:27.123
3439 1 2368 2017-02-09T10:35:31.93
3439 62 2368 2017-02-09T10:35:31.93
3439 188 2368 2017-02-09T10:35:31.93
1385 94 2372 2017-02-14T10:22:15.667
3459 1 2376 2017-02-17T14:17:21.027
3459 181 2376 2017-02-17T14:17:21.027
3471 1 2383 2017-02-21T11:03:14.423
2807 4 2384 2017-02-21T19:03:15.83
2807 5 2384 2017-02-21T19:03:15.83
2892 1 2394 2017-02-25T23:12:13.27
2892 31 2394 2017-02-25T23:12:13.27
2892 214 2394 2017-02-25T23:12:13.27
2807 1 2396 2017-02-26T16:34:34.883
2807 7 2396 2017-02-26T16:34:34.883
1619 4 2398 2017-02-27T06:28:12.607
1619 5 2398 2017-02-27T06:28:12.607
1619 215 2398 2017-02-27T06:28:12.607
57 215 2400 2017-02-28T09:06:18.243
3495 75 2401 2017-02-28T15:24:37.117
57 37 2405 2017-03-02T10:00:03.53
57 104 2405 2017-03-02T10:00:03.53
57 50 2405 2017-03-02T10:00:03.53
57 60 2405 2017-03-02T10:00:03.53
2892 1 2407 2017-03-02T20:37:17.587
2892 52 2407 2017-03-02T20:37:17.587
2892 128 2407 2017-03-02T20:37:17.587
2892 1 2408 2017-03-02T21:04:49.543
2892 128 2408 2017-03-02T21:04:49.543
2892 1 2410 2017-03-02T21:14:28.237
2892 4 2411 2017-03-02T21:16:26.513
2892 28 2412 2017-03-02T21:22:22.047
2892 216 2412 2017-03-02T21:22:22.047
2892 4 2413 2017-03-02T21:25:31.953
2892 38 2414 2017-03-02T21:35:43.04
2892 75 2414 2017-03-02T21:35:43.04
2892 217 2414 2017-03-02T21:35:43.04
2892 130 2415 2017-03-02T21:37:25.393
2892 1 2416 2017-03-02T21:48:59.383
967 142 2421 2017-03-04T03:38:58.64
1385 7 2426 2017-03-05T02:21:02.443
1385 5 2426 2017-03-05T02:21:02.443
3230 68 2427 2017-03-06T12:11:52.673
3230 208 2427 2017-03-06T12:11:52.673
3230 209 2427 2017-03-06T12:11:52.673
3230 210 2427 2017-03-06T12:11:52.673
2892 1 2430 2017-03-06T23:33:41.777
2892 4 2431 2017-03-07T03:31:29.747
2807 1 2437 2017-03-09T15:14:31.54
2807 94 2437 2017-03-09T15:14:31.54
2807 218 2437 2017-03-09T15:14:31.54
2892 5 2440 2017-03-09T18:26:47.31
2892 1 2441 2017-03-09T19:20:21.13
2892 61 2441 2017-03-09T19:20:21.13
57 26 2446 2017-03-10T08:19:43.097
2892 1 2447 2017-03-10T14:14:08.853
2892 62 2447 2017-03-10T14:14:08.853
2892 4 2453 2017-03-11T22:20:11.12
2892 61 2453 2017-03-11T22:20:11.12
3555 5 2454 2017-03-11T22:37:21.867
3555 188 2454 2017-03-11T22:37:21.867
2892 4 2455 2017-03-12T00:32:24.867
57 1 2457 2017-03-12T15:25:18.357
57 152 2457 2017-03-12T15:25:18.357
57 212 2457 2017-03-12T15:25:18.357
57 1 2461 2017-03-13T09:31:04.02
57 5 2461 2017-03-13T09:31:04.02
57 68 2461 2017-03-13T09:31:04.02
57 74 2461 2017-03-13T09:31:04.02
3560 1 2462 2017-03-13T16:16:06.26
3560 55 2462 2017-03-13T16:16:06.26
3560 189 2462 2017-03-13T16:16:06.26
57 94 2466 2017-03-15T11:45:03.623
57 5 2466 2017-03-15T11:45:03.623
57 62 2466 2017-03-15T11:45:03.623
57 219 2466 2017-03-15T11:45:03.623
3530 1 2468 2017-03-15T17:38:01.197
3530 110 2468 2017-03-15T17:38:01.197
3530 85 2468 2017-03-15T17:38:01.197
3530 203 2468 2017-03-15T17:38:01.197
2807 1 2469 2017-03-15T20:31:59.847
2807 94 2469 2017-03-15T20:31:59.847
2807 220 2469 2017-03-15T20:31:59.847
3560 5 2471 2017-03-16T01:27:31.52
3560 37 2471 2017-03-16T01:27:31.52
3560 109 2471 2017-03-16T01:27:31.52
3560 189 2471 2017-03-16T01:27:31.52
3560 214 2471 2017-03-16T01:27:31.52
57 1 2474 2017-03-16T12:12:14.93
967 1 2478 2017-03-17T23:50:37.52
967 12 2478 2017-03-17T23:50:37.52
3571 1 2480 2017-03-18T12:04:56.027
3571 12 2480 2017-03-18T12:04:56.027
3571 24 2480 2017-03-18T12:04:56.027
197 1 2483 2017-03-21T18:20:18.69
197 12 2483 2017-03-21T18:20:18.69
3590 26 2484 2017-03-22T02:19:11.467
2892 202 2485 2017-03-22T15:08:23.593
2892 221 2485 2017-03-22T15:08:23.593
3592 19 2488 2017-03-23T03:36:36.28
3592 185 2488 2017-03-23T03:36:36.28
2807 94 2489 2017-03-23T11:23:18.073
2807 222 2489 2017-03-23T11:23:18.073
2892 1 2491 2017-03-23T16:52:00.357
2892 4 2491 2017-03-23T16:52:00.357
2892 34 2491 2017-03-23T16:52:00.357
2892 3 2494 2017-03-23T22:56:05.15
3171 1 2501 2017-03-26T22:41:20.503
3171 5 2501 2017-03-26T22:41:20.503
57 174 2503 2017-03-27T08:01:09.817
3474 1 2505 2017-03-27T22:16:20.333
3639 1 2515 2017-04-02T12:19:45.22
3639 62 2515 2017-04-02T12:19:45.22
3639 12 2515 2017-04-02T12:19:45.22
3647 28 2517 2017-04-04T09:18:45.837
2892 5 2520 2017-04-05T17:57:25.407
2892 75 2520 2017-04-05T17:57:25.407
2892 216 2520 2017-04-05T17:57:25.407
2892 1 2523 2017-04-08T00:15:57.957
2892 34 2523 2017-04-08T00:15:57.957
2892 62 2523 2017-04-08T00:15:57.957
1385 1 2526 2017-04-08T06:38:31.323
1385 1 2527 2017-04-08T06:44:38.957
1385 52 2527 2017-04-08T06:44:38.957
1385 5 2528 2017-04-08T06:51:33.373
3660 94 2531 2017-04-09T00:04:41.093
3660 7 2531 2017-04-09T00:04:41.093
3662 4 2532 2017-04-09T07:56:05.447
3665 1 2537 2017-04-11T08:31:09.453
3665 188 2537 2017-04-11T08:31:09.453
2892 4 2539 2017-04-11T17:13:57.283
3679 5 2543 2017-04-16T02:54:05.827
3682 75 2546 2017-04-16T13:45:58.257
3682 39 2546 2017-04-16T13:45:58.257
742 7 2549 2017-04-19T10:39:14.66
742 5 2549 2017-04-19T10:39:14.66
742 104 2549 2017-04-19T10:39:14.66
3495 163 2553 2017-04-20T08:57:03.063
3495 164 2553 2017-04-20T08:57:03.063
3725 5 2567 2017-04-29T23:32:43.477
3725 26 2567 2017-04-29T23:32:43.477
3737 1 2569 2017-05-02T23:28:43.627
3737 52 2569 2017-05-02T23:28:43.627
3747 94 2577 2017-05-06T08:33:25.483
3747 44 2577 2017-05-06T08:33:25.483
3753 80 2582 2017-05-08T14:52:59.743
3753 75 2582 2017-05-08T14:52:59.743
3753 38 2582 2017-05-08T14:52:59.743
3753 2 2582 2017-05-08T14:52:59.743
3753 217 2582 2017-05-08T14:52:59.743
3757 55 2586 2017-05-09T02:58:52.153
3731 1 2589 2017-05-10T22:48:43.13
3731 5 2589 2017-05-10T22:48:43.13
3621 37 2594 2017-05-13T18:12:41.15
3621 120 2594 2017-05-13T18:12:41.15
3770 199 2595 2017-05-13T19:42:13.7
3307 1 2618 2017-05-22T00:55:32.113
3307 5 2618 2017-05-22T00:55:32.113
3307 34 2618 2017-05-22T00:55:32.113
3307 68 2618 2017-05-22T00:55:32.113
197 171 2627 2017-05-28T02:36:59.593
1511 38 2631 2017-05-29T12:42:32.743
1511 43 2631 2017-05-29T12:42:32.743
3834 94 2633 2017-05-30T06:17:44.317
3834 95 2633 2017-05-30T06:17:44.317
3834 166 2633 2017-05-30T06:17:44.317
3836 7 2634 2017-05-30T20:34:11.953
3845 94 2637 2017-05-31T08:08:55.443
3845 55 2637 2017-05-31T08:08:55.443
3847 1 2640 2017-05-31T14:44:09.2
3302 183 2644 2017-05-31T17:22:38.453
3302 42 2644 2017-05-31T17:22:38.453
3302 191 2644 2017-05-31T17:22:38.453
2892 4 2648 2017-06-02T16:53:32.89
2892 108 2648 2017-06-02T16:53:32.89
3856 34 2649 2017-06-02T16:58:01.783
3856 203 2649 2017-06-02T16:58:01.783
3872 4 2655 2017-06-05T20:15:36.61
3872 77 2655 2017-06-05T20:15:36.61
1385 43 2659 2017-06-09T02:35:21.297
1385 223 2659 2017-06-09T02:35:21.297
3885 4 2660 2017-06-11T06:17:22.08
3885 76 2660 2017-06-11T06:17:22.08
2892 94 2662 2017-06-11T22:08:14.613
3888 94 2663 2017-06-12T12:55:16.067
3888 5 2663 2017-06-12T12:55:16.067
3888 76 2663 2017-06-12T12:55:16.067
3779 88 2672 2017-05-16T09:40:48.637
3779 224 2672 2017-05-16T09:40:48.637
3898 4 2677 2017-06-16T16:06:09.553
3898 40 2677 2017-06-16T16:06:09.553
3898 199 2677 2017-06-16T16:06:09.553
3905 1 2681 2017-06-17T06:22:22.427
3905 12 2681 2017-06-17T06:22:22.427
3905 94 2683 2017-06-17T13:24:35.46
2892 130 2688 2017-06-18T21:03:28.057
2892 47 2688 2017-06-18T21:03:28.057
3858 202 2690 2017-06-20T21:22:43.773
3858 221 2690 2017-06-20T21:22:43.773
2892 1 2694 2017-06-24T04:40:52.503
3944 1 2695 2017-06-27T04:39:35.163
3944 52 2695 2017-06-27T04:39:35.163
3944 92 2695 2017-06-27T04:39:35.163
3944 1 2696 2017-06-27T15:32:36.953
57 94 2702 2017-06-28T17:28:01.917
57 215 2702 2017-06-28T17:28:01.917
3950 34 2703 2017-06-29T01:56:06.727
3950 64 2703 2017-06-29T01:56:06.727
3944 1 2705 2017-06-29T03:45:49.22
3944 12 2705 2017-06-29T03:45:49.22
3952 1 2707 2017-06-29T16:36:21.51
3960 113 2715 2017-07-04T04:27:05.713
3960 112 2715 2017-07-04T04:27:05.713
3960 82 2715 2017-07-04T04:27:05.713
3972 26 2719 2017-07-08T02:50:02.613
3972 225 2719 2017-07-08T02:50:02.613
2892 1 2723 2017-07-11T01:56:06.593
2892 39 2723 2017-07-11T01:56:06.593
2892 110 2723 2017-07-11T01:56:06.593
3982 4 2725 2017-07-13T00:41:59.993
3982 124 2725 2017-07-13T00:41:59.993
2892 1 2728 2017-07-13T20:34:44.513
2892 92 2728 2017-07-13T20:34:44.513
2892 125 2728 2017-07-13T20:34:44.513
14 7 2729 2017-07-14T03:27:45.837
14 68 2729 2017-07-14T03:27:45.837
14 28 2729 2017-07-14T03:27:45.837
14 61 2729 2017-07-14T03:27:45.837
14 8 2729 2017-07-14T03:27:45.837
2892 1 2733 2017-07-14T19:41:52.73
2892 203 2733 2017-07-14T19:41:52.73
3985 63 2737 2017-07-15T14:45:37.88
3985 139 2737 2017-07-15T14:45:37.88
3982 4 2739 2017-07-16T18:50:14.793
3982 17 2739 2017-07-16T18:50:14.793
2892 4 2743 2017-07-17T19:35:21.657
2892 68 2743 2017-07-17T19:35:21.657
57 5 2745 2017-07-17T19:57:53.403
57 38 2745 2017-07-17T19:57:53.403
2892 1 2749 2017-07-18T18:07:27.37
2892 68 2749 2017-07-18T18:07:27.37
2892 38 2749 2017-07-18T18:07:27.37
2892 196 2749 2017-07-18T18:07:27.37
57 1 2753 2017-07-19T09:28:28.497
57 74 2753 2017-07-19T09:28:28.497
2892 1 2761 2017-07-20T20:02:58.133
2892 4 2761 2017-07-20T20:02:58.133
2892 21 2761 2017-07-20T20:02:58.133
57 4 2762 2017-07-20T20:35:23.95
57 7 2762 2017-07-20T20:35:23.95
57 37 2762 2017-07-20T20:35:23.95
4001 4 2764 2017-07-23T19:16:51.41
4001 95 2764 2017-07-23T19:16:51.41
4001 171 2764 2017-07-23T19:16:51.41
3996 4 2768 2017-07-26T21:18:56.41
3996 124 2768 2017-07-26T21:18:56.41
4021 4 2775 2017-07-30T16:20:48.74
4021 7 2775 2017-07-30T16:20:48.74
4021 108 2775 2017-07-30T16:20:48.74
4021 199 2775 2017-07-30T16:20:48.74
4022 1 2777 2017-07-30T21:01:05.963
4022 34 2777 2017-07-30T21:01:05.963
4021 4 2782 2017-07-30T08:50:41.633
4022 1 2785 2017-07-31T17:44:46.193
4022 34 2785 2017-07-31T17:44:46.193
4022 188 2785 2017-07-31T17:44:46.193
4022 8 2785 2017-07-31T17:44:46.193
2892 68 2787 2017-07-31T19:33:52.803
2892 39 2787 2017-07-31T19:33:52.803
3960 1 2789 2017-08-01T08:16:26.257
3960 26 2789 2017-08-01T08:16:26.257
3960 2 2789 2017-08-01T08:16:26.257
3960 77 2789 2017-08-01T08:16:26.257
4021 4 2793 2017-08-02T09:47:15.6
4021 199 2793 2017-08-02T09:47:15.6
4021 161 2793 2017-08-02T09:47:15.6
4036 26 2795 2017-08-02T11:53:03.41
3989 12 2799 2017-08-03T16:22:28.617
3989 82 2799 2017-08-03T16:22:28.617
4039 4 2800 2017-08-04T01:19:10.677
4039 37 2800 2017-08-04T01:19:10.677
4047 1 2805 2017-08-06T05:10:37.783
2892 4 2809 2017-08-08T00:54:24.67
2892 82 2809 2017-08-08T00:54:24.67
4021 76 2811 2017-08-08T08:50:57.243
4021 2 2811 2017-08-08T08:50:57.243
3960 113 2814 2017-08-09T07:25:29.52
3960 201 2814 2017-08-09T07:25:29.52
3960 35 2814 2017-08-09T07:25:29.52
4023 1 2822 2017-08-10T00:17:49.737
4023 44 2822 2017-08-10T00:17:49.737
4023 226 2822 2017-08-10T00:17:49.737
4023 4 2824 2017-08-10T15:31:01.67
4023 126 2824 2017-08-10T15:31:01.67
3302 37 2828 2017-08-11T07:20:52.19
3302 41 2828 2017-08-11T07:20:52.19
3302 27 2828 2017-08-11T07:20:52.19
4021 4 2833 2017-08-13T12:39:54.31
4021 35 2833 2017-08-13T12:39:54.31
4021 181 2833 2017-08-13T12:39:54.31
2687 1 2834 2017-08-13T13:07:50.353
4067 1 2840 2017-08-14T16:20:44.47
4075 26 2843 2017-08-16T17:32:06.39
2892 4 2845 2017-08-18T17:59:15.94
2892 70 2845 2017-08-18T17:59:15.94
4083 37 2846 2017-08-18T23:19:11.767
4083 43 2846 2017-08-18T23:19:11.767
4093 1 2853 2017-08-21T20:14:00.117
4093 34 2853 2017-08-21T20:14:00.117
4093 39 2853 2017-08-21T20:14:00.117
4093 40 2853 2017-08-21T20:14:00.117
4093 50 2855 2017-08-22T18:21:11.913
4093 41 2855 2017-08-22T18:21:11.913
57 1 2858 2017-08-22T23:41:37.667
57 158 2858 2017-08-22T23:41:37.667
57 94 2859 2017-08-23T23:38:10.827
57 158 2859 2017-08-23T23:38:10.827
57 135 2859 2017-08-23T23:38:10.827
57 136 2859 2017-08-23T23:38:10.827
3725 1 2866 2017-08-24T20:34:07.817
3725 203 2866 2017-08-24T20:34:07.817
3725 123 2866 2017-08-24T20:34:07.817
57 1 2868 2017-08-24T23:58:35.513
57 154 2868 2017-08-24T23:58:35.513
967 7 2869 2017-08-25T16:11:57.44
967 58 2869 2017-08-25T16:11:57.44
967 194 2869 2017-08-25T16:11:57.44
57 58 2871 2017-08-25T22:48:48.763
57 1 2875 2017-08-26T22:59:06.35
4105 1 2877 2017-08-27T02:06:58.777
4105 52 2877 2017-08-27T02:06:58.777
57 5 2879 2017-08-27T11:35:05.773
57 58 2879 2017-08-27T11:35:05.773
4107 39 2882 2017-08-27T16:20:26.823
4107 191 2882 2017-08-27T16:20:26.823
3230 68 2884 2017-08-27T17:11:03.467
3230 168 2884 2017-08-27T17:11:03.467
57 2 2886 2017-08-28T01:17:42.273
57 164 2886 2017-08-28T01:17:42.273
4108 1 2887 2017-08-28T16:57:23.58
4108 7 2887 2017-08-28T16:57:23.58
4108 55 2887 2017-08-28T16:57:23.58
3725 120 2889 2017-08-28T21:28:57.817
4105 1 2892 2017-08-29T01:49:28.81
4105 52 2892 2017-08-29T01:49:28.81
4105 227 2892 2017-08-29T01:49:28.81
4113 94 2896 2017-08-29T22:35:05.92
4113 37 2896 2017-08-29T22:35:05.92
2892 94 2897 2017-08-29T23:27:22.74
2892 75 2897 2017-08-29T23:27:22.74
2892 130 2897 2017-08-29T23:27:22.74
4114 7 2898 2017-08-30T00:03:55.87
4114 37 2898 2017-08-30T00:03:55.87
57 1 2901 2017-08-30T14:51:55.033
57 26 2901 2017-08-30T14:51:55.033
57 62 2901 2017-08-30T14:51:55.033
57 227 2901 2017-08-30T14:51:55.033
3741 7 2902 2017-08-30T18:22:25.467
3741 55 2902 2017-08-30T18:22:25.467
57 58 2904 2017-08-31T08:47:43.443
57 59 2904 2017-08-31T08:47:43.443
57 26 2907 2017-09-01T05:46:08.013
57 2 2907 2017-09-01T05:46:08.013
3989 1 2910 2017-09-02T00:21:49.78
3989 55 2910 2017-09-02T00:21:49.78
3989 212 2910 2017-09-02T00:21:49.78
57 34 2915 2017-09-02T21:28:58.78
57 26 2915 2017-09-02T21:28:58.78
57 8 2915 2017-09-02T21:28:58.78
57 111 2915 2017-09-02T21:28:58.78
3230 68 2916 2017-09-02T23:41:50.313
3230 168 2916 2017-09-02T23:41:50.313
3230 1 2917 2017-09-03T01:35:58.023
3230 39 2917 2017-09-03T01:35:58.023
3230 208 2917 2017-09-03T01:35:58.023
3230 209 2917 2017-09-03T01:35:58.023
3230 210 2917 2017-09-03T01:35:58.023
57 7 2920 2017-09-04T23:09:35.643
57 37 2920 2017-09-04T23:09:35.643
57 58 2920 2017-09-04T23:09:35.643
57 58 2921 2017-09-05T07:35:28.923
3092 5 2922 2017-09-05T17:33:23.673
3092 26 2922 2017-09-05T17:33:23.673
3092 202 2922 2017-09-05T17:33:23.673
3092 216 2922 2017-09-05T17:33:23.673
3741 202 2924 2017-09-05T22:26:34.717
3741 228 2924 2017-09-05T22:26:34.717
4143 1 2925 2017-09-06T12:19:40.853
4143 44 2925 2017-09-06T12:19:40.853
4145 3 2926 2017-09-06T19:29:23.573
57 7 2930 2017-09-07T11:45:48.97
57 58 2930 2017-09-07T11:45:48.97
3230 1 2931 2017-09-07T18:24:25.793
3230 94 2931 2017-09-07T18:24:25.793
3230 44 2931 2017-09-07T18:24:25.793
4148 1 2932 2017-09-07T19:51:05.03
57 1 2935 2017-09-08T12:55:03.773
57 229 2935 2017-09-08T12:55:03.773
348 5 2938 2017-09-10T08:25:15.7
3230 68 2944 2017-09-12T20:18:20.64
3230 168 2944 2017-09-12T20:18:20.64
3230 230 2947 2017-09-13T13:43:29.83
3230 231 2947 2017-09-13T13:43:29.83
3230 230 2949 2017-09-14T07:12:42.89
3230 231 2949 2017-09-14T07:12:42.89
3230 230 2952 2017-09-15T10:42:13.493
3230 231 2952 2017-09-15T10:42:13.493
3230 68 2954 2017-09-16T17:21:04.54
3230 168 2954 2017-09-16T17:21:04.54
57 1 2958 2017-09-17T01:04:22.07
57 74 2958 2017-09-17T01:04:22.07
197 1 2959 2017-09-17T13:19:41.267
197 110 2959 2017-09-17T13:19:41.267
3302 39 2961 2017-09-17T16:55:05.383
3302 206 2961 2017-09-17T16:55:05.383
4171 94 2964 2017-09-18T17:31:32.7
4171 5 2964 2017-09-18T17:31:32.7
57 1 2965 2017-09-18T18:36:38.57
57 11 2965 2017-09-18T18:36:38.57
57 145 2965 2017-09-18T18:36:38.57
57 1 2967 2017-09-19T05:53:33.66
57 232 2967 2017-09-19T05:53:33.66
3230 68 2969 2017-09-19T10:23:30.567
3230 168 2969 2017-09-19T10:23:30.567
3741 5 2971 2017-09-19T19:01:08.377
3741 68 2971 2017-09-19T19:01:08.377
3741 169 2971 2017-09-19T19:01:08.377
3230 1 2978 2017-09-20T21:42:51.627
3230 233 2978 2017-09-20T21:42:51.627
4182 22 2983 2017-09-22T06:24:28.73
3474 1 2987 2017-09-22T18:11:36.78
3474 62 2987 2017-09-22T18:11:36.78
4198 7 2996 2017-09-23T19:26:38.403
4198 94 2996 2017-09-23T19:26:38.403
4198 104 2996 2017-09-23T19:26:38.403
4093 234 2999 2017-09-24T15:29:10.47
57 39 3002 2017-09-25T08:57:46.84
57 101 3002 2017-09-25T08:57:46.84
4211 4 3006 2017-09-26T03:24:43.47
4211 108 3006 2017-09-26T03:24:43.47
3230 68 3010 2017-09-28T10:24:24.347
3230 168 3010 2017-09-28T10:24:24.347
4182 21 3011 2017-09-28T11:48:41.55
4182 22 3011 2017-09-28T11:48:41.55
4221 26 3013 2017-09-28T12:58:26.067
4221 39 3013 2017-09-28T12:58:26.067
4105 21 3017 2017-09-29T08:10:28.693
4105 170 3017 2017-09-29T08:10:28.693
3230 4 3019 2017-09-29T22:30:32.177
3230 66 3019 2017-09-29T22:30:32.177
4105 1 3020 2017-09-30T12:14:42.063
4105 167 3020 2017-09-30T12:14:42.063
57 50 3025 2017-10-02T08:49:18.153
57 235 3025 2017-10-02T08:49:18.153
57 50 3026 2017-10-03T08:39:58.903
57 235 3026 2017-10-03T08:39:58.903
4230 127 3027 2017-10-03T17:17:00.297
4230 219 3027 2017-10-03T17:17:00.297
4105 55 3028 2017-10-03T17:43:43.593
4105 109 3028 2017-10-03T17:43:43.593
4105 64 3028 2017-10-03T17:43:43.593
4249 61 3038 2017-10-07T21:43:30.27
4249 14 3038 2017-10-07T21:43:30.27
4105 1 3042 2017-10-09T08:19:26.893
4105 47 3042 2017-10-09T08:19:26.893
4105 35 3042 2017-10-09T08:19:26.893
2892 1 3046 2017-10-10T03:38:30.923
2892 5 3046 2017-10-10T03:38:30.923
2892 28 3046 2017-10-10T03:38:30.923
2892 36 3046 2017-10-10T03:38:30.923
57 236 3049 2017-10-11T12:26:48.807
57 234 3049 2017-10-11T12:26:48.807
4182 22 3052 2017-10-12T04:33:59.92
4108 43 3054 2017-10-13T16:05:56.903
3230 172 3056 2017-10-15T11:27:58.347
3230 144 3056 2017-10-15T11:27:58.347
3230 159 3056 2017-10-15T11:27:58.347
3230 237 3056 2017-10-15T11:27:58.347
4271 1 3063 2017-10-15T18:01:06.95
4271 94 3063 2017-10-15T18:01:06.95
4271 52 3063 2017-10-15T18:01:06.95
3230 55 3068 2017-10-16T07:36:57.893
3230 172 3068 2017-10-16T07:36:57.893
3230 237 3068 2017-10-16T07:36:57.893
57 1 3069 2017-10-16T12:31:08.397
57 26 3069 2017-10-16T12:31:08.397
57 110 3069 2017-10-16T12:31:08.397
4280 1 3071 2017-10-17T19:20:07.62
57 94 3073 2017-10-18T08:40:06.007
57 101 3073 2017-10-18T08:40:06.007
3230 94 3075 2017-10-18T11:53:18.443
3230 37 3075 2017-10-18T11:53:18.443
3230 104 3075 2017-10-18T11:53:18.443
3230 197 3075 2017-10-18T11:53:18.443
2892 4 3078 2017-10-19T21:45:56.86
4271 1 3084 2017-10-21T21:23:56.227
4271 5 3084 2017-10-21T21:23:56.227
4271 68 3084 2017-10-21T21:23:56.227
4271 74 3084 2017-10-21T21:23:56.227
57 5 3085 2017-10-22T08:56:53.207
57 159 3085 2017-10-22T08:56:53.207
4297 1 3091 2017-10-24T23:59:25.457
4297 85 3091 2017-10-24T23:59:25.457
4297 141 3091 2017-10-24T23:59:25.457
4297 165 3091 2017-10-24T23:59:25.457
2892 37 3096 2017-10-27T18:39:53.45
2892 238 3096 2017-10-27T18:39:53.45
4306 37 3097 2017-10-27T20:19:57.807
4306 41 3097 2017-10-27T20:19:57.807
4306 225 3097 2017-10-27T20:19:57.807
57 42 3098 2017-10-28T10:57:22.443
57 191 3098 2017-10-28T10:57:22.443
4307 14 3099 2017-10-28T17:11:41.843
4271 1 3104 2017-10-29T16:02:33.557
4271 4 3104 2017-10-29T16:02:33.557
4271 108 3104 2017-10-29T16:02:33.557
4271 36 3104 2017-10-29T16:02:33.557
4271 1 3108 2017-10-29T23:24:57.643
4271 1 3110 2017-10-30T00:11:42.89
4271 44 3110 2017-10-30T00:11:42.89
4271 144 3110 2017-10-30T00:11:42.89
967 1 3114 2017-10-30T20:54:16.857
967 5 3114 2017-10-30T20:54:16.857
967 196 3114 2017-10-30T20:54:16.857
967 197 3114 2017-10-30T20:54:16.857
967 239 3114 2017-10-30T20:54:16.857
4316 7 3117 2017-11-02T05:43:56.76
4316 120 3117 2017-11-02T05:43:56.76
4302 76 3118 2017-11-02T08:22:09.363
4302 19 3118 2017-11-02T08:22:09.363
4171 4 3119 2017-11-02T20:24:25.69
4319 4 3121 2017-11-03T04:39:53.237
4319 47 3121 2017-11-03T04:39:53.237
4271 1 3127 2017-11-04T20:18:13.687
4271 94 3127 2017-11-04T20:18:13.687
4271 52 3127 2017-11-04T20:18:13.687
4271 1 3128 2017-11-05T03:20:06.18
4271 94 3128 2017-11-05T03:20:06.18
4271 1 3129 2017-11-05T05:23:47.873
4271 74 3129 2017-11-05T05:23:47.873
4271 1 3131 2017-11-05T22:31:21.663
4271 34 3131 2017-11-05T22:31:21.663
4271 203 3131 2017-11-05T22:31:21.663
4335 85 3140 2017-11-08T20:16:59.46
4335 141 3140 2017-11-08T20:16:59.46
4335 165 3140 2017-11-08T20:16:59.46
4271 1 3148 2017-11-11T23:34:48.287
2892 4 3152 2017-11-15T16:19:05.473
2892 83 3152 2017-11-15T16:19:05.473
2892 4 3156 2017-11-16T23:00:40.373
2892 70 3156 2017-11-16T23:00:40.373
4358 26 3157 2017-11-17T01:43:12.167
4358 104 3157 2017-11-17T01:43:12.167
4360 2 3158 2017-11-17T09:31:48.05
4271 68 3163 2017-11-19T22:40:06.083
4271 113 3163 2017-11-19T22:40:06.083
534 94 3165 2017-11-22T11:22:43.883
534 179 3165 2017-11-22T11:22:43.883
4369 34 3167 2017-11-22T16:59:56.237
2892 26 3170 2017-11-22T23:28:31.283
2892 1 3171 2017-11-23T00:55:05.08
2892 92 3171 2017-11-23T00:55:05.08
2892 240 3171 2017-11-23T00:55:05.08
4375 94 3176 2017-11-26T04:39:22.057
4375 120 3176 2017-11-26T04:39:22.057
4377 109 3177 2017-11-26T15:13:30.007
4377 49 3177 2017-11-26T15:13:30.007
4383 120 3179 2017-11-28T01:21:10.833
4383 24 3179 2017-11-28T01:21:10.833
197 1 3181 2017-11-28T18:46:16.817
197 241 3181 2017-11-28T18:46:16.817
4409 1 3185 2017-11-29T20:09:05.453
4409 188 3185 2017-11-29T20:09:05.453
4271 4 3187 2017-11-30T01:33:13.813
4271 94 3187 2017-11-30T01:33:13.813
4271 5 3187 2017-11-30T01:33:13.813
4271 76 3187 2017-11-30T01:33:13.813
4271 23 3187 2017-11-30T01:33:13.813
1385 107 3194 2017-12-07T03:23:51.257
4522 7 3195 2017-12-08T14:47:26.077
4522 202 3195 2017-12-08T14:47:26.077
2892 4 3196 2017-12-08T19:32:59.093
2892 242 3196 2017-12-08T19:32:59.093
4524 94 3199 2017-12-08T21:11:31.283
4524 14 3199 2017-12-08T21:11:31.283
4524 84 3199 2017-12-08T21:11:31.283
4525 202 3200 2017-12-08T23:20:02.25
4525 189 3200 2017-12-08T23:20:02.25
4525 189 3204 2017-12-11T20:19:20.34
4527 7 3206 2017-12-12T14:31:42.107
4527 5 3206 2017-12-12T14:31:42.107
4527 95 3206 2017-12-12T14:31:42.107
2810 56 3208 2017-12-16T16:31:01.52
2810 56 3209 2017-12-17T13:54:59.503
614 94 3212 2017-12-18T23:16:41.067
4572 1 3214 2017-12-22T21:34:07.137
4572 110 3214 2017-12-22T21:34:07.137
4572 85 3214 2017-12-22T21:34:07.137
4564 7 3221 2017-12-27T06:35:29.303
4564 125 3221 2017-12-27T06:35:29.303
3177 16 3223 2017-12-28T01:06:10.757
3177 81 3223 2017-12-28T01:06:10.757
3302 27 3224 2017-12-28T02:48:59.03
4573 214 3227 2017-12-29T00:55:01.92
873 5 3228 2017-12-29T11:21:11.703
873 3 3228 2017-12-29T11:21:11.703
873 243 3228 2017-12-29T11:21:11.703
4271 1 3237 2018-01-01T23:54:54.69
4271 34 3237 2018-01-01T23:54:54.69
4271 203 3237 2018-01-01T23:54:54.69
4271 226 3237 2018-01-01T23:54:54.69
4271 220 3237 2018-01-01T23:54:54.69
4586 1 3244 2018-01-07T19:15:45.07
4586 74 3244 2018-01-07T19:15:45.07
4525 1 3247 2018-01-08T16:16:14.7
4525 165 3247 2018-01-08T16:16:14.7
4525 202 3248 2018-01-08T16:32:43.807
3177 16 3249 2018-01-08T20:18:28.963
4599 5 3251 2018-01-10T09:30:50.1
4599 28 3251 2018-01-10T09:30:50.1
4599 43 3251 2018-01-10T09:30:50.1
4599 157 3251 2018-01-10T09:30:50.1
4600 7 3252 2018-01-10T19:20:27.087
4600 189 3252 2018-01-10T19:20:27.087
4601 7 3253 2018-01-11T05:51:51.32
4108 1 3258 2018-01-12T21:48:54.207
4108 76 3258 2018-01-12T21:48:54.207
4611 1 3259 2018-01-14T18:18:25.157
4068 1 3263 2018-01-17T17:33:53.383
4622 7 3266 2018-01-18T04:00:03.463
4622 43 3266 2018-01-18T04:00:03.463
1308 94 3273 2018-01-20T18:30:10.27
1308 104 3273 2018-01-20T18:30:10.27
4601 7 3276 2018-01-23T05:20:22.79
4601 2 3276 2018-01-23T05:20:22.79
4639 1 3278 2018-01-23T16:41:48.373
4639 5 3278 2018-01-23T16:41:48.373
4639 93 3278 2018-01-23T16:41:48.373
4650 7 3283 2018-01-26T21:51:41.723
4650 193 3283 2018-01-26T21:51:41.723
4650 244 3284 2018-01-26T22:39:12.7
4650 223 3284 2018-01-26T22:39:12.7
57 26 3286 2018-01-29T09:39:57.33
57 245 3286 2018-01-29T09:39:57.33
4655 1 3288 2018-01-29T20:12:12.61
4657 202 3289 2018-01-30T02:23:57.33
4657 221 3289 2018-01-30T02:23:57.33
57 26 3290 2018-01-30T08:25:13.313
57 39 3290 2018-01-30T08:25:13.313
57 191 3290 2018-01-30T08:25:13.313
4171 94 3293 2018-01-31T07:08:11.687
4171 5 3293 2018-01-31T07:08:11.687
57 26 3294 2018-01-31T08:18:52.483
4667 37 3297 2018-02-01T03:01:06.017
4667 55 3297 2018-02-01T03:01:06.017
4667 104 3297 2018-02-01T03:01:06.017
3302 68 3299 2018-02-02T08:18:26.14
57 26 3300 2018-02-02T09:02:43.217
3302 19 3304 2018-02-03T02:12:25.53
4105 4 3306 2018-02-03T14:09:59.247
4105 194 3306 2018-02-03T14:09:59.247
4105 195 3306 2018-02-03T14:09:59.247
57 26 3307 2018-02-03T16:27:35.033
4674 22 3310 2018-02-04T02:41:19.89
4674 72 3310 2018-02-04T02:41:19.89
4657 202 3312 2018-02-05T04:02:01.98
4527 61 3313 2018-02-05T07:22:23.853
4527 189 3313 2018-02-05T07:22:23.853
4105 1 3314 2018-02-05T13:39:42.817
4105 44 3314 2018-02-05T13:39:42.817
4105 62 3314 2018-02-05T13:39:42.817
4105 110 3314 2018-02-05T13:39:42.817
4680 4 3320 2018-02-06T19:12:55.9
4680 108 3320 2018-02-06T19:12:55.9
4683 1 3322 2018-02-07T09:44:59.123
4683 39 3322 2018-02-07T09:44:59.123
4683 191 3322 2018-02-07T09:44:59.123
4271 44 3324 2018-02-07T19:18:52.613
4271 53 3324 2018-02-07T19:18:52.613
4271 175 3324 2018-02-07T19:18:52.613
4271 62 3324 2018-02-07T19:18:52.613
4105 1 3328 2018-02-08T09:25:25.903
4105 85 3328 2018-02-08T09:25:25.903
4105 141 3328 2018-02-08T09:25:25.903
4105 165 3328 2018-02-08T09:25:25.903
4657 202 3330 2018-02-08T21:23:15.257
4694 39 3332 2018-02-10T02:39:25.707
4694 199 3332 2018-02-10T02:39:25.707
4696 243 3335 2018-02-10T14:30:33.743
4696 246 3336 2018-02-10T15:15:07.067
4696 243 3336 2018-02-10T15:15:07.067
4697 246 3337 2018-02-10T15:50:17.04
4697 243 3337 2018-02-10T15:50:17.04
4698 1 3338 2018-02-11T02:21:28.023
4105 4 3339 2018-02-11T13:00:28.403
4271 1 3343 2018-02-12T16:27:12.287
4271 12 3343 2018-02-12T16:27:12.287
4271 1 3345 2018-02-12T18:06:32.197
4271 34 3345 2018-02-12T18:06:32.197
4271 203 3345 2018-02-12T18:06:32.197
4105 26 3347 2018-02-13T14:33:37.1
4705 1 3349 2018-02-14T00:26:50.91
4705 4 3349 2018-02-14T00:26:50.91
4705 5 3349 2018-02-14T00:26:50.91
4705 68 3349 2018-02-14T00:26:50.91
4705 247 3349 2018-02-14T00:26:50.91
4271 1 3352 2018-02-14T15:23:07.023
4271 94 3352 2018-02-14T15:23:07.023
4271 5 3352 2018-02-14T15:23:07.023
4271 198 3352 2018-02-14T15:23:07.023
4271 248 3352 2018-02-14T15:23:07.023
4271 14 3353 2018-02-14T16:08:54.13
4271 84 3353 2018-02-14T16:08:54.13
57 1 3355 2018-02-15T12:57:39.387
57 94 3355 2018-02-15T12:57:39.387
57 44 3355 2018-02-15T12:57:39.387
57 175 3355 2018-02-15T12:57:39.387
4711 4 3357 2018-02-15T22:31:55.457
4711 5 3357 2018-02-15T22:31:55.457
4711 123 3357 2018-02-15T22:31:55.457
4711 144 3357 2018-02-15T22:31:55.457
4712 44 3359 2018-02-16T15:59:54.7
4271 38 3372 2018-02-19T23:41:24.36
4271 75 3372 2018-02-19T23:41:24.36
4271 1 3376 2018-02-20T02:29:32.337
4271 34 3376 2018-02-20T02:29:32.337
4271 110 3376 2018-02-20T02:29:32.337
4271 141 3376 2018-02-20T02:29:32.337
2807 1 3377 2018-02-20T12:57:07.08
2807 110 3377 2018-02-20T12:57:07.08
2807 85 3377 2018-02-20T12:57:07.08
4271 1 3378 2018-02-20T15:49:20.563
4271 249 3378 2018-02-20T15:49:20.563
4105 1 3382 2018-02-21T14:09:28.937
4105 110 3382 2018-02-21T14:09:28.937
4105 85 3382 2018-02-21T14:09:28.937
57 1 3389 2018-02-22T14:39:04.583
57 191 3389 2018-02-22T14:39:04.583
4797 94 3392 2018-02-23T20:58:39.4
4797 55 3392 2018-02-23T20:58:39.4
4797 180 3392 2018-02-23T20:58:39.4
57 197 3395 2018-02-24T13:40:34.653
57 222 3395 2018-02-24T13:40:34.653
57 250 3395 2018-02-24T13:40:34.653
4797 94 3400 2018-02-24T21:03:23.507
4797 55 3400 2018-02-24T21:03:23.507
4797 180 3400 2018-02-24T21:03:23.507
3621 19 3405 2018-02-26T05:43:32.063
3621 112 3405 2018-02-26T05:43:32.063
3621 8 3405 2018-02-26T05:43:32.063
3621 247 3405 2018-02-26T05:43:32.063
4525 94 3406 2018-02-26T09:59:21.627
4525 55 3406 2018-02-26T09:59:21.627
4525 44 3406 2018-02-26T09:59:21.627
4525 172 3406 2018-02-26T09:59:21.627
4525 14 3407 2018-02-26T10:31:01.523
4525 189 3407 2018-02-26T10:31:01.523
4525 82 3407 2018-02-26T10:31:01.523
1511 75 3408 2018-02-26T17:57:37.173
1511 43 3408 2018-02-26T17:57:37.173
4808 1 3410 2018-02-26T21:09:11.817
4808 85 3410 2018-02-26T21:09:11.817
2707 37 3412 2018-02-26T22:45:06.22
2707 55 3412 2018-02-26T22:45:06.22
4271 5 3416 2018-02-27T15:05:59.537
4271 21 3416 2018-02-27T15:05:59.537
4271 72 3416 2018-02-27T15:05:59.537
4271 251 3416 2018-02-27T15:05:59.537
2892 19 3422 2018-02-28T21:57:27.82
2892 113 3422 2018-02-28T21:57:27.82
4271 1 3432 2018-03-02T15:49:15.39
4271 7 3432 2018-03-02T15:49:15.39
3621 109 3433 2018-03-03T12:23:47.647
4819 76 3435 2018-03-03T12:50:42.187
4819 35 3435 2018-03-03T12:50:42.187
4271 5 3438 2018-03-04T22:02:35.993
4271 84 3438 2018-03-04T22:02:35.993
4825 1 3444 2018-03-04T23:09:52.617
4271 55 3445 2018-03-04T23:24:53.43
4271 39 3445 2018-03-04T23:24:53.43
4271 38 3445 2018-03-04T23:24:53.43
4271 1 3451 2018-03-05T01:50:28.967
4271 203 3451 2018-03-05T01:50:28.967
4271 193 3451 2018-03-05T01:50:28.967
4525 1 3475 2018-03-05T10:37:10.343
4525 189 3475 2018-03-05T10:37:10.343
4271 52 3479 2018-03-06T16:36:54.413
4271 92 3479 2018-03-06T16:36:54.413
4271 35 3479 2018-03-06T16:36:54.413
4271 252 3479 2018-03-06T16:36:54.413
2892 4 3486 2018-03-06T20:14:07.773
2892 108 3486 2018-03-06T20:14:07.773
2892 70 3486 2018-03-06T20:14:07.773
2892 161 3486 2018-03-06T20:14:07.773
4271 1 3494 2018-03-07T14:46:20.203
4271 17 3494 2018-03-07T14:46:20.203
4271 213 3494 2018-03-07T14:46:20.203
4842 75 3500 2018-03-08T16:46:45.707
4842 40 3500 2018-03-08T16:46:45.707
4842 130 3500 2018-03-08T16:46:45.707
4271 55 3501 2018-03-09T01:12:18.83
4271 95 3501 2018-03-09T01:12:18.83
4847 94 3506 2018-03-09T17:33:55.55
4847 7 3506 2018-03-09T17:33:55.55
4847 37 3506 2018-03-09T17:33:55.55
4847 244 3506 2018-03-09T17:33:55.55
4525 1 3527 2018-03-13T23:42:04.837
4525 12 3527 2018-03-13T23:42:04.837
4271 1 3530 2018-03-15T00:05:15.637
4271 11 3530 2018-03-15T00:05:15.637
4639 1 3531 2018-03-15T16:09:59.947
4639 26 3531 2018-03-15T16:09:59.947
4639 72 3531 2018-03-15T16:09:59.947
4639 113 3531 2018-03-15T16:09:59.947
4639 251 3531 2018-03-15T16:09:59.947
4525 1 3533 2018-03-16T00:46:39.783
4525 144 3533 2018-03-16T00:46:39.783
4271 37 4553 2018-03-17T17:22:23.137
4271 172 4553 2018-03-17T17:22:23.137
4271 1 4554 2018-03-17T19:57:24.75
4271 136 4554 2018-03-17T19:57:24.75
4271 1 4556 2018-03-17T20:25:01.06
4271 203 4556 2018-03-17T20:25:01.06
4271 1 4559 2018-03-17T20:47:35.743
4271 92 4559 2018-03-17T20:47:35.743
4271 253 4559 2018-03-17T20:47:35.743
4271 55 4562 2018-03-17T21:53:52.18
4271 62 4562 2018-03-17T21:53:52.18
4271 1 4570 2018-03-19T14:28:48.127
4271 128 4570 2018-03-19T14:28:48.127
4525 189 4575 2018-03-20T08:29:08.31
4525 48 4575 2018-03-20T08:29:08.31
4525 176 4575 2018-03-20T08:29:08.31
4271 1 4579 2018-03-20T13:44:32.953
4271 35 4579 2018-03-20T13:44:32.953
4271 14 4580 2018-03-20T14:24:45.813
4271 84 4580 2018-03-20T14:24:45.813
4271 94 4581 2018-03-20T15:06:38.747
4271 5 4581 2018-03-20T15:06:38.747
4271 68 4581 2018-03-20T15:06:38.747
4271 62 4583 2018-03-20T15:47:31.03
4271 158 4583 2018-03-20T15:47:31.03
4271 229 4583 2018-03-20T15:47:31.03
4271 254 4583 2018-03-20T15:47:31.03
4108 1 4584 2018-03-20T16:28:25.2
4108 44 4584 2018-03-20T16:28:25.2
4108 53 4584 2018-03-20T16:28:25.2
4271 1 4585 2018-03-21T16:38:57.273
4271 5 4585 2018-03-21T16:38:57.273
4271 26 4585 2018-03-21T16:38:57.273
4271 97 4585 2018-03-21T16:38:57.273
4271 1 4586 2018-03-21T16:50:44.69
4271 85 4586 2018-03-21T16:50:44.69
4271 141 4586 2018-03-21T16:50:44.69
4271 228 4586 2018-03-21T16:50:44.69
4271 1 4591 2018-03-22T13:04:58.11
4271 94 4591 2018-03-22T13:04:58.11
4271 44 4591 2018-03-22T13:04:58.11
4271 1 4592 2018-03-22T13:23:28.663
4271 85 4592 2018-03-22T13:23:28.663
4271 141 4592 2018-03-22T13:23:28.663
4271 128 4592 2018-03-22T13:23:28.663
4895 4 4595 2018-03-23T04:29:06.893
4895 108 4595 2018-03-23T04:29:06.893
4895 17 4595 2018-03-23T04:29:06.893
4895 124 4595 2018-03-23T04:29:06.893
3491 94 4596 2018-03-23T10:56:45.97
3491 37 4596 2018-03-23T10:56:45.97
3491 68 4596 2018-03-23T10:56:45.97
3491 19 4596 2018-03-23T10:56:45.97
3491 125 4596 2018-03-23T10:56:45.97
4271 1 4600 2018-03-23T16:49:17.717
4271 110 4600 2018-03-23T16:49:17.717
4271 92 4600 2018-03-23T16:49:17.717
4271 54 4600 2018-03-23T16:49:17.717
3491 94 4601 2018-03-23T23:21:07.577
3491 61 4601 2018-03-23T23:21:07.577
3491 3 4601 2018-03-23T23:21:07.577
3491 244 4601 2018-03-23T23:21:07.577
3491 192 4601 2018-03-23T23:21:07.577
4271 1 4604 2018-03-25T16:29:58.297
4271 8 4604 2018-03-25T16:29:58.297
4271 1 4605 2018-03-25T16:58:29.39
4271 65 4605 2018-03-25T16:58:29.39
4271 77 4605 2018-03-25T16:58:29.39
4271 233 4605 2018-03-25T16:58:29.39
4271 1 4606 2018-03-25T17:20:06.767
4271 62 4606 2018-03-25T17:20:06.767
4271 189 4606 2018-03-25T17:20:06.767
4271 1 4631 2018-03-26T23:47:53.58
4271 12 4631 2018-03-26T23:47:53.58
4271 11 4631 2018-03-26T23:47:53.58
4271 255 4631 2018-03-26T23:47:53.58
4852 4 4632 2018-03-27T03:45:30.333
4852 66 4632 2018-03-27T03:45:30.333
4525 1 4635 2018-03-27T07:09:08.947
4525 35 4635 2018-03-27T07:09:08.947
4271 95 4636 2018-03-27T20:52:43.47
4271 256 4636 2018-03-27T20:52:43.47
4271 1 4638 2018-03-28T01:42:29.18
4271 44 4638 2018-03-28T01:42:29.18
4271 154 4638 2018-03-28T01:42:29.18
4271 1 4640 2018-03-28T02:13:54.15
4271 94 4640 2018-03-28T02:13:54.15
4271 76 4640 2018-03-28T02:13:54.15
4271 54 4640 2018-03-28T02:13:54.15
4271 167 4640 2018-03-28T02:13:54.15
91 76 4647 2018-03-29T01:18:33.697
4271 1 4649 2018-03-29T03:46:00.763
4271 54 4649 2018-03-29T03:46:00.763
467 257 4650 2018-03-29T07:46:41.307
467 258 4650 2018-03-29T07:46:41.307
4657 176 4653 2018-03-29T18:41:27.273
4271 1 4654 2018-03-29T20:07:48.717
4271 34 4654 2018-03-29T20:07:48.717
4271 154 4654 2018-03-29T20:07:48.717
4271 259 4654 2018-03-29T20:07:48.717
4271 35 4655 2018-03-29T21:14:42.827
4271 53 4655 2018-03-29T21:14:42.827
4271 44 4656 2018-03-29T21:30:22.03
4271 62 4656 2018-03-29T21:30:22.03
4271 76 4656 2018-03-29T21:30:22.03
4271 175 4656 2018-03-29T21:30:22.03
4525 1 4667 2018-04-01T21:21:17.8
4525 154 4667 2018-04-01T21:21:17.8
4864 1 4669 2018-04-02T15:29:50.46
4864 94 4669 2018-04-02T15:29:50.46
4271 198 4671 2018-04-03T01:34:07.79
4271 1 4673 2018-04-03T18:07:48.6
4271 189 4673 2018-04-03T18:07:48.6
4271 1 4674 2018-04-03T18:23:02.11
4271 128 4674 2018-04-03T18:23:02.11
57 1 4677 2018-04-04T10:21:25.133
57 85 4677 2018-04-04T10:21:25.133
4926 7 4680 2018-04-04T20:38:47.957
4926 28 4680 2018-04-04T20:38:47.957
4926 192 4680 2018-04-04T20:38:47.957
4271 1 4682 2018-04-04T21:32:15.41
4271 260 4682 2018-04-04T21:32:15.41
4271 261 4682 2018-04-04T21:32:15.41
4271 1 4683 2018-04-04T21:53:28.523
4271 92 4683 2018-04-04T21:53:28.523
2687 223 4688 2018-04-05T08:42:08.61
4934 94 4689 2018-04-05T12:35:50.01
4934 232 4689 2018-04-05T12:35:50.01
4271 39 4690 2018-04-05T15:32:59.733
4271 236 4690 2018-04-05T15:32:59.733
4271 94 4691 2018-04-05T16:35:44.77
4271 95 4691 2018-04-05T16:35:44.77
1511 120 4696 2018-04-06T08:19:02.027
4271 94 4703 2018-04-09T13:53:34.647
4271 53 4703 2018-04-09T13:53:34.647
4271 36 4703 2018-04-09T13:53:34.647
4271 1 4706 2018-04-09T15:50:49.017
4271 4 4706 2018-04-09T15:50:49.017
4271 14 4706 2018-04-09T15:50:49.017
4271 251 4706 2018-04-09T15:50:49.017
4271 4 4708 2018-04-09T17:44:58.643
4271 58 4708 2018-04-09T17:44:58.643
4271 179 4708 2018-04-09T17:44:58.643
4271 251 4708 2018-04-09T17:44:58.643
3238 5 4712 2018-04-10T16:27:05.337
3238 28 4712 2018-04-10T16:27:05.337
3238 76 4712 2018-04-10T16:27:05.337
3238 104 4712 2018-04-10T16:27:05.337
3238 228 4712 2018-04-10T16:27:05.337
2807 1 4713 2018-04-11T03:31:15.973
2807 92 4713 2018-04-11T03:31:15.973
2807 71 4713 2018-04-11T03:31:15.973
4271 241 4714 2018-04-11T17:15:36.797
4271 4 4715 2018-04-11T17:49:23.757
4271 124 4715 2018-04-11T17:49:23.757
4271 4 4716 2018-04-11T17:58:30.707
4271 108 4716 2018-04-11T17:58:30.707
4271 4 4717 2018-04-11T18:18:37.717
4271 77 4717 2018-04-11T18:18:37.717
4271 94 4723 2018-04-12T18:01:19.86
4271 28 4723 2018-04-12T18:01:19.86
4271 15 4723 2018-04-12T18:01:19.86
4271 1 4726 2018-04-12T19:27:19.97
4271 94 4726 2018-04-12T19:27:19.97
4271 232 4726 2018-04-12T19:27:19.97
4271 5 4731 2018-04-14T01:24:07.877
4271 76 4731 2018-04-14T01:24:07.877
4271 23 4731 2018-04-14T01:24:07.877
2807 1 4733 2018-04-16T00:37:50.4
2807 191 4733 2018-04-16T00:37:50.4
4271 1 4741 2018-04-16T17:19:29.74
4271 203 4741 2018-04-16T17:19:29.74
4271 87 4741 2018-04-16T17:19:29.74
4271 262 4741 2018-04-16T17:19:29.74
4271 1 4742 2018-04-16T17:31:52.933
4271 203 4742 2018-04-16T17:31:52.933
4271 65 4742 2018-04-16T17:31:52.933
4271 87 4742 2018-04-16T17:31:52.933
4271 1 4743 2018-04-16T17:49:51.453
4271 92 4743 2018-04-16T17:49:51.453
4271 187 4743 2018-04-16T17:49:51.453
4271 257 4743 2018-04-16T17:49:51.453
4271 1 4749 2018-04-17T15:20:36.663
4271 128 4749 2018-04-17T15:20:36.663
4271 167 4749 2018-04-17T15:20:36.663
4271 1 4752 2018-04-17T16:57:14.64
4271 40 4752 2018-04-17T16:57:14.64
4271 212 4752 2018-04-17T16:57:14.64
4271 213 4752 2018-04-17T16:57:14.64
4271 1 4755 2018-04-18T13:10:39.197
4271 74 4755 2018-04-18T13:10:39.197
4271 175 4755 2018-04-18T13:10:39.197
4271 86 4755 2018-04-18T13:10:39.197
4271 1 4756 2018-04-18T14:01:19.927
4271 263 4756 2018-04-18T14:01:19.927
4271 1 4757 2018-04-18T14:23:04.44
4271 94 4757 2018-04-18T14:23:04.44
4271 263 4757 2018-04-18T14:23:04.44
4271 1 4763 2018-04-19T15:17:48.343
4271 94 4763 2018-04-19T15:17:48.343
4271 189 4763 2018-04-19T15:17:48.343
4271 1 4764 2018-04-19T16:58:12.853
4271 167 4764 2018-04-19T16:58:12.853
4271 259 4764 2018-04-19T16:58:12.853
4271 1 4768 2018-04-19T17:37:27.917
4271 188 4768 2018-04-19T17:37:27.917
4271 53 4768 2018-04-19T17:37:27.917
4271 142 4768 2018-04-19T17:37:27.917
4271 126 4770 2018-04-19T18:18:05.703
4271 1 4772 2018-04-19T19:01:27.957
4271 263 4772 2018-04-19T19:01:27.957
4271 203 4773 2018-04-20T14:22:41.677
4271 141 4773 2018-04-20T14:22:41.677
4271 85 4773 2018-04-20T14:22:41.677
4271 14 4774 2018-04-20T14:55:36.89
4271 84 4774 2018-04-20T14:55:36.89
4987 5 4775 2018-04-20T17:51:11.35
4271 1 4776 2018-04-20T18:52:03.033
4271 62 4776 2018-04-20T18:52:03.033
4271 33 4776 2018-04-20T18:52:03.033
4271 1 4781 2018-04-23T01:50:38.367
4271 167 4781 2018-04-23T01:50:38.367
4992 1 4784 2018-04-23T09:03:31.117
4985 202 4790 2018-04-23T18:38:04.093
4271 5 4793 2018-04-23T21:12:01.507
4271 26 4793 2018-04-23T21:12:01.507
4657 14 4794 2018-04-23T21:23:45.757
4271 1 4795 2018-04-24T13:33:35.18
4271 44 4795 2018-04-24T13:33:35.18
4271 189 4795 2018-04-24T13:33:35.18
4271 53 4795 2018-04-24T13:33:35.18
4271 202 4796 2018-04-24T14:54:08.953
4271 228 4796 2018-04-24T14:54:08.953
4271 94 4797 2018-04-24T15:33:12.193
4271 264 4797 2018-04-24T15:33:12.193
4271 5 4809 2018-04-26T02:26:17.137
4271 14 4809 2018-04-26T02:26:17.137
4271 84 4809 2018-04-26T02:26:17.137
4379 5 4813 2018-04-26T18:08:02.817
4379 37 4813 2018-04-26T18:08:02.817
4379 251 4813 2018-04-26T18:08:02.817
5011 1 4818 2018-04-27T16:23:47.363
5011 85 4818 2018-04-27T16:23:47.363
5011 118 4818 2018-04-27T16:23:47.363
4271 37 4820 2018-04-27T17:13:22.65
4271 180 4820 2018-04-27T17:13:22.65
4271 37 4821 2018-04-27T17:35:39.87
4271 55 4821 2018-04-27T17:35:39.87
4271 8 4821 2018-04-27T17:35:39.87
4271 180 4821 2018-04-27T17:35:39.87
5017 52 4831 2018-04-30T15:39:03.983
5017 11 4831 2018-04-30T15:39:03.983
5017 54 4831 2018-04-30T15:39:03.983
4271 44 4832 2018-04-30T15:51:34.823
4271 52 4832 2018-04-30T15:51:34.823
4271 8 4832 2018-04-30T15:51:34.823
4271 77 4832 2018-04-30T15:51:34.823
4271 1 4834 2018-04-30T17:25:03.087
4271 44 4834 2018-04-30T17:25:03.087
4271 265 4834 2018-04-30T17:25:03.087
4271 1 4835 2018-04-30T17:28:49.053
4271 14 4837 2018-04-30T21:21:01.723
4271 84 4837 2018-04-30T21:21:01.723
4271 224 4837 2018-04-30T21:21:01.723
4271 14 4838 2018-05-01T01:28:27.843
4271 84 4838 2018-05-01T01:28:27.843
4271 1 4841 2018-05-01T14:14:47.37
4271 52 4841 2018-05-01T14:14:47.37
4271 14 4843 2018-05-01T15:50:15.873
4271 40 4843 2018-05-01T15:50:15.873
4271 84 4843 2018-05-01T15:50:15.873
3560 1 4847 2018-05-02T15:01:05.723
3560 7 4847 2018-05-02T15:01:05.723
5023 34 4848 2018-05-02T20:14:26.43
5023 28 4848 2018-05-02T20:14:26.43
5023 40 4848 2018-05-02T20:14:26.43
5023 142 4848 2018-05-02T20:14:26.43
5023 185 4848 2018-05-02T20:14:26.43
4271 1 4850 2018-05-03T19:26:26.343
4271 44 4850 2018-05-03T19:26:26.343
4271 53 4850 2018-05-03T19:26:26.343
4271 1 4851 2018-05-03T19:38:01.697
4271 67 4851 2018-05-03T19:38:01.697
4271 181 4851 2018-05-03T19:38:01.697
4271 1 4853 2018-05-03T22:54:25.193
4271 7 4853 2018-05-03T22:54:25.193
4271 266 4853 2018-05-03T22:54:25.193
4271 1 4854 2018-05-03T23:34:03.213
4271 34 4854 2018-05-03T23:34:03.213
4271 203 4854 2018-05-03T23:34:03.213
4271 65 4854 2018-05-03T23:34:03.213
4271 220 4854 2018-05-03T23:34:03.213
1511 4 4856 2018-05-05T06:30:43.957
1511 35 4856 2018-05-05T06:30:43.957
4271 1 4857 2018-05-05T15:09:23.343
4271 1 4858 2018-05-05T16:13:31.41
4271 88 4858 2018-05-05T16:13:31.41
4271 249 4858 2018-05-05T16:13:31.41
4271 1 4860 2018-05-05T17:03:09.467
4271 34 4860 2018-05-05T17:03:09.467
4271 249 4860 2018-05-05T17:03:09.467
3459 217 4862 2018-05-06T08:51:44.233
4271 1 4864 2018-05-07T02:00:32.08
4271 7 4864 2018-05-07T02:00:32.08
4271 7 4869 2018-05-07T17:09:52.017
4271 14 4869 2018-05-07T17:09:52.017
4271 84 4869 2018-05-07T17:09:52.017
4271 7 4871 2018-05-08T13:32:06.963
4271 14 4871 2018-05-08T13:32:06.963
4271 84 4871 2018-05-08T13:32:06.963
4271 7 4872 2018-05-08T13:58:03.627
4271 14 4872 2018-05-08T13:58:03.627
4271 84 4872 2018-05-08T13:58:03.627
4271 7 4873 2018-05-08T14:25:41.97
4271 14 4873 2018-05-08T14:25:41.97
4271 84 4873 2018-05-08T14:25:41.97
4271 7 4874 2018-05-08T14:55:48.603
4271 14 4874 2018-05-08T14:55:48.603
4271 84 4874 2018-05-08T14:55:48.603
4271 96 4874 2018-05-08T14:55:48.603
4271 7 4875 2018-05-08T15:16:21.557
4271 14 4875 2018-05-08T15:16:21.557
4271 84 4875 2018-05-08T15:16:21.557
4271 7 4876 2018-05-08T16:43:39.187
4271 14 4876 2018-05-08T16:43:39.187
4271 84 4876 2018-05-08T16:43:39.187
4271 14 4879 2018-05-08T17:22:21.513
4271 84 4879 2018-05-08T17:22:21.513
4271 172 4879 2018-05-08T17:22:21.513
4271 1 4881 2018-05-09T00:05:28.62
4271 141 4881 2018-05-09T00:05:28.62
4271 85 4881 2018-05-09T00:05:28.62
4808 61 4882 2018-05-09T03:54:58.567
4808 99 4882 2018-05-09T03:54:58.567
5041 1 4887 2018-05-09T16:58:12.167
5041 37 4887 2018-05-09T16:58:12.167
5041 61 4887 2018-05-09T16:58:12.167
2807 5 4890 2018-05-10T19:28:24.14
2807 52 4890 2018-05-10T19:28:24.14
2807 185 4890 2018-05-10T19:28:24.14
5048 1 4896 2018-05-11T17:30:17.97
5048 7 4896 2018-05-11T17:30:17.97
5048 44 4896 2018-05-11T17:30:17.97
4271 68 4900 2018-05-12T19:39:34.35
4271 88 4900 2018-05-12T19:39:34.35
4271 192 4900 2018-05-12T19:39:34.35
4987 5 4902 2018-05-13T02:54:35.857
5053 1 4903 2018-05-13T05:19:35.097
5053 203 4903 2018-05-13T05:19:35.097
5053 154 4903 2018-05-13T05:19:35.097
5035 61 4905 2018-05-13T05:51:22.837
4271 1 4910 2018-05-13T15:43:04.647
4271 52 4910 2018-05-13T15:43:04.647
4271 85 4910 2018-05-13T15:43:04.647
4271 110 4910 2018-05-13T15:43:04.647
4271 37 4915 2018-05-14T15:10:37.943
4271 180 4915 2018-05-14T15:10:37.943
4271 33 4915 2018-05-14T15:10:37.943
4271 21 4916 2018-05-14T17:26:11.373
4271 17 4916 2018-05-14T17:26:11.373
4271 23 4916 2018-05-14T17:26:11.373
4667 125 4925 2018-05-15T21:45:47.463
4667 183 4925 2018-05-15T21:45:47.463
4667 244 4925 2018-05-15T21:45:47.463
4667 267 4925 2018-05-15T21:45:47.463
4667 268 4925 2018-05-15T21:45:47.463
4271 7 4931 2018-05-17T13:17:00.54
4271 14 4931 2018-05-17T13:17:00.54
4271 84 4931 2018-05-17T13:17:00.54
4271 41 4931 2018-05-17T13:17:00.54
4271 42 4931 2018-05-17T13:17:00.54
2807 1 4938 2018-05-20T00:19:32.62
2807 269 4938 2018-05-20T00:19:32.62
5035 7 4942 2018-05-21T04:23:41.297
5035 109 4942 2018-05-21T04:23:41.297
5035 112 4946 2018-05-22T03:50:32.933
5073 4 4947 2018-05-22T08:52:46.96
5073 82 4947 2018-05-22T08:52:46.96
5073 4 4949 2018-05-22T22:28:19.597
5073 66 4949 2018-05-22T22:28:19.597
5082 28 4954 2018-05-26T06:56:01.007
4271 1 4961 2018-05-30T00:48:59.537
4271 154 4961 2018-05-30T00:48:59.537
4271 88 4961 2018-05-30T00:48:59.537
4271 263 4961 2018-05-30T00:48:59.537
5103 39 4962 2018-05-30T18:25:19.13
2807 1 4969 2018-06-01T14:56:22.67
2807 47 4969 2018-06-01T14:56:22.67
2807 269 4969 2018-06-01T14:56:22.67
3560 19 4972 2018-06-01T21:50:04.433
4271 1 4974 2018-06-02T19:10:56.453
4271 203 4974 2018-06-02T19:10:56.453
4271 141 4974 2018-06-02T19:10:56.453
4271 1 4975 2018-06-02T23:08:08.877
4271 265 4975 2018-06-02T23:08:08.877
5125 7 4987 2018-06-11T18:16:30.897
5134 4 4992 2018-06-14T16:15:09.753
5134 44 4992 2018-06-14T16:15:09.753
4271 1 4998 2018-06-21T21:14:40.54
4271 110 4998 2018-06-21T21:14:40.54
4271 141 4998 2018-06-21T21:14:40.54
4271 165 4998 2018-06-21T21:14:40.54
4271 260 4998 2018-06-21T21:14:40.54
5155 257 5001 2018-06-23T22:00:16.447
3307 38 5005 2018-06-26T18:19:24.927
5172 55 5010 2018-07-01T06:21:00.043
5172 77 5010 2018-07-01T06:21:00.043
5172 270 5010 2018-07-01T06:21:00.043
4271 1 5014 2018-07-05T20:47:29.44
4271 85 5014 2018-07-05T20:47:29.44
4271 110 5014 2018-07-05T20:47:29.44
4271 260 5014 2018-07-05T20:47:29.44
4271 110 5015 2018-07-05T21:00:49.783
4271 92 5015 2018-07-05T21:00:49.783
4271 260 5015 2018-07-05T21:00:49.783
409 4 5018 2018-07-06T22:29:23.6
409 55 5018 2018-07-06T22:29:23.6
5188 7 5019 2018-07-07T19:44:44.803
5193 4 5023 2018-07-09T13:46:11.487
4271 1 5025 2018-07-10T00:25:08.547
4271 92 5025 2018-07-10T00:25:08.547
4271 141 5025 2018-07-10T00:25:08.547
4271 4 5026 2018-07-10T00:43:42.927
4271 5 5026 2018-07-10T00:43:42.927
4271 38 5026 2018-07-10T00:43:42.927
4271 1 5027 2018-07-10T00:57:49.27
4271 104 5027 2018-07-10T00:57:49.27
4271 189 5027 2018-07-10T00:57:49.27
5199 1 5031 2018-07-12T19:59:22.317
5199 5 5031 2018-07-12T19:59:22.317
5199 34 5031 2018-07-12T19:59:22.317
5201 13 5034 2018-07-14T03:07:49.997
5213 1 5038 2018-07-19T04:48:44.183
5213 37 5038 2018-07-19T04:48:44.183
2687 75 5042 2018-07-24T18:00:06.423
2687 43 5042 2018-07-24T18:00:06.423
2687 244 5049 2018-07-28T00:50:40.483
2687 223 5049 2018-07-28T00:50:40.483
5254 94 5054 2018-08-02T20:16:03.597
5254 234 5054 2018-08-02T20:16:03.597
5247 37 5055 2018-08-03T15:28:34.51
5247 81 5055 2018-08-03T15:28:34.51
5255 1 5057 2018-08-03T20:02:39.36
5255 203 5057 2018-08-03T20:02:39.36
5255 154 5057 2018-08-03T20:02:39.36
5260 94 5060 2018-08-06T19:48:30.347
5268 94 5064 2018-08-10T01:33:28.903
5268 40 5064 2018-08-10T01:33:28.903
5268 112 5064 2018-08-10T01:33:28.903
5243 4 5065 2018-08-10T13:00:58.943
5243 257 5065 2018-08-10T13:00:58.943
5283 215 5069 2018-08-14T19:21:57.353
2892 244 5071 2018-08-15T21:37:42.303
5292 94 5077 2018-08-18T14:41:35.583
5292 37 5077 2018-08-18T14:41:35.583
5294 1 5078 2018-08-18T22:54:54.687
5294 7 5078 2018-08-18T22:54:54.687
5294 13 5078 2018-08-18T22:54:54.687
5294 151 5078 2018-08-18T22:54:54.687
5294 222 5078 2018-08-18T22:54:54.687
5093 1 5080 2018-08-19T18:05:50.447
5093 52 5080 2018-08-19T18:05:50.447
5294 194 5082 2018-08-21T06:32:28.277
5294 195 5082 2018-08-21T06:32:28.277
5302 34 5084 2018-08-22T15:57:40.11
5302 39 5084 2018-08-22T15:57:40.11
5302 61 5084 2018-08-22T15:57:40.11
5302 250 5084 2018-08-22T15:57:40.11
5317 4 5089 2018-08-27T19:25:02.787
5317 108 5089 2018-08-27T19:25:02.787
5317 123 5089 2018-08-27T19:25:02.787
5317 124 5089 2018-08-27T19:25:02.787
5317 243 5089 2018-08-27T19:25:02.787
5325 7 5091 2018-08-30T18:53:57.04
5325 37 5091 2018-08-30T18:53:57.04
5325 109 5091 2018-08-30T18:53:57.04
5328 37 5093 2018-08-31T04:00:05.847
5328 188 5093 2018-08-31T04:00:05.847
5328 3 5093 2018-08-31T04:00:05.847
5328 246 5093 2018-08-31T04:00:05.847
5329 110 5094 2018-08-31T21:05:46.647
5329 260 5094 2018-08-31T21:05:46.647
