7 1 1 2018-03-12T17:00:45.567
7 2 1 2018-03-12T17:00:45.567
27 3 3 2018-03-12T17:12:07.927
27 4 3 2018-03-12T17:12:07.927
27 5 3 2018-03-12T17:12:07.927
13 6 4 2018-03-12T17:16:15.717
13 7 4 2018-03-12T17:16:15.717
14 1 6 2018-03-12T17:21:02.42
14 8 6 2018-03-12T17:21:02.42
31 3 7 2018-03-12T17:21:33.72
27 9 8 2018-03-12T17:22:39.4
27 10 8 2018-03-12T17:22:39.4
40 9 12 2018-03-12T17:36:27.727
40 1 12 2018-03-12T17:36:27.727
40 11 12 2018-03-12T17:36:27.727
40 12 12 2018-03-12T17:36:27.727
27 9 20 2018-03-12T18:02:31.377
27 13 20 2018-03-12T18:02:31.377
61 9 21 2018-03-12T18:04:22.563
61 14 21 2018-03-12T18:04:22.563
61 15 21 2018-03-12T18:04:22.563
45 1 23 2018-03-12T18:12:22.42
71 9 26 2018-03-12T18:22:45.063
67 6 39 2018-03-12T19:10:23.483
67 16 39 2018-03-12T19:10:23.483
67 17 39 2018-03-12T19:10:23.483
91 18 41 2018-03-12T19:53:58.863
91 19 41 2018-03-12T19:53:58.863
91 20 41 2018-03-12T19:53:58.863
99 9 49 2018-03-12T20:19:27.003
99 21 49 2018-03-12T20:19:27.003
99 22 49 2018-03-12T20:19:27.003
99 23 49 2018-03-12T20:19:27.003
99 1 50 2018-03-12T20:25:01.51
99 24 50 2018-03-12T20:25:01.51
99 8 50 2018-03-12T20:25:01.51
82 3 53 2018-03-12T20:32:49.977
82 25 53 2018-03-12T20:32:49.977
82 26 53 2018-03-12T20:32:49.977
91 6 61 2018-03-13T00:50:59.097
91 27 61 2018-03-13T00:50:59.097
91 28 61 2018-03-13T00:50:59.097
91 29 61 2018-03-13T00:50:59.097
137 9 63 2018-03-13T06:40:05.623
137 6 63 2018-03-13T06:40:05.623
137 30 63 2018-03-13T06:40:05.623
138 31 64 2018-03-13T07:06:51.7
138 32 65 2018-03-13T07:12:53.293
138 33 65 2018-03-13T07:12:53.293
26 30 69 2018-03-13T10:05:43.737
18 4 70 2018-03-13T10:12:45.07
18 34 70 2018-03-13T10:12:45.07
18 35 70 2018-03-13T10:12:45.07
18 36 70 2018-03-13T10:12:45.07
144 37 74 2018-03-13T11:07:05.207
144 18 74 2018-03-13T11:07:05.207
104 16 75 2018-03-13T13:24:24.397
104 30 75 2018-03-13T13:24:24.397
104 17 75 2018-03-13T13:24:24.397
162 38 91 2018-03-13T17:21:04.793
91 16 97 2018-03-14T01:32:52.57
91 30 97 2018-03-14T01:32:52.57
58 9 105 2018-03-14T14:58:46.433
58 18 105 2018-03-14T14:58:46.433
58 39 105 2018-03-14T14:58:46.433
11 6 112 2018-03-14T19:59:21.727
55 40 115 2018-03-14T20:48:23.707
26 9 117 2018-03-14T21:54:25.037
26 27 117 2018-03-14T21:54:25.037
26 18 117 2018-03-14T21:54:25.037
26 19 117 2018-03-14T21:54:25.037
236 23 121 2018-03-15T00:02:12.367
236 22 121 2018-03-15T00:02:12.367
236 41 121 2018-03-15T00:02:12.367
91 22 126 2018-03-15T06:17:50.517
91 32 126 2018-03-15T06:17:50.517
91 42 126 2018-03-15T06:17:50.517
26 7 131 2018-03-15T10:58:34.123
26 43 131 2018-03-15T10:58:34.123
55 32 133 2018-03-15T13:27:54.457
55 22 133 2018-03-15T13:27:54.457
55 4 135 2018-03-15T13:58:19.72
55 32 135 2018-03-15T13:58:19.72
91 7 136 2018-03-15T15:02:47.357
91 44 136 2018-03-15T15:02:47.357
91 43 136 2018-03-15T15:02:47.357
248 32 137 2018-03-15T15:12:04.687
248 3 137 2018-03-15T15:12:04.687
248 4 137 2018-03-15T15:12:04.687
248 5 137 2018-03-15T15:12:04.687
104 3 142 2018-03-15T19:10:27.307
104 5 142 2018-03-15T19:10:27.307
23 45 162 2018-03-16T01:10:30.233
23 46 162 2018-03-16T01:10:30.233
23 47 162 2018-03-16T01:10:30.233
23 48 162 2018-03-16T01:10:30.233
261 9 163 2018-03-16T05:43:16.65
261 1 163 2018-03-16T05:43:16.65
261 21 163 2018-03-16T05:43:16.65
253 21 171 2018-03-16T17:35:59.37
253 22 171 2018-03-16T17:35:59.37
253 23 171 2018-03-16T17:35:59.37
253 24 171 2018-03-16T17:35:59.37
253 39 171 2018-03-16T17:35:59.37
55 4 175 2018-03-17T02:26:32.157
55 41 175 2018-03-17T02:26:32.157
55 42 175 2018-03-17T02:26:32.157
26 7 177 2018-03-17T06:30:57.343
26 49 177 2018-03-17T06:30:57.343
261 9 180 2018-03-17T11:19:10.62
261 18 180 2018-03-17T11:19:10.62
144 1 1182 2018-03-17T14:03:05.84
144 6 1182 2018-03-17T14:03:05.84
31 6 1185 2018-03-18T02:05:19.633
31 7 1185 2018-03-18T02:05:19.633
31 41 1185 2018-03-18T02:05:19.633
31 50 1185 2018-03-18T02:05:19.633
253 42 1192 2018-03-18T21:53:20.003
253 21 1192 2018-03-18T21:53:20.003
253 24 1192 2018-03-18T21:53:20.003
92 9 1195 2018-03-19T02:39:58.017
92 40 1195 2018-03-19T02:39:58.017
236 32 1196 2018-03-19T05:50:31.297
236 16 1196 2018-03-19T05:50:31.297
236 51 1196 2018-03-19T05:50:31.297
236 52 1196 2018-03-19T05:50:31.297
91 29 1206 2018-03-19T16:31:15.507
91 44 1206 2018-03-19T16:31:15.507
320 9 1208 2018-03-19T18:06:32.863
320 53 1208 2018-03-19T18:06:32.863
320 54 1208 2018-03-19T18:06:32.863
104 30 1213 2018-03-19T23:00:47.297
104 50 1213 2018-03-19T23:00:47.297
104 17 1213 2018-03-19T23:00:47.297
104 55 1213 2018-03-19T23:00:47.297
13 29 1221 2018-03-20T07:41:17.38
13 44 1221 2018-03-20T07:41:17.38
346 32 1222 2018-03-20T07:52:06.983
346 56 1222 2018-03-20T07:52:06.983
377 1 1225 2018-03-20T18:46:10.267
377 7 1225 2018-03-20T18:46:10.267
377 32 1225 2018-03-20T18:46:10.267
377 42 1225 2018-03-20T18:46:10.267
278 9 1226 2018-03-21T00:20:54.037
278 16 1226 2018-03-21T00:20:54.037
278 17 1226 2018-03-21T00:20:54.037
395 9 1228 2018-03-21T02:15:23.523
395 1 1228 2018-03-21T02:15:23.523
11 57 1235 2018-03-21T10:00:08.307
13 6 1236 2018-03-21T10:14:14.44
13 7 1236 2018-03-21T10:14:14.44
13 15 1236 2018-03-21T10:14:14.44
253 9 1244 2018-03-21T12:14:12.267
253 40 1244 2018-03-21T12:14:12.267
253 8 1244 2018-03-21T12:14:12.267
99 58 1247 2018-03-21T13:37:14.543
99 59 1247 2018-03-21T13:37:14.543
55 18 1255 2018-03-21T23:09:07.573
55 60 1255 2018-03-21T23:09:07.573
55 7 1262 2018-03-22T11:54:59.12
55 18 1262 2018-03-22T11:54:59.12
55 55 1262 2018-03-22T11:54:59.12
54 9 1263 2018-03-22T12:19:53.04
54 6 1263 2018-03-22T12:19:53.04
54 15 1263 2018-03-22T12:19:53.04
253 42 1265 2018-03-22T14:26:11.617
253 9 1269 2018-03-22T21:35:42.92
253 21 1269 2018-03-22T21:35:42.92
253 23 1269 2018-03-22T21:35:42.92
253 58 1269 2018-03-22T21:35:42.92
278 9 1271 2018-03-23T04:54:39.233
278 18 1271 2018-03-23T04:54:39.233
278 2 1271 2018-03-23T04:54:39.233
253 42 1276 2018-03-23T10:28:15.81
253 32 1276 2018-03-23T10:28:15.81
253 21 1276 2018-03-23T10:28:15.81
26 7 1280 2018-03-23T11:12:37.637
26 7 1285 2018-03-23T19:56:19.33
26 50 1285 2018-03-23T19:56:19.33
26 55 1285 2018-03-23T19:56:19.33
26 9 1289 2018-03-24T05:37:07.873
26 6 1289 2018-03-24T05:37:07.873
26 18 1289 2018-03-24T05:37:07.873
11 9 1292 2018-03-24T20:08:35.513
11 37 1292 2018-03-24T20:08:35.513
11 39 1292 2018-03-24T20:08:35.513
11 57 1292 2018-03-24T20:08:35.513
138 6 1302 2018-03-24T23:57:37.393
138 29 1302 2018-03-24T23:57:37.393
138 44 1302 2018-03-24T23:57:37.393
138 60 1302 2018-03-24T23:57:37.393
377 7 1303 2018-03-25T01:02:30.473
377 29 1303 2018-03-25T01:02:30.473
377 61 1303 2018-03-25T01:02:30.473
82 42 1323 2018-03-25T16:29:37.42
82 3 1323 2018-03-25T16:29:37.42
82 62 1323 2018-03-25T16:29:37.42
82 63 1323 2018-03-25T16:29:37.42
91 40 1327 2018-03-25T17:45:24.167
91 24 1327 2018-03-25T17:45:24.167
91 27 1328 2018-03-25T17:49:50.387
91 39 1328 2018-03-25T17:49:50.387
91 28 1328 2018-03-25T17:49:50.387
278 6 1339 2018-03-26T02:22:40.907
278 18 1339 2018-03-26T02:22:40.907
278 30 1339 2018-03-26T02:22:40.907
278 44 1339 2018-03-26T02:22:40.907
543 9 1341 2018-03-26T10:49:31.487
543 6 1341 2018-03-26T10:49:31.487
543 32 1341 2018-03-26T10:49:31.487
104 7 1344 2018-03-26T15:37:09.23
104 41 1344 2018-03-26T15:37:09.23
104 50 1344 2018-03-26T15:37:09.23
104 55 1344 2018-03-26T15:37:09.23
253 32 1353 2018-03-26T16:41:12.75
253 42 1353 2018-03-26T16:41:12.75
253 21 1353 2018-03-26T16:41:12.75
253 24 1353 2018-03-26T16:41:12.75
55 7 1356 2018-03-27T17:09:15.597
55 16 1356 2018-03-27T17:09:15.597
55 17 1356 2018-03-27T17:09:15.597
551 32 1359 2018-03-27T20:34:12.867
551 4 1359 2018-03-27T20:34:12.867
551 35 1359 2018-03-27T20:34:12.867
673 37 1360 2018-03-27T21:49:18.28
253 3 1364 2018-03-28T05:59:41.467
253 5 1364 2018-03-28T05:59:41.467
769 29 1365 2018-03-28T06:05:23.49
769 64 1365 2018-03-28T06:05:23.49
769 9 1366 2018-03-28T06:19:29.607
769 1 1366 2018-03-28T06:19:29.607
769 11 1366 2018-03-28T06:19:29.607
769 9 1367 2018-03-28T06:32:28.333
769 65 1367 2018-03-28T06:32:28.333
769 66 1367 2018-03-28T06:32:28.333
609 48 1374 2018-03-28T07:30:39.697
609 67 1374 2018-03-28T07:30:39.697
747 3 1376 2018-03-28T08:15:48.983
747 5 1376 2018-03-28T08:15:48.983
747 62 1376 2018-03-28T08:15:48.983
842 9 1383 2018-03-28T11:49:43.077
842 6 1383 2018-03-28T11:49:43.077
253 42 1385 2018-03-28T12:22:51.887
253 4 1385 2018-03-28T12:22:51.887
253 68 1385 2018-03-28T12:22:51.887
609 9 1390 2018-03-28T14:50:42.507
609 6 1390 2018-03-28T14:50:42.507
609 18 1390 2018-03-28T14:50:42.507
1044 42 1404 2018-03-28T19:04:30.763
1044 53 1404 2018-03-28T19:04:30.763
1044 69 1404 2018-03-28T19:04:30.763
1044 70 1404 2018-03-28T19:04:30.763
1039 29 1410 2018-03-28T19:32:31.093
528 59 1413 2018-03-28T19:39:49.517
983 9 1416 2018-03-28T20:12:03.88
983 42 1416 2018-03-28T20:12:03.88
983 30 1416 2018-03-28T20:12:03.88
983 71 1416 2018-03-28T20:12:03.88
580 42 1419 2018-03-28T21:19:07.08
580 68 1419 2018-03-28T21:19:07.08
91 9 1426 2018-03-28T22:32:44.897
91 18 1426 2018-03-28T22:32:44.897
91 39 1426 2018-03-28T22:32:44.897
91 72 1426 2018-03-28T22:32:44.897
91 73 1426 2018-03-28T22:32:44.897
1086 9 1428 2018-03-28T23:25:26.58
1086 6 1428 2018-03-28T23:25:26.58
1086 21 1428 2018-03-28T23:25:26.58
1086 23 1428 2018-03-28T23:25:26.58
673 9 1429 2018-03-28T23:26:41.12
673 37 1429 2018-03-28T23:26:41.12
673 74 1429 2018-03-28T23:26:41.12
1115 9 1437 2018-03-29T04:49:20.043
1115 23 1437 2018-03-29T04:49:20.043
429 23 1439 2018-03-29T05:32:43.053
429 22 1439 2018-03-29T05:32:43.053
58 1 1440 2018-03-29T06:51:03.897
58 58 1440 2018-03-29T06:51:03.897
58 66 1440 2018-03-29T06:51:03.897
58 42 1441 2018-03-29T07:16:45.1
58 62 1441 2018-03-29T07:16:45.1
58 75 1441 2018-03-29T07:16:45.1
58 63 1441 2018-03-29T07:16:45.1
1165 42 1448 2018-03-29T09:27:19.713
409 23 1451 2018-03-29T10:43:05.193
409 66 1451 2018-03-29T10:43:05.193
55 9 1457 2018-03-29T13:53:17.543
55 18 1457 2018-03-29T13:53:17.543
55 39 1457 2018-03-29T13:53:17.543
55 72 1457 2018-03-29T13:53:17.543
580 76 1461 2018-03-29T16:54:30.243
580 64 1461 2018-03-29T16:54:30.243
609 67 1462 2018-03-29T16:59:39.067
609 77 1462 2018-03-29T16:59:39.067
609 78 1462 2018-03-29T16:59:39.067
26 6 1468 2018-03-29T18:38:00.123
26 77 1468 2018-03-29T18:38:00.123
253 6 1471 2018-03-29T19:15:12.063
253 16 1471 2018-03-29T19:15:12.063
253 79 1471 2018-03-29T19:15:12.063
1280 9 1472 2018-03-29T19:22:49.07
1280 33 1472 2018-03-29T19:22:49.07
1289 66 1474 2018-03-29T19:39:56.853
1287 42 1478 2018-03-29T20:26:16.033
1287 1 1478 2018-03-29T20:26:16.033
1287 65 1478 2018-03-29T20:26:16.033
1346 53 1485 2018-03-30T04:12:01.383
1346 80 1485 2018-03-30T04:12:01.383
1348 9 1486 2018-03-30T04:18:50.047
1348 18 1486 2018-03-30T04:18:50.047
1348 21 1486 2018-03-30T04:18:50.047
1346 24 1487 2018-03-30T04:46:38.663
1348 3 1488 2018-03-30T04:48:01.183
1348 5 1488 2018-03-30T04:48:01.183
1346 24 1489 2018-03-30T05:14:41.02
1346 66 1489 2018-03-30T05:14:41.02
1115 6 1490 2018-03-30T05:36:52.24
1115 76 1490 2018-03-30T05:36:52.24
1115 36 1490 2018-03-30T05:36:52.24
609 9 1500 2018-03-30T09:01:15.557
609 18 1500 2018-03-30T09:01:15.557
609 23 1500 2018-03-30T09:01:15.557
1355 9 1508 2018-03-30T11:30:38.67
1355 24 1508 2018-03-30T11:30:38.67
1355 37 1508 2018-03-30T11:30:38.67
1355 2 1508 2018-03-30T11:30:38.67
55 7 1509 2018-03-30T11:45:20.377
55 81 1509 2018-03-30T11:45:20.377
580 42 1514 2018-03-30T13:40:07.423
580 32 1514 2018-03-30T13:40:07.423
1437 9 1515 2018-03-30T14:12:09.133
1437 18 1515 2018-03-30T14:12:09.133
1437 23 1515 2018-03-30T14:12:09.133
1437 19 1515 2018-03-30T14:12:09.133
1346 48 1517 2018-03-30T14:29:03.303
1346 82 1517 2018-03-30T14:29:03.303
1346 83 1517 2018-03-30T14:29:03.303
1346 66 1519 2018-03-30T15:27:57.613
1234 18 1522 2018-03-30T23:12:48.783
1234 7 1522 2018-03-30T23:12:48.783
1234 50 1522 2018-03-30T23:12:48.783
1234 84 1522 2018-03-30T23:12:48.783
1589 41 1527 2018-03-31T13:47:03.78
1589 38 1527 2018-03-31T13:47:03.78
55 6 1529 2018-03-31T16:20:43.957
55 18 1529 2018-03-31T16:20:43.957
55 19 1529 2018-03-31T16:20:43.957
55 7 1531 2018-03-31T18:19:41.093
55 81 1531 2018-03-31T18:19:41.093
1658 42 1534 2018-04-01T03:53:27.287
1658 32 1534 2018-04-01T03:53:27.287
1658 22 1534 2018-04-01T03:53:27.287
1658 85 1534 2018-04-01T03:53:27.287
1663 6 1536 2018-04-01T04:26:16.58
1663 7 1536 2018-04-01T04:26:16.58
1678 15 1542 2018-04-01T09:53:46.993
1678 16 1542 2018-04-01T09:53:46.993
1039 16 1548 2018-04-01T12:22:37.357
11 9 1549 2018-04-01T12:27:24.017
11 6 1549 2018-04-01T12:27:24.017
11 18 1549 2018-04-01T12:27:24.017
11 67 1549 2018-04-01T12:27:24.017
11 40 1549 2018-04-01T12:27:24.017
1153 42 1552 2018-04-01T12:38:55.04
1153 32 1552 2018-04-01T12:38:55.04
1153 4 1552 2018-04-01T12:38:55.04
1678 15 1554 2018-04-01T14:34:13.61
1658 42 1558 2018-04-01T21:25:07.217
1658 32 1558 2018-04-01T21:25:07.217
1658 22 1558 2018-04-01T21:25:07.217
1658 24 1558 2018-04-01T21:25:07.217
1341 42 1560 2018-04-02T00:44:12.713
1341 32 1560 2018-04-02T00:44:12.713
1039 42 1568 2018-04-02T14:39:19.6
1039 7 1568 2018-04-02T14:39:19.6
1039 86 1568 2018-04-02T14:39:19.6
1658 9 1570 2018-04-02T21:14:13.097
1658 66 1570 2018-04-02T21:14:13.097
1658 65 1570 2018-04-02T21:14:13.097
1386 22 1577 2018-04-03T13:23:59.997
1386 37 1577 2018-04-03T13:23:59.997
1386 87 1577 2018-04-03T13:23:59.997
245 9 1580 2018-04-03T18:40:26.3
245 37 1580 2018-04-03T18:40:26.3
245 50 1580 2018-04-03T18:40:26.3
245 19 1580 2018-04-03T18:40:26.3
409 7 1581 2018-04-03T22:02:33.58
409 38 1581 2018-04-03T22:02:33.58
1185 9 1584 2018-04-04T06:17:09.467
1185 42 1584 2018-04-04T06:17:09.467
1185 32 1584 2018-04-04T06:17:09.467
1185 4 1584 2018-04-04T06:17:09.467
144 6 1588 2018-04-04T10:49:17.64
144 41 1588 2018-04-04T10:49:17.64
144 44 1588 2018-04-04T10:49:17.64
124 22 1595 2018-04-04T19:18:22.41
124 87 1595 2018-04-04T19:18:22.41
1346 42 1598 2018-04-05T01:34:23.26
1346 4 1598 2018-04-05T01:34:23.26
1346 85 1598 2018-04-05T01:34:23.26
1346 88 1598 2018-04-05T01:34:23.26
278 9 1602 2018-04-05T07:54:31.16
278 18 1602 2018-04-05T07:54:31.16
278 21 1602 2018-04-05T07:54:31.16
278 77 1602 2018-04-05T07:54:31.16
253 42 1609 2018-04-05T13:04:02.313
253 4 1609 2018-04-05T13:04:02.313
1658 32 1612 2018-04-05T17:11:12.98
1658 4 1612 2018-04-05T17:11:12.98
1658 24 1612 2018-04-05T17:11:12.98
253 42 1613 2018-04-05T17:36:59.923
253 68 1613 2018-04-05T17:36:59.923
1837 1 1620 2018-04-06T09:01:35.267
1837 21 1620 2018-04-06T09:01:35.267
1837 13 1620 2018-04-06T09:01:35.267
1850 9 1621 2018-04-06T13:40:02.57
1850 40 1621 2018-04-06T13:40:02.57
1869 9 1622 2018-04-06T16:35:16.583
1869 18 1622 2018-04-06T16:35:16.583
1874 29 1629 2018-04-07T09:50:58.21
1875 6 1631 2018-04-07T10:41:55.107
1875 15 1631 2018-04-07T10:41:55.107
1847 42 1634 2018-04-07T17:51:30.817
1847 18 1634 2018-04-07T17:51:30.817
1847 39 1634 2018-04-07T17:51:30.817
1847 67 1634 2018-04-07T17:51:30.817
1346 23 1635 2018-04-07T18:07:42.913
1346 22 1635 2018-04-07T18:07:42.913
1346 80 1635 2018-04-07T18:07:42.913
1847 42 1642 2018-04-08T20:53:56.737
1847 18 1642 2018-04-08T20:53:56.737
1847 7 1642 2018-04-08T20:53:56.737
1894 18 1648 2018-04-09T07:15:14.043
1894 89 1648 2018-04-09T07:15:14.043
1894 90 1648 2018-04-09T07:15:14.043
1847 42 1654 2018-04-09T18:37:41.83
1847 7 1654 2018-04-09T18:37:41.83
1847 41 1654 2018-04-09T18:37:41.83
429 64 1657 2018-04-10T00:46:03.353
429 82 1657 2018-04-10T00:46:03.353
429 36 1657 2018-04-10T00:46:03.353
58 42 1660 2018-04-10T13:33:34.807
58 4 1660 2018-04-10T13:33:34.807
58 35 1660 2018-04-10T13:33:34.807
82 42 1663 2018-04-10T16:16:02.317
82 15 1663 2018-04-10T16:16:02.317
82 64 1663 2018-04-10T16:16:02.317
82 83 1663 2018-04-10T16:16:02.317
58 42 1664 2018-04-10T16:34:37.553
58 4 1664 2018-04-10T16:34:37.553
1919 6 1667 2018-04-10T18:24:33.557
1919 29 1667 2018-04-10T18:24:33.557
1919 38 1667 2018-04-10T18:24:33.557
409 23 1674 2018-04-11T09:30:04.06
409 41 1674 2018-04-11T09:30:04.06
409 50 1674 2018-04-11T09:30:04.06
1837 42 1677 2018-04-11T10:12:04.333
1837 32 1677 2018-04-11T10:12:04.333
1837 23 1677 2018-04-11T10:12:04.333
1837 50 1677 2018-04-11T10:12:04.333
1930 42 1678 2018-04-11T10:30:55.527
1930 65 1678 2018-04-11T10:30:55.527
1930 66 1678 2018-04-11T10:30:55.527
1931 5 1679 2018-04-11T10:37:54.783
144 4 1680 2018-04-11T11:02:45.863
144 65 1680 2018-04-11T11:02:45.863
1931 6 1687 2018-04-12T19:23:47.013
1931 45 1687 2018-04-12T19:23:47.013
1847 9 1690 2018-04-13T04:40:30.14
1847 18 1690 2018-04-13T04:40:30.14
1847 39 1690 2018-04-13T04:40:30.14
1955 9 1696 2018-04-13T09:14:15.857
1955 41 1696 2018-04-13T09:14:15.857
1847 18 1700 2018-04-13T16:14:55.53
1847 15 1700 2018-04-13T16:14:55.53
1847 40 1700 2018-04-13T16:14:55.53
1847 89 1700 2018-04-13T16:14:55.53
1847 18 1701 2018-04-13T16:17:00.647
1847 15 1701 2018-04-13T16:17:00.647
1847 67 1701 2018-04-13T16:17:00.647
1847 89 1701 2018-04-13T16:17:00.647
26 42 1710 2018-04-15T06:45:54.14
26 41 1710 2018-04-15T06:45:54.14
26 91 1710 2018-04-15T06:45:54.14
1931 18 1715 2018-04-15T09:37:38.783
1931 6 1715 2018-04-15T09:37:38.783
1931 7 1715 2018-04-15T09:37:38.783
253 9 1716 2018-04-15T09:47:10.927
253 24 1716 2018-04-15T09:47:10.927
1847 18 1717 2018-04-15T10:50:59.103
1847 15 1717 2018-04-15T10:50:59.103
1847 39 1717 2018-04-15T10:50:59.103
1644 42 1789 2018-04-15T22:16:34.56
1931 6 1792 2018-04-16T09:25:48.237
1931 7 1792 2018-04-16T09:25:48.237
253 9 1794 2018-04-16T10:56:52.61
253 74 1794 2018-04-16T10:56:52.61
253 16 1794 2018-04-16T10:56:52.61
1955 42 1796 2018-04-16T13:18:45.773
1955 39 1796 2018-04-16T13:18:45.773
528 38 1799 2018-04-16T21:26:17.25
528 16 1799 2018-04-16T21:26:17.25
119 1 1802 2018-04-17T01:17:41.923
1348 9 1803 2018-04-17T02:37:03.897
1348 24 1803 2018-04-17T02:37:03.897
1348 57 1803 2018-04-17T02:37:03.897
1348 73 1803 2018-04-17T02:37:03.897
144 7 1806 2018-04-17T07:44:02.087
144 41 1806 2018-04-17T07:44:02.087
144 48 1806 2018-04-17T07:44:02.087
1931 9 1807 2018-04-17T08:15:49.98
1931 6 1807 2018-04-17T08:15:49.98
1931 7 1807 2018-04-17T08:15:49.98
1931 27 1807 2018-04-17T08:15:49.98
1955 9 1815 2018-04-17T09:27:11.62
1955 42 1815 2018-04-17T09:27:11.62
1955 32 1815 2018-04-17T09:27:11.62
2015 16 1817 2018-04-17T13:42:56.093
2015 92 1817 2018-04-17T13:42:56.093
2015 36 1822 2018-04-17T18:44:52.797
2015 16 1822 2018-04-17T18:44:52.797
2015 92 1822 2018-04-17T18:44:52.797
2032 15 1825 2018-04-17T19:39:44.59
2032 48 1825 2018-04-17T19:39:44.59
2047 48 1826 2018-04-16T11:17:08.78
1931 42 1832 2018-04-18T11:22:54.807
1931 4 1832 2018-04-18T11:22:54.807
1931 35 1832 2018-04-18T11:22:54.807
1955 9 1836 2018-04-18T16:22:20.833
1955 42 1836 2018-04-18T16:22:20.833
1955 18 1836 2018-04-18T16:22:20.833
1955 69 1836 2018-04-18T16:22:20.833
1955 15 1840 2018-04-19T11:06:14.907
1955 67 1840 2018-04-19T11:06:14.907
2060 9 1841 2018-04-19T13:36:02.28
2060 6 1841 2018-04-19T13:36:02.28
2060 7 1841 2018-04-19T13:36:02.28
2060 15 1841 2018-04-19T13:36:02.28
1931 9 1842 2018-04-19T13:53:43.727
1931 18 1842 2018-04-19T13:53:43.727
1931 89 1842 2018-04-19T13:53:43.727
2061 16 1845 2018-04-19T16:50:05.38
2074 9 1850 2018-04-21T06:05:36.383
429 15 1851 2018-04-21T09:14:33.29
429 4 1851 2018-04-21T09:14:33.29
429 93 1851 2018-04-21T09:14:33.29
1847 18 1854 2018-04-21T10:26:07.993
1847 39 1854 2018-04-21T10:26:07.993
1847 67 1854 2018-04-21T10:26:07.993
1847 94 1854 2018-04-21T10:26:07.993
1847 95 1854 2018-04-21T10:26:07.993
2015 6 1855 2018-04-21T11:24:29.037
2015 36 1855 2018-04-21T11:24:29.037
2015 17 1858 2018-04-21T14:08:23.203
1931 6 1860 2018-04-21T20:07:52.027
1931 29 1860 2018-04-21T20:07:52.027
1931 77 1860 2018-04-21T20:07:52.027
2080 30 1861 2018-04-21T20:29:23.433
2080 44 1861 2018-04-21T20:29:23.433
1847 39 1867 2018-04-22T09:14:27.913
1847 36 1867 2018-04-22T09:14:27.913
1847 77 1867 2018-04-22T09:14:27.913
1589 42 1869 2018-04-22T15:26:58.737
1589 6 1869 2018-04-22T15:26:58.737
1589 7 1869 2018-04-22T15:26:58.737
1589 38 1869 2018-04-22T15:26:58.737
72 44 1870 2018-04-22T15:43:42.417
72 48 1870 2018-04-22T15:43:42.417
72 36 1870 2018-04-22T15:43:42.417
2098 7 1875 2018-04-22T17:24:34.22
2098 1 1875 2018-04-22T17:24:34.22
2098 55 1875 2018-04-22T17:24:34.22
2098 1 1877 2018-04-22T18:06:45.973
2098 36 1877 2018-04-22T18:06:45.973
1847 18 1880 2018-04-23T05:54:38.4
1847 39 1880 2018-04-23T05:54:38.4
1847 67 1880 2018-04-23T05:54:38.4
1847 89 1880 2018-04-23T05:54:38.4
2015 6 1881 2018-04-23T07:40:11.19
2015 36 1881 2018-04-23T07:40:11.19
2015 91 1881 2018-04-23T07:40:11.19
1847 9 1885 2018-04-23T10:17:42.513
1847 36 1885 2018-04-23T10:17:42.513
1955 42 1887 2018-04-23T13:05:09.393
1955 9 1887 2018-04-23T13:05:09.393
1955 90 1887 2018-04-23T13:05:09.393
1955 95 1887 2018-04-23T13:05:09.393
1894 6 1889 2018-04-23T14:22:21.42
1894 29 1889 2018-04-23T14:22:21.42
1894 60 1889 2018-04-23T14:22:21.42
72 6 1890 2018-04-23T14:33:21.52
72 36 1890 2018-04-23T14:33:21.52
72 64 1890 2018-04-23T14:33:21.52
528 36 1894 2018-04-23T20:07:53.377
528 44 1894 2018-04-23T20:07:53.377
2160 6 1895 2018-04-23T20:55:01.63
2160 15 1895 2018-04-23T20:55:01.63
429 42 1899 2018-04-24T05:47:24.78
429 93 1899 2018-04-24T05:47:24.78
429 96 1899 2018-04-24T05:47:24.78
2005 65 1905 2018-04-24T11:54:45.1
2005 96 1905 2018-04-24T11:54:45.1
72 7 1909 2018-04-24T16:35:06.12
72 64 1909 2018-04-24T16:35:06.12
72 43 1909 2018-04-24T16:35:06.12
2015 15 1911 2018-04-24T18:07:35.513
2201 9 1914 2018-04-25T03:53:41.47
2201 6 1914 2018-04-25T03:53:41.47
2201 29 1914 2018-04-25T03:53:41.47
1847 18 1917 2018-04-25T07:57:56
1847 39 1917 2018-04-25T07:57:56
1847 89 1917 2018-04-25T07:57:56
1847 65 1918 2018-04-25T10:44:11.683
1847 66 1918 2018-04-25T10:44:11.683
72 48 1920 2018-04-25T11:32:49.613
72 97 1920 2018-04-25T11:32:49.613
1955 9 1924 2018-04-25T15:27:01.15
1955 89 1924 2018-04-25T15:27:01.15
2209 42 1926 2018-04-25T16:31:31.26
2209 66 1926 2018-04-25T16:31:31.26
2209 65 1926 2018-04-25T16:31:31.26
72 6 1929 2018-04-26T09:23:24.41
72 29 1929 2018-04-26T09:23:24.41
72 38 1929 2018-04-26T09:23:24.41
72 61 1929 2018-04-26T09:23:24.41
72 38 1931 2018-04-26T12:10:43.443
72 64 1931 2018-04-26T12:10:43.443
2136 22 1937 2018-04-27T08:10:17.447
2136 87 1937 2018-04-27T08:10:17.447
2015 68 1939 2018-04-27T09:58:07.37
253 42 1940 2018-04-27T10:01:11.743
253 4 1940 2018-04-27T10:01:11.743
2032 44 1945 2018-04-27T17:53:00.17
2032 48 1945 2018-04-27T17:53:00.17
429 23 1952 2018-04-28T04:26:08.697
429 22 1952 2018-04-28T04:26:08.697
429 87 1952 2018-04-28T04:26:08.697
2060 15 1955 2018-04-28T09:40:25.543
2060 61 1955 2018-04-28T09:40:25.543
2060 12 1955 2018-04-28T09:40:25.543
2260 44 1958 2018-04-30T04:17:42.94
2015 16 1961 2018-04-30T11:49:30.383
2100 42 1965 2018-04-30T22:44:39.17
1847 29 1966 2018-05-01T06:51:41.983
1847 30 1966 2018-05-01T06:51:41.983
1847 60 1966 2018-05-01T06:51:41.983
1847 98 1966 2018-05-01T06:51:41.983
26 42 1967 2018-05-01T12:34:54.377
26 68 1967 2018-05-01T12:34:54.377
2287 9 1973 2018-05-01T19:27:39.14
2287 66 1973 2018-05-01T19:27:39.14
1346 42 1974 2018-05-01T21:06:11.837
2290 6 1976 2018-05-01T21:55:31.737
2290 29 1976 2018-05-01T21:55:31.737
2290 97 1976 2018-05-01T21:55:31.737
26 48 1988 2018-05-03T09:10:56.473
26 99 1988 2018-05-03T09:10:56.473
26 100 1988 2018-05-03T09:10:56.473
55 42 1999 2018-05-03T19:38:39.93
55 32 1999 2018-05-03T19:38:39.93
55 101 1999 2018-05-03T19:38:39.93
1837 42 2004 2018-05-04T10:49:03.16
1837 68 2004 2018-05-04T10:49:03.16
2215 9 2007 2018-05-04T17:45:18.863
2215 1 2007 2018-05-04T17:45:18.863
2215 37 2007 2018-05-04T17:45:18.863
699 42 2009 2018-05-05T19:02:59.153
699 71 2009 2018-05-05T19:02:59.153
1847 18 2012 2018-05-07T05:30:05.307
1847 39 2012 2018-05-07T05:30:05.307
1847 89 2012 2018-05-07T05:30:05.307
1847 16 2012 2018-05-07T05:30:05.307
506 15 2013 2018-05-07T15:19:40.753
506 48 2013 2018-05-07T15:19:40.753
506 65 2013 2018-05-07T15:19:40.753
1254 9 2017 2018-05-09T16:56:13.163
1254 18 2017 2018-05-09T16:56:13.163
1847 9 2020 2018-05-09T22:24:01.733
1847 27 2020 2018-05-09T22:24:01.733
1847 102 2020 2018-05-09T22:24:01.733
409 15 2028 2018-05-11T14:47:33.197
409 29 2028 2018-05-11T14:47:33.197
409 80 2028 2018-05-11T14:47:33.197
409 103 2028 2018-05-11T14:47:33.197
409 104 2028 2018-05-11T14:47:33.197
26 74 2030 2018-05-11T15:17:18.643
26 105 2030 2018-05-11T15:17:18.643
1847 6 2035 2018-05-12T17:34:38.4
1847 30 2035 2018-05-12T17:34:38.4
1847 89 2035 2018-05-12T17:34:38.4
1847 45 2035 2018-05-12T17:34:38.4
2375 7 2036 2018-05-12T21:57:48.573
2375 43 2036 2018-05-12T21:57:48.573
1860 41 2041 2018-05-13T14:09:15.53
1860 50 2041 2018-05-13T14:09:15.53
1860 55 2041 2018-05-13T14:09:15.53
1860 15 2043 2018-05-13T15:17:10.763
1860 52 2043 2018-05-13T15:17:10.763
2015 7 2047 2018-05-14T08:18:45.467
2371 16 2049 2018-05-14T10:19:31.483
2371 48 2049 2018-05-14T10:19:31.483
2371 92 2049 2018-05-14T10:19:31.483
409 66 2051 2018-05-14T13:19:53.713
409 59 2051 2018-05-14T13:19:53.713
2293 39 2054 2018-05-14T18:37:53.887
2293 74 2054 2018-05-14T18:37:53.887
2293 105 2054 2018-05-14T18:37:53.887
2387 9 2056 2018-05-15T02:06:58.443
2387 69 2056 2018-05-15T02:06:58.443
2387 85 2056 2018-05-15T02:06:58.443
2354 42 2057 2018-05-15T04:25:47.303
2354 22 2057 2018-05-15T04:25:47.303
2354 66 2057 2018-05-15T04:25:47.303
2354 53 2057 2018-05-15T04:25:47.303
2015 7 2058 2018-05-15T07:33:05.183
2015 64 2058 2018-05-15T07:33:05.183
1777 15 2059 2018-05-15T08:13:51.02
1777 74 2059 2018-05-15T08:13:51.02
2371 16 2060 2018-05-15T08:16:16.503
2371 48 2060 2018-05-15T08:16:16.503
409 66 2062 2018-05-15T10:12:46.183
409 59 2062 2018-05-15T10:12:46.183
2398 9 2068 2018-05-16T01:45:04.353
2398 22 2068 2018-05-16T01:45:04.353
2398 87 2068 2018-05-16T01:45:04.353
2403 6 2070 2018-05-16T17:42:16.183
2403 7 2070 2018-05-16T17:42:16.183
2403 44 2070 2018-05-16T17:42:16.183
2403 3 2070 2018-05-16T17:42:16.183
2293 67 2073 2018-05-17T00:23:41.62
2293 106 2073 2018-05-17T00:23:41.62
2293 107 2073 2018-05-17T00:23:41.62
2293 108 2073 2018-05-17T00:23:41.62
2293 109 2073 2018-05-17T00:23:41.62
1885 42 2074 2018-05-17T03:52:58.673
1885 4 2074 2018-05-17T03:52:58.673
1885 1 2074 2018-05-17T03:52:58.673
1885 35 2074 2018-05-17T03:52:58.673
1885 110 2074 2018-05-17T03:52:58.673
2405 9 2082 2018-05-17T11:22:41.28
2405 65 2082 2018-05-17T11:22:41.28
1847 9 2095 2018-05-18T05:15:35.113
1847 18 2095 2018-05-18T05:15:35.113
1847 103 2095 2018-05-18T05:15:35.113
2293 15 2097 2018-05-18T19:46:48.373
2293 36 2097 2018-05-18T19:46:48.373
2293 57 2097 2018-05-18T19:46:48.373
2293 18 2098 2018-05-18T20:16:22.253
2293 17 2098 2018-05-18T20:16:22.253
2293 74 2098 2018-05-18T20:16:22.253
2293 105 2098 2018-05-18T20:16:22.253
2293 111 2098 2018-05-18T20:16:22.253
2293 36 2100 2018-05-19T02:02:13.063
2293 77 2100 2018-05-19T02:02:13.063
2421 7 2105 2018-05-19T10:26:28.08
2422 9 2106 2018-05-19T14:16:46.973
2422 16 2106 2018-05-19T14:16:46.973
2422 36 2106 2018-05-19T14:16:46.973
2098 58 2108 2018-05-19T18:56:31.73
2098 59 2108 2018-05-19T18:56:31.73
1847 44 2109 2018-05-20T07:48:47.487
1847 98 2109 2018-05-20T07:48:47.487
1874 68 2110 2018-05-20T11:41:37.023
2426 9 2111 2018-05-20T13:51:24.533
2426 71 2111 2018-05-20T13:51:24.533
2428 42 2114 2018-05-20T17:02:31.187
2428 91 2114 2018-05-20T17:02:31.187
1889 15 2126 2018-05-21T23:05:07.483
1889 71 2126 2018-05-21T23:05:07.483
2371 16 2128 2018-05-22T10:14:21.38
2371 48 2128 2018-05-22T10:14:21.38
2371 82 2128 2018-05-22T10:14:21.38
2444 6 2129 2018-05-22T16:22:56.337
2444 15 2129 2018-05-22T16:22:56.337
2015 16 2135 2018-05-23T15:42:16.22
2015 92 2135 2018-05-23T15:42:16.22
2015 91 2140 2018-05-24T07:57:15.943
409 55 2143 2018-05-25T10:42:39.13
409 58 2143 2018-05-25T10:42:39.13
409 112 2143 2018-05-25T10:42:39.13
2100 68 2145 2018-05-25T14:20:59.853
509 48 2147 2018-05-25T17:48:26.07
2100 68 2149 2018-05-25T20:59:54.013
26 42 2151 2018-05-26T23:24:51.823
26 65 2151 2018-05-26T23:24:51.823
26 53 2151 2018-05-26T23:24:51.823
1867 15 2154 2018-05-27T05:18:24.697
2293 7 2155 2018-05-27T05:41:03.77
2293 55 2155 2018-05-27T05:41:03.77
2293 77 2155 2018-05-27T05:41:03.77
2293 78 2155 2018-05-27T05:41:03.77
2293 113 2155 2018-05-27T05:41:03.77
1847 39 2156 2018-05-27T06:20:31.16
1847 4 2156 2018-05-27T06:20:31.16
1847 114 2156 2018-05-27T06:20:31.16
2015 92 2159 2018-05-27T11:21:23.923
26 29 2161 2018-05-27T14:57:49.413
26 48 2161 2018-05-27T14:57:49.413
26 53 2161 2018-05-27T14:57:49.413
26 115 2161 2018-05-27T14:57:49.413
2015 4 2166 2018-05-27T15:35:53.37
2015 68 2166 2018-05-27T15:35:53.37
2403 42 2172 2018-05-28T16:16:56.387
2403 7 2172 2018-05-28T16:16:56.387
2403 5 2172 2018-05-28T16:16:56.387
2403 75 2172 2018-05-28T16:16:56.387
2015 68 2174 2018-05-28T18:47:43.467
1853 7 2176 2018-05-28T20:45:15.527
1853 39 2176 2018-05-28T20:45:15.527
1853 19 2176 2018-05-28T20:45:15.527
2503 7 2177 2018-05-28T20:50:23.917
2503 59 2177 2018-05-28T20:50:23.917
26 42 2182 2018-05-29T14:59:11.487
26 65 2182 2018-05-29T14:59:11.487
26 53 2182 2018-05-29T14:59:11.487
26 69 2182 2018-05-29T14:59:11.487
2098 68 2188 2018-05-30T10:03:51.98
2098 76 2188 2018-05-30T10:03:51.98
2371 9 2190 2018-05-30T14:58:46.317
2371 16 2190 2018-05-30T14:58:46.317
2371 92 2190 2018-05-30T14:58:46.317
2371 58 2190 2018-05-30T14:58:46.317
2054 44 2192 2018-05-30T15:29:35.763
2519 59 2195 2018-05-31T02:58:10.137
2522 101 2196 2018-05-31T14:36:20.19
418 37 2198 2018-05-31T16:18:59.457
418 53 2198 2018-05-31T16:18:59.457
2100 7 2200 2018-05-31T22:35:40.077
2100 68 2200 2018-05-31T22:35:40.077
2100 55 2200 2018-05-31T22:35:40.077
2100 58 2200 2018-05-31T22:35:40.077
26 6 2201 2018-05-31T23:23:13.067
26 69 2201 2018-05-31T23:23:13.067
2371 9 2203 2018-06-01T08:01:24.223
2371 16 2203 2018-06-01T08:01:24.223
2371 17 2203 2018-06-01T08:01:24.223
2528 16 2207 2018-06-01T17:06:43.663
2529 42 2209 2018-06-01T20:25:26.947
528 61 2210 2018-06-01T20:40:29.04
2100 7 2211 2018-06-01T20:54:15.73
2100 116 2211 2018-06-01T20:54:15.73
2529 42 2212 2018-06-01T21:53:42.13
2529 42 2222 2018-06-03T12:42:06.163
1351 42 2223 2018-06-03T14:47:45.38
1351 91 2223 2018-06-03T14:47:45.38
2538 6 2225 2018-06-04T01:53:47.593
2538 7 2225 2018-06-04T01:53:47.593
26 53 2227 2018-06-04T05:46:40.623
26 69 2227 2018-06-04T05:46:40.623
26 117 2227 2018-06-04T05:46:40.623
26 118 2227 2018-06-04T05:46:40.623
2529 42 2228 2018-06-04T06:48:49.567
2529 7 2228 2018-06-04T06:48:49.567
2529 58 2228 2018-06-04T06:48:49.567
1853 7 2230 2018-06-04T09:13:08.03
1853 39 2230 2018-06-04T09:13:08.03
1853 19 2230 2018-06-04T09:13:08.03
2371 9 2238 2018-06-05T09:59:30.53
2371 16 2238 2018-06-05T09:59:30.53
2371 65 2238 2018-06-05T09:59:30.53
2371 58 2238 2018-06-05T09:59:30.53
1644 42 2242 2018-06-05T14:22:02.553
1644 59 2242 2018-06-05T14:22:02.553
2293 48 2244 2018-06-05T21:39:37.367
2293 24 2244 2018-06-05T21:39:37.367
2293 27 2244 2018-06-05T21:39:37.367
2293 119 2244 2018-06-05T21:39:37.367
2293 120 2244 2018-06-05T21:39:37.367
2005 18 2248 2018-06-06T13:08:27.133
2005 23 2248 2018-06-06T13:08:27.133
2005 121 2248 2018-06-06T13:08:27.133
2559 6 2251 2018-06-06T19:10:05.423
2563 6 2255 2018-06-07T11:22:53.247
2563 29 2255 2018-06-07T11:22:53.247
2529 9 2258 2018-06-07T15:03:24
2529 7 2258 2018-06-07T15:03:24
2529 15 2258 2018-06-07T15:03:24
2566 42 2261 2018-06-07T18:45:24.193
2566 6 2261 2018-06-07T18:45:24.193
2566 66 2261 2018-06-07T18:45:24.193
2566 65 2261 2018-06-07T18:45:24.193
72 15 2263 2018-06-07T23:14:06.64
72 61 2263 2018-06-07T23:14:06.64
2529 9 2267 2018-06-08T09:03:47.183
2529 42 2267 2018-06-08T09:03:47.183
2529 7 2267 2018-06-08T09:03:47.183
2559 6 2268 2018-06-08T10:15:20.497
2559 29 2268 2018-06-08T10:15:20.497
2559 6 2270 2018-06-08T12:29:33.077
2559 7 2270 2018-06-08T12:29:33.077
2559 29 2270 2018-06-08T12:29:33.077
2582 61 2275 2018-06-09T10:00:22.75
2582 78 2275 2018-06-09T10:00:22.75
2582 122 2275 2018-06-09T10:00:22.75
2559 6 2276 2018-06-09T11:31:49.837
2559 7 2276 2018-06-09T11:31:49.837
2559 41 2276 2018-06-09T11:31:49.837
2559 64 2276 2018-06-09T11:31:49.837
2559 7 2278 2018-06-09T13:27:41.053
2559 116 2278 2018-06-09T13:27:41.053
2559 9 2282 2018-06-10T12:34:51.797
2559 48 2282 2018-06-10T12:34:51.797
2559 24 2282 2018-06-10T12:34:51.797
391 16 2283 2018-06-10T15:10:33.25
391 92 2283 2018-06-10T15:10:33.25
2559 6 2284 2018-06-10T16:39:21.193
2559 15 2284 2018-06-10T16:39:21.193
2559 29 2284 2018-06-10T16:39:21.193
2559 64 2284 2018-06-10T16:39:21.193
2592 42 2289 2018-06-10T23:24:42.037
1837 42 2292 2018-06-11T07:07:03.777
1837 41 2292 2018-06-11T07:07:03.777
1837 35 2292 2018-06-11T07:07:03.777
391 16 2295 2018-06-11T08:34:07.303
391 92 2295 2018-06-11T08:34:07.303
2559 6 2296 2018-06-11T10:28:40.287
2559 29 2296 2018-06-11T10:28:40.287
2559 64 2296 2018-06-11T10:28:40.287
55 40 2298 2018-06-11T11:18:19.46
2559 6 2299 2018-06-11T13:08:53.187
2559 7 2299 2018-06-11T13:08:53.187
2559 41 2299 2018-06-11T13:08:53.187
2559 64 2299 2018-06-11T13:08:53.187
2559 123 2299 2018-06-11T13:08:53.187
2559 6 2302 2018-06-11T15:16:39.92
2559 29 2302 2018-06-11T15:16:39.92
2559 44 2302 2018-06-11T15:16:39.92
1644 42 2306 2018-06-11T20:18:39.413
1644 32 2306 2018-06-11T20:18:39.413
1644 69 2306 2018-06-11T20:18:39.413
1644 85 2306 2018-06-11T20:18:39.413
2624 29 2310 2018-06-12T09:48:37.68
2624 44 2310 2018-06-12T09:48:37.68
2624 41 2310 2018-06-12T09:48:37.68
2624 76 2310 2018-06-12T09:48:37.68
55 1 2317 2018-06-12T20:23:53.247
2637 32 2320 2018-06-12T21:10:13.01
2637 10 2320 2018-06-12T21:10:13.01
2422 9 2321 2018-06-12T23:55:01.523
2422 15 2321 2018-06-12T23:55:01.523
2422 97 2321 2018-06-12T23:55:01.523
2648 42 2324 2018-06-13T08:57:25.77
2648 32 2324 2018-06-13T08:57:25.77
2648 4 2324 2018-06-13T08:57:25.77
409 42 2329 2018-06-13T10:37:20.92
409 22 2329 2018-06-13T10:37:20.92
409 87 2329 2018-06-13T10:37:20.92
2645 7 2333 2018-06-14T01:59:39.58
2645 50 2333 2018-06-14T01:59:39.58
2645 55 2333 2018-06-14T01:59:39.58
2645 112 2333 2018-06-14T01:59:39.58
2559 29 2336 2018-06-14T09:00:43.927
2559 109 2336 2018-06-14T09:00:43.927
2559 6 2338 2018-06-14T09:13:00.99
2559 29 2338 2018-06-14T09:13:00.99
2559 109 2338 2018-06-14T09:13:00.99
2648 42 2342 2018-06-14T12:54:01.257
2648 4 2342 2018-06-14T12:54:01.257
2648 94 2342 2018-06-14T12:54:01.257
2559 9 2343 2018-06-14T16:48:47.38
2559 42 2343 2018-06-14T16:48:47.38
2559 24 2343 2018-06-14T16:48:47.38
2559 3 2343 2018-06-14T16:48:47.38
2559 75 2343 2018-06-14T16:48:47.38
2645 7 2346 2018-06-14T18:17:04.917
2645 50 2346 2018-06-14T18:17:04.917
2645 55 2346 2018-06-14T18:17:04.917
2645 112 2346 2018-06-14T18:17:04.917
26 29 2347 2018-06-14T18:55:38.513
26 64 2347 2018-06-14T18:55:38.513
26 109 2347 2018-06-14T18:55:38.513
2645 7 2352 2018-06-15T01:30:20.27
2645 50 2352 2018-06-15T01:30:20.27
2645 55 2352 2018-06-15T01:30:20.27
2645 112 2352 2018-06-15T01:30:20.27
2529 9 2353 2018-06-15T06:10:22.577
2529 42 2353 2018-06-15T06:10:22.577
2529 7 2353 2018-06-15T06:10:22.577
2098 6 2355 2018-06-15T11:23:18.6
2098 66 2355 2018-06-15T11:23:18.6
2098 58 2355 2018-06-15T11:23:18.6
2098 59 2355 2018-06-15T11:23:18.6
2687 9 2358 2018-06-15T18:02:17.51
2687 68 2358 2018-06-15T18:02:17.51
2687 87 2358 2018-06-15T18:02:17.51
2559 9 2363 2018-06-16T09:45:44.2
2559 39 2363 2018-06-16T09:45:44.2
2559 24 2363 2018-06-16T09:45:44.2
2559 73 2363 2018-06-16T09:45:44.2
2645 42 2366 2018-06-16T21:50:42.39
2645 3 2366 2018-06-16T21:50:42.39
2645 5 2366 2018-06-16T21:50:42.39
2645 62 2366 2018-06-16T21:50:42.39
2547 48 2370 2018-06-17T16:47:27.217
2547 103 2370 2018-06-17T16:47:27.217
2645 42 2371 2018-06-17T17:08:26.247
2645 18 2371 2018-06-17T17:08:26.247
2645 13 2371 2018-06-17T17:08:26.247
2645 124 2371 2018-06-17T17:08:26.247
2645 125 2371 2018-06-17T17:08:26.247
2698 68 2372 2018-06-17T17:55:12.897
26 42 2376 2018-06-18T06:17:25.763
26 69 2376 2018-06-18T06:17:25.763
90 9 2381 2018-06-18T15:14:18.037
90 6 2381 2018-06-18T15:14:18.037
1697 42 2386 2018-06-19T03:28:50.52
1697 7 2386 2018-06-19T03:28:50.52
26 42 2388 2018-06-19T08:00:32.173
26 6 2388 2018-06-19T08:00:32.173
26 126 2388 2018-06-19T08:00:32.173
26 42 2390 2018-06-19T08:40:02.743
26 6 2390 2018-06-19T08:40:02.743
26 69 2390 2018-06-19T08:40:02.743
26 126 2390 2018-06-19T08:40:02.743
2032 48 2392 2018-06-19T10:58:31.203
2032 81 2392 2018-06-19T10:58:31.203
2032 127 2392 2018-06-19T10:58:31.203
26 42 2393 2018-06-19T11:03:29.097
26 126 2393 2018-06-19T11:03:29.097
26 110 2393 2018-06-19T11:03:29.097
2713 9 2397 2018-06-19T17:44:46.1
2713 7 2397 2018-06-19T17:44:46.1
2713 55 2397 2018-06-19T17:44:46.1
2529 9 2399 2018-06-19T21:14:31.54
2529 42 2399 2018-06-19T21:14:31.54
2559 42 2402 2018-06-20T09:32:50.14
2559 9 2402 2018-06-20T09:32:50.14
2559 4 2402 2018-06-20T09:32:50.14
2529 9 2403 2018-06-20T09:50:18.07
2444 109 2406 2018-06-20T11:30:53.763
391 16 2407 2018-06-20T15:14:25.017
391 92 2407 2018-06-20T15:14:25.017
391 48 2408 2018-06-20T23:08:14.95
391 128 2408 2018-06-20T23:08:14.95
2645 6 2410 2018-06-21T02:59:10.223
2645 15 2410 2018-06-21T02:59:10.223
2645 77 2410 2018-06-21T02:59:10.223
2645 78 2410 2018-06-21T02:59:10.223
2645 15 2413 2018-06-21T08:03:09.517
2645 29 2413 2018-06-21T08:03:09.517
2645 77 2413 2018-06-21T08:03:09.517
1974 39 2414 2018-06-21T08:03:42.98
1974 27 2414 2018-06-21T08:03:42.98
1974 84 2414 2018-06-21T08:03:42.98
2645 15 2415 2018-06-21T08:15:44.593
2645 77 2415 2018-06-21T08:15:44.593
2645 78 2415 2018-06-21T08:15:44.593
2645 123 2415 2018-06-21T08:15:44.593
2645 48 2420 2018-06-21T09:58:57.613
2645 124 2420 2018-06-21T09:58:57.613
2645 125 2420 2018-06-21T09:58:57.613
391 7 2423 2018-06-21T13:16:32.857
391 123 2423 2018-06-21T13:16:32.857
391 128 2423 2018-06-21T13:16:32.857
391 15 2425 2018-06-21T13:46:38.737
391 64 2425 2018-06-21T13:46:38.737
2371 9 2427 2018-06-21T14:31:58.267
2371 124 2427 2018-06-21T14:31:58.267
1867 67 2432 2018-06-22T15:34:38.563
1867 89 2432 2018-06-22T15:34:38.563
2748 7 2435 2018-06-23T19:59:46.763
26 42 2439 2018-06-24T07:08:52.883
26 58 2439 2018-06-24T07:08:52.883
26 59 2439 2018-06-24T07:08:52.883
26 126 2439 2018-06-24T07:08:52.883
2417 42 2440 2018-06-24T08:49:03.517
2417 7 2440 2018-06-24T08:49:03.517
26 6 2443 2018-06-24T10:55:31.113
26 29 2443 2018-06-24T10:55:31.113
2754 9 2444 2018-06-24T14:31:19.543
2754 24 2444 2018-06-24T14:31:19.543
2645 42 2446 2018-06-24T16:50:17.77
2645 15 2446 2018-06-24T16:50:17.77
2645 44 2446 2018-06-24T16:50:17.77
2005 44 2449 2018-06-24T18:24:06.58
2005 71 2449 2018-06-24T18:24:06.58
2005 129 2449 2018-06-24T18:24:06.58
2757 7 2454 2018-06-24T21:23:36.79
2757 59 2454 2018-06-24T21:23:36.79
2645 15 2456 2018-06-25T06:53:29.573
2645 77 2456 2018-06-25T06:53:29.573
2645 42 2458 2018-06-25T07:13:55.123
2645 47 2458 2018-06-25T07:13:55.123
2645 7 2466 2018-06-26T01:54:44.063
2645 50 2466 2018-06-26T01:54:44.063
2645 55 2466 2018-06-26T01:54:44.063
2645 112 2466 2018-06-26T01:54:44.063
2764 42 2469 2018-06-26T07:34:08.697
2764 58 2469 2018-06-26T07:34:08.697
2764 59 2469 2018-06-26T07:34:08.697
2764 112 2469 2018-06-26T07:34:08.697
391 7 2473 2018-06-26T09:16:44.673
391 123 2473 2018-06-26T09:16:44.673
391 128 2473 2018-06-26T09:16:44.673
2770 7 2475 2018-06-26T16:10:50.62
2770 58 2475 2018-06-26T16:10:50.62
2771 58 2477 2018-06-26T16:52:18.747
2771 59 2477 2018-06-26T16:52:18.747
2645 7 2483 2018-06-27T03:13:05.43
2645 66 2483 2018-06-27T03:13:05.43
2645 50 2483 2018-06-27T03:13:05.43
2645 55 2483 2018-06-27T03:13:05.43
2645 112 2483 2018-06-27T03:13:05.43
2648 42 2486 2018-06-27T12:32:54.373
2648 7 2486 2018-06-27T12:32:54.373
2648 123 2486 2018-06-27T12:32:54.373
2648 110 2486 2018-06-27T12:32:54.373
391 123 2487 2018-06-27T12:40:32.25
391 128 2487 2018-06-27T12:40:32.25
2645 42 2489 2018-06-27T20:17:54.9
2645 33 2489 2018-06-27T20:17:54.9
2645 47 2489 2018-06-27T20:17:54.9
26 7 2490 2018-06-27T22:13:57.977
26 112 2490 2018-06-27T22:13:57.977
26 110 2490 2018-06-27T22:13:57.977
2293 16 2491 2018-06-27T23:10:34.733
2293 92 2491 2018-06-27T23:10:34.733
2782 109 2496 2018-06-28T09:08:57.43
2782 116 2496 2018-06-28T09:08:57.43
2782 11 2496 2018-06-28T09:08:57.43
1905 9 2499 2018-06-28T14:11:42.94
1905 24 2499 2018-06-28T14:11:42.94
1905 57 2499 2018-06-28T14:11:42.94
1905 10 2499 2018-06-28T14:11:42.94
2794 7 2505 2018-06-28T18:20:31.2
391 128 2508 2018-06-28T20:43:47.69
2757 7 2513 2018-06-29T00:37:30.167
2757 116 2513 2018-06-29T00:37:30.167
2816 3 2514 2018-06-29T01:55:06.777
2816 5 2514 2018-06-29T01:55:06.777
2293 4 2516 2018-06-29T04:59:42.687
2293 24 2516 2018-06-29T04:59:42.687
2293 3 2516 2018-06-29T04:59:42.687
2293 5 2516 2018-06-29T04:59:42.687
2293 93 2516 2018-06-29T04:59:42.687
2371 48 2521 2018-06-29T08:09:05.213
2371 82 2521 2018-06-29T08:09:05.213
2371 125 2521 2018-06-29T08:09:05.213
1867 109 2522 2018-06-29T08:50:13.583
1867 130 2522 2018-06-29T08:50:13.583
2827 44 2524 2018-06-29T10:04:47.453
391 77 2525 2018-06-29T11:17:13.757
2005 42 2526 2018-06-29T11:43:38.203
2005 41 2526 2018-06-29T11:43:38.203
2832 6 2528 2018-06-29T14:15:00.067
2832 29 2528 2018-06-29T14:15:00.067
2832 44 2528 2018-06-29T14:15:00.067
2645 44 2530 2018-06-29T15:24:57.843
2645 77 2530 2018-06-29T15:24:57.843
2293 9 2536 2018-06-29T20:33:12.96
2293 18 2536 2018-06-29T20:33:12.96
2293 23 2536 2018-06-29T20:33:12.96
2293 121 2536 2018-06-29T20:33:12.96
2293 131 2536 2018-06-29T20:33:12.96
2713 7 2540 2018-06-30T01:00:47.627
2645 41 2549 2018-06-30T16:27:09.507
2645 120 2549 2018-06-30T16:27:09.507
2832 11 2553 2018-06-30T19:36:29.877
2866 3 2554 2018-06-30T20:30:23.52
2817 9 2558 2018-06-30T22:51:32.637
2817 7 2558 2018-06-30T22:51:32.637
2817 6 2558 2018-06-30T22:51:32.637
2884 66 2561 2018-07-01T13:05:29.973
2884 59 2561 2018-07-01T13:05:29.973
2884 11 2561 2018-07-01T13:05:29.973
391 15 2562 2018-07-01T13:34:14.123
391 77 2562 2018-07-01T13:34:14.123
391 132 2562 2018-07-01T13:34:14.123
26 42 2564 2018-07-01T17:07:49.533
26 7 2564 2018-07-01T17:07:49.533
26 112 2564 2018-07-01T17:07:49.533
26 126 2564 2018-07-01T17:07:49.533
26 7 2565 2018-07-01T19:47:46.293
26 29 2565 2018-07-01T19:47:46.293
26 101 2565 2018-07-01T19:47:46.293
26 133 2565 2018-07-01T19:47:46.293
2645 9 2577 2018-07-02T19:26:24.927
2645 16 2577 2018-07-02T19:26:24.927
2645 77 2577 2018-07-02T19:26:24.927
2645 12 2577 2018-07-02T19:26:24.927
2645 9 2578 2018-07-02T19:30:11.04
2645 42 2578 2018-07-02T19:30:11.04
2645 44 2578 2018-07-02T19:30:11.04
2645 47 2578 2018-07-02T19:30:11.04
2547 48 2586 2018-07-03T00:41:59.707
2547 103 2586 2018-07-03T00:41:59.707
2547 134 2586 2018-07-03T00:41:59.707
2927 42 2587 2018-07-03T01:54:26.753
2927 3 2587 2018-07-03T01:54:26.753
2927 62 2587 2018-07-03T01:54:26.753
2645 42 2588 2018-07-03T02:47:41.783
2645 9 2588 2018-07-03T02:47:41.783
2645 65 2588 2018-07-03T02:47:41.783
2645 64 2589 2018-07-03T06:35:11.707
2645 120 2589 2018-07-03T06:35:11.707
2645 104 2589 2018-07-03T06:35:11.707
119 7 2594 2018-07-03T21:50:54.957
2660 9 2595 2018-07-03T22:06:36.817
2660 24 2595 2018-07-03T22:06:36.817
2421 42 2597 2018-07-04T01:31:20.01
2421 94 2597 2018-07-04T01:31:20.01
1837 9 2603 2018-07-04T07:08:15.63
1837 10 2603 2018-07-04T07:08:15.63
1837 102 2603 2018-07-04T07:08:15.63
1386 42 2604 2018-07-04T09:01:53.217
1386 126 2604 2018-07-04T09:01:53.217
1386 133 2604 2018-07-04T09:01:53.217
2972 71 2607 2018-07-04T14:02:39.323
2972 101 2607 2018-07-04T14:02:39.323
2978 7 2609 2018-07-04T17:35:08.13
2978 55 2609 2018-07-04T17:35:08.13
1386 42 2622 2018-07-05T09:26:05.297
1386 32 2622 2018-07-05T09:26:05.297
1386 126 2622 2018-07-05T09:26:05.297
2771 42 2625 2018-07-05T10:27:56.043
2771 55 2625 2018-07-05T10:27:56.043
2771 135 2625 2018-07-05T10:27:56.043
2994 42 2627 2018-07-05T15:35:14.193
2994 9 2627 2018-07-05T15:35:14.193
2994 32 2627 2018-07-05T15:35:14.193
391 15 2651 2018-07-06T14:31:41.693
391 64 2651 2018-07-06T14:31:41.693
3021 24 2654 2018-07-07T09:43:07.033
3021 66 2654 2018-07-07T09:43:07.033
3021 87 2654 2018-07-07T09:43:07.033
3021 102 2654 2018-07-07T09:43:07.033
2866 23 2655 2018-07-07T17:29:41.613
2866 19 2655 2018-07-07T17:29:41.613
2866 20 2655 2018-07-07T17:29:41.613
456 116 2659 2018-07-08T06:08:14.047
456 79 2659 2018-07-08T06:08:14.047
456 136 2659 2018-07-08T06:08:14.047
3035 9 2663 2018-07-08T14:55:51.033
3035 15 2663 2018-07-08T14:55:51.033
3036 7 2664 2018-07-08T15:10:25.443
3036 29 2664 2018-07-08T15:10:25.443
3036 64 2664 2018-07-08T15:10:25.443
3035 65 2667 2018-07-08T15:53:34.887
3037 42 2671 2018-07-08T18:14:05.187
3037 15 2671 2018-07-08T18:14:05.187
1837 9 2674 2018-07-09T06:45:15.05
1837 15 2674 2018-07-09T06:45:15.05
1837 32 2674 2018-07-09T06:45:15.05
1386 42 2682 2018-07-09T14:56:27.723
1386 126 2682 2018-07-09T14:56:27.723
1386 42 2683 2018-07-09T15:15:01.957
1386 126 2683 2018-07-09T15:15:01.957
1386 34 2683 2018-07-09T15:15:01.957
3061 68 2688 2018-07-09T22:03:05.57
2645 9 2690 2018-07-10T05:05:21.303
2645 37 2690 2018-07-10T05:05:21.303
2645 9 2691 2018-07-10T07:05:52.297
2645 48 2691 2018-07-10T07:05:52.297
2645 39 2691 2018-07-10T07:05:52.297
2645 102 2691 2018-07-10T07:05:52.297
2645 105 2691 2018-07-10T07:05:52.297
2648 42 2692 2018-07-10T08:19:05.793
2648 15 2692 2018-07-10T08:19:05.793
2648 29 2692 2018-07-10T08:19:05.793
2648 32 2692 2018-07-10T08:19:05.793
2648 76 2692 2018-07-10T08:19:05.793
1386 42 2697 2018-07-10T15:42:37.447
1386 126 2697 2018-07-10T15:42:37.447
1386 10 2697 2018-07-10T15:42:37.447
55 42 2698 2018-07-10T16:37:21.98
55 126 2698 2018-07-10T16:37:21.98
2371 16 2703 2018-07-11T08:12:01.023
2371 113 2703 2018-07-11T08:12:01.023
26 59 2707 2018-07-11T11:04:36.873
26 112 2707 2018-07-11T11:04:36.873
2100 59 2711 2018-07-11T17:52:42.857
2100 58 2711 2018-07-11T17:52:42.857
2927 62 2712 2018-07-11T23:03:07.153
3011 42 2714 2018-07-12T12:22:53.143
3011 9 2714 2018-07-12T12:22:53.143
1351 16 2716 2018-07-12T19:37:40.197
2645 7 2717 2018-07-12T21:15:06.683
2645 123 2717 2018-07-12T21:15:06.683
2645 84 2717 2018-07-12T21:15:06.683
26 7 2718 2018-07-12T21:32:29.9
26 41 2718 2018-07-12T21:32:29.9
26 59 2718 2018-07-12T21:32:29.9
26 126 2718 2018-07-12T21:32:29.9
26 133 2718 2018-07-12T21:32:29.9
2927 62 2722 2018-07-13T02:59:55.45
3088 65 2724 2018-07-13T03:55:48.787
2645 137 2727 2018-07-13T08:04:52.623
2645 100 2727 2018-07-13T08:04:52.623
2645 134 2727 2018-07-13T08:04:52.623
1386 64 2729 2018-07-13T11:43:57.257
1386 38 2729 2018-07-13T11:43:57.257
1386 43 2729 2018-07-13T11:43:57.257
1386 127 2729 2018-07-13T11:43:57.257
3089 15 2740 2018-07-13T22:30:05.923
3089 48 2740 2018-07-13T22:30:05.923
26 7 3743 2018-07-14T23:03:21.847
26 1 3743 2018-07-14T23:03:21.847
26 126 3743 2018-07-14T23:03:21.847
26 138 3743 2018-07-14T23:03:21.847
2645 137 3745 2018-07-15T06:15:47.523
2645 127 3745 2018-07-15T06:15:47.523
1351 16 3746 2018-07-15T07:06:20.873
2886 41 3765 2018-07-15T19:51:49.45
2645 65 3767 2018-07-16T00:39:56.46
2645 127 3767 2018-07-16T00:39:56.46
2601 9 3770 2018-07-16T04:55:38.013
2601 7 3770 2018-07-16T04:55:38.013
2645 7 3771 2018-07-16T05:23:44.857
2645 55 3771 2018-07-16T05:23:44.857
2645 50 3771 2018-07-16T05:23:44.857
2645 112 3771 2018-07-16T05:23:44.857
2645 37 3772 2018-07-16T05:40:10.547
2645 74 3772 2018-07-16T05:40:10.547
2645 105 3772 2018-07-16T05:40:10.547
2645 41 3773 2018-07-16T06:00:49.633
2645 74 3773 2018-07-16T06:00:49.633
2645 138 3773 2018-07-16T06:00:49.633
2951 7 3782 2018-07-16T16:17:48.657
2951 15 3782 2018-07-16T16:17:48.657
2951 29 3782 2018-07-16T16:17:48.657
4120 42 3786 2018-07-17T04:45:38.733
4120 59 3786 2018-07-17T04:45:38.733
4120 54 3786 2018-07-17T04:45:38.733
2316 42 3789 2018-07-17T14:46:03.97
4131 9 3790 2018-07-17T21:55:46.683
4131 7 3790 2018-07-17T21:55:46.683
1837 7 3793 2018-07-18T08:13:17.877
1837 41 3793 2018-07-18T08:13:17.877
1837 55 3793 2018-07-18T08:13:17.877
1974 139 3800 2018-07-19T14:34:57.293
1974 140 3800 2018-07-19T14:34:57.293
1974 141 3800 2018-07-19T14:34:57.293
2566 9 3808 2018-07-19T18:38:05.353
4150 59 3809 2018-07-19T19:03:33.407
4150 58 3809 2018-07-19T19:03:33.407
55 42 3813 2018-07-19T21:21:46.463
55 142 3813 2018-07-19T21:21:46.463
3068 7 3815 2018-07-19T23:07:15.527
3068 76 3815 2018-07-19T23:07:15.527
4160 1 3821 2018-07-20T09:52:34.45
2648 42 3823 2018-07-20T12:05:30.82
2648 7 3823 2018-07-20T12:05:30.82
2648 126 3823 2018-07-20T12:05:30.82
2648 110 3823 2018-07-20T12:05:30.82
108 16 3828 2018-07-20T18:28:00.14
108 65 3828 2018-07-20T18:28:00.14
2886 16 3830 2018-07-21T15:57:50.173
2886 65 3830 2018-07-21T15:57:50.173
1351 4 3832 2018-07-21T19:20:13.64
4178 6 3835 2018-07-22T09:24:26.393
4178 84 3835 2018-07-22T09:24:26.393
2794 42 3837 2018-07-22T17:20:36.16
4182 58 3841 2018-07-23T04:01:33.14
4182 11 3841 2018-07-23T04:01:33.14
2794 42 3844 2018-07-23T07:13:07
409 66 3846 2018-07-23T09:39:31.433
409 141 3846 2018-07-23T09:39:31.433
4164 9 3852 2018-07-23T16:16:38.993
2927 42 3859 2018-07-24T00:11:30.247
2927 3 3859 2018-07-24T00:11:30.247
2927 62 3859 2018-07-24T00:11:30.247
1386 6 3860 2018-07-24T14:48:21.823
1386 1 3860 2018-07-24T14:48:21.823
391 64 3861 2018-07-24T15:30:19.28
391 143 3861 2018-07-24T15:30:19.28
1234 110 3863 2018-07-24T17:42:17.647
1234 144 3863 2018-07-24T17:42:17.647
4193 1 3865 2018-07-24T19:21:03.107
4193 85 3865 2018-07-24T19:21:03.107
4207 65 3869 2018-07-26T05:44:24.21
2391 9 3871 2018-07-26T16:12:40.003
2391 6 3871 2018-07-26T16:12:40.003
2391 67 3871 2018-07-26T16:12:40.003
2391 19 3871 2018-07-26T16:12:40.003
4210 6 3872 2018-07-26T16:25:26.45
4210 24 3872 2018-07-26T16:25:26.45
1351 7 3873 2018-07-26T17:18:05.183
1351 135 3873 2018-07-26T17:18:05.183
2648 42 3879 2018-07-27T08:51:36.893
2648 123 3879 2018-07-27T08:51:36.893
2648 110 3879 2018-07-27T08:51:36.893
2648 29 3880 2018-07-27T09:09:01.5
2648 64 3880 2018-07-27T09:09:01.5
2648 126 3880 2018-07-27T09:09:01.5
2648 123 3880 2018-07-27T09:09:01.5
1287 74 3885 2018-07-28T05:57:26.723
1287 102 3885 2018-07-28T05:57:26.723
26 7 3887 2018-07-28T09:05:06.463
4226 15 3890 2018-07-28T12:37:39.413
4232 9 3893 2018-07-29T00:53:45.717
26 42 3898 2018-07-29T08:21:47.577
26 65 3898 2018-07-29T08:21:47.577
26 145 3898 2018-07-29T08:21:47.577
55 1 3899 2018-07-29T21:25:54.6
55 108 3899 2018-07-29T21:25:54.6
4216 59 3901 2018-07-30T15:07:51.117
2645 6 3902 2018-07-31T01:55:06.047
2417 7 3908 2018-07-31T12:05:29.067
2417 66 3908 2018-07-31T12:05:29.067
4250 23 3913 2018-08-01T06:10:46.05
2645 4 3918 2018-08-01T22:36:07.587
4259 1 3920 2018-08-02T02:11:17.597
4259 11 3920 2018-08-02T02:11:17.597
4275 7 3929 2018-08-03T15:06:12.37
2927 42 3932 2018-08-03T22:03:59.45
141 9 3933 2018-08-03T23:01:21.147
141 67 3933 2018-08-03T23:01:21.147
141 90 3933 2018-08-03T23:01:21.147
141 95 3933 2018-08-03T23:01:21.147
4127 7 3935 2018-08-04T11:05:54.01
4127 144 3935 2018-08-04T11:05:54.01
4127 7 3936 2018-08-04T11:46:11.02
4127 144 3936 2018-08-04T11:46:11.02
4287 42 3943 2018-08-05T17:41:03.96
4287 9 3943 2018-08-05T17:41:03.96
4287 7 3943 2018-08-05T17:41:03.96
2417 7 3947 2018-08-06T06:15:11.103
2417 76 3947 2018-08-06T06:15:11.103
2645 77 3953 2018-08-06T19:13:32.477
2645 13 3953 2018-08-06T19:13:32.477
141 65 3954 2018-08-06T21:00:43.807
141 95 3954 2018-08-06T21:00:43.807
2660 42 3955 2018-08-07T01:59:38.123
2660 9 3955 2018-08-07T01:59:38.123
2660 48 3955 2018-08-07T01:59:38.123
2660 24 3955 2018-08-07T01:59:38.123
2660 37 3955 2018-08-07T01:59:38.123
119 85 3957 2018-08-07T05:35:22.91
119 146 3957 2018-08-07T05:35:22.91
2645 42 3959 2018-08-07T06:46:53.363
2645 32 3959 2018-08-07T06:46:53.363
2645 4 3959 2018-08-07T06:46:53.363
2645 94 3959 2018-08-07T06:46:53.363
4292 7 3960 2018-08-07T07:03:38.357
4206 42 3965 2018-08-07T12:44:33.587
4206 32 3965 2018-08-07T12:44:33.587
2645 65 3967 2018-08-07T14:09:08.053
2645 77 3967 2018-08-07T14:09:08.053
2645 13 3967 2018-08-07T14:09:08.053
4296 9 3971 2018-08-07T20:39:31.18
4296 65 3971 2018-08-07T20:39:31.18
119 85 3974 2018-08-07T22:28:33.967
119 147 3974 2018-08-07T22:28:33.967
4298 42 3980 2018-08-08T01:55:53.73
4298 101 3980 2018-08-08T01:55:53.73
1386 64 3982 2018-08-08T08:06:14.847
1386 67 3982 2018-08-08T08:06:14.847
1039 9 3985 2018-08-08T11:06:24.46
1039 18 3985 2018-08-08T11:06:24.46
1039 148 3985 2018-08-08T11:06:24.46
2371 16 3986 2018-08-08T14:10:53.663
2371 65 3986 2018-08-08T14:10:53.663
2371 67 3986 2018-08-08T14:10:53.663
4206 42 3989 2018-08-09T09:34:48.64
4206 44 3989 2018-08-09T09:34:48.64
4259 9 3994 2018-08-10T02:24:31.147
4259 144 3994 2018-08-10T02:24:31.147
26 42 4002 2018-08-11T07:51:42.133
26 126 4002 2018-08-11T07:51:42.133
4324 32 4005 2018-08-11T15:03:39.597
4324 33 4005 2018-08-11T15:03:39.597
4308 9 4007 2018-08-12T02:25:30.65
4308 11 4007 2018-08-12T02:25:30.65
55 32 4010 2018-08-12T20:34:45.397
55 17 4010 2018-08-12T20:34:45.397
4178 44 4012 2018-08-13T14:27:24.667
4178 109 4012 2018-08-13T14:27:24.667
2927 120 4014 2018-08-14T02:04:32.497
2927 119 4014 2018-08-14T02:04:32.497
4127 42 4017 2018-08-14T12:37:15.387
4127 110 4017 2018-08-14T12:37:15.387
4348 61 4023 2018-08-14T20:22:19.97
4348 101 4023 2018-08-14T20:22:19.97
2645 65 4029 2018-08-15T01:28:15.78
2645 149 4029 2018-08-15T01:28:15.78
1287 1 4033 2018-08-15T07:40:35.363
1287 11 4033 2018-08-15T07:40:35.363
4127 42 4035 2018-08-15T14:14:29.017
4353 16 4042 2018-08-16T11:12:57.027
4353 92 4042 2018-08-16T11:12:57.027
877 123 4046 2018-08-17T15:32:26.547
877 127 4046 2018-08-17T15:32:26.547
4367 9 4047 2018-08-17T17:26:47.417
4367 7 4047 2018-08-17T17:26:47.417
4367 6 4047 2018-08-17T17:26:47.417
4373 9 4053 2018-08-19T08:44:02.79
4373 59 4053 2018-08-19T08:44:02.79
2391 42 4057 2018-08-20T10:28:38.55
2391 9 4057 2018-08-20T10:28:38.55
2391 144 4057 2018-08-20T10:28:38.55
1860 15 4059 2018-08-21T08:13:06.777
4127 9 4063 2018-08-21T14:43:47.137
4127 48 4063 2018-08-21T14:43:47.137
4127 37 4063 2018-08-21T14:43:47.137
26 126 4064 2018-08-21T15:48:28.743
26 65 4066 2018-08-21T16:17:27.053
26 41 4066 2018-08-21T16:17:27.053
26 150 4066 2018-08-21T16:17:27.053
4399 16 4069 2018-08-22T02:19:13.523
4399 47 4069 2018-08-22T02:19:13.523
26 151 4072 2018-08-22T07:47:56.467
4127 42 4074 2018-08-22T16:05:10.18
4127 9 4074 2018-08-22T16:05:10.18
2687 7 4078 2018-08-23T22:34:21.137
2687 41 4078 2018-08-23T22:34:21.137
2687 55 4078 2018-08-23T22:34:21.137
1581 84 4079 2018-08-23T22:53:44.517
4399 16 4082 2018-08-24T01:48:50.6
4399 47 4082 2018-08-24T01:48:50.6
2293 7 4086 2018-08-24T18:05:02.97
2293 66 4086 2018-08-24T18:05:02.97
2293 55 4086 2018-08-24T18:05:02.97
2293 127 4086 2018-08-24T18:05:02.97
2293 152 4086 2018-08-24T18:05:02.97
4336 9 4094 2018-08-27T09:47:10.42
4336 127 4094 2018-08-27T09:47:10.42
4439 64 4096 2018-08-27T13:54:31.473
4439 43 4096 2018-08-27T13:54:31.473
4439 146 4096 2018-08-27T13:54:31.473
2293 7 4100 2018-08-28T02:46:19.393
2293 18 4100 2018-08-28T02:46:19.393
2293 65 4100 2018-08-28T02:46:19.393
2293 39 4100 2018-08-28T02:46:19.393
2293 67 4100 2018-08-28T02:46:19.393
4446 48 4102 2018-08-28T06:47:24.117
4449 33 4104 2018-08-29T07:26:28.78
4449 137 4104 2018-08-29T07:26:28.78
4449 151 4104 2018-08-29T07:26:28.78
1773 123 4105 2018-08-29T09:27:53.127
1773 61 4105 2018-08-29T09:27:53.127
2529 42 4107 2018-08-29T12:16:49.933
2529 9 4107 2018-08-29T12:16:49.933
2529 110 4107 2018-08-29T12:16:49.933
271 9 4108 2018-08-29T15:25:25.843
271 6 4108 2018-08-29T15:25:25.843
271 18 4108 2018-08-29T15:25:25.843
271 19 4108 2018-08-29T15:25:25.843
26 42 4110 2018-08-29T20:20:35.39
26 126 4110 2018-08-29T20:20:35.39
2645 100 4111 2018-08-29T20:39:01.22
4460 153 4113 2018-08-30T04:28:31.417
4460 154 4113 2018-08-30T04:28:31.417
4465 6 4118 2018-08-30T16:44:48.667
4465 29 4118 2018-08-30T16:44:48.667
4465 116 4118 2018-08-30T16:44:48.667
2645 42 4125 2018-08-31T02:37:41.29
1837 7 4126 2018-08-31T10:02:20.183
1837 55 4126 2018-08-31T10:02:20.183
1837 50 4126 2018-08-31T10:02:20.183
4153 44 4129 2018-08-31T18:43:59.72
4153 109 4129 2018-08-31T18:43:59.72
