4 1 19 2012-06-13T21:19:22.043
4 2 19 2012-06-13T21:19:22.043
62 3 57 2012-06-14T05:01:51.38
60 4 78 2012-06-14T08:04:48.52
60 5 78 2012-06-14T08:04:48.52
91 6 83 2012-06-14T08:39:48.477
37 6 91 2012-06-14T11:32:16.31
1347 4 102 2012-06-14T15:23:02.08
1347 7 102 2012-06-14T15:23:02.08
1347 8 102 2012-06-14T15:23:02.08
104 9 143 2012-06-15T16:37:35.897
104 10 143 2012-06-15T16:37:35.897
104 11 143 2012-06-15T16:37:35.897
126 4 170 2012-06-16T12:17:08.393
126 7 170 2012-06-16T12:17:08.393
126 12 170 2012-06-16T12:17:08.393
126 13 170 2012-06-16T12:17:08.393
47 14 195 2012-06-17T13:56:03.483
47 15 195 2012-06-17T13:56:03.483
47 16 195 2012-06-17T13:56:03.483
47 17 195 2012-06-17T13:56:03.483
1347 7 201 2012-06-17T16:36:55.76
1347 8 201 2012-06-17T16:36:55.76
37 6 208 2012-06-17T20:58:03.557
37 18 208 2012-06-17T20:58:03.557
95 19 222 2012-06-18T09:33:03.063
95 20 222 2012-06-18T09:33:03.063
95 21 222 2012-06-18T09:33:03.063
95 22 222 2012-06-18T09:33:03.063
95 23 222 2012-06-18T09:33:03.063
71 14 225 2012-06-18T10:06:56.957
71 5 225 2012-06-18T10:06:56.957
113 4 256 2012-06-18T18:13:20.94
113 7 256 2012-06-18T18:13:20.94
113 5 256 2012-06-18T18:13:20.94
113 24 256 2012-06-18T18:13:20.94
71 1 263 2012-06-18T20:56:59.597
71 12 263 2012-06-18T20:56:59.597
71 25 263 2012-06-18T20:56:59.597
71 26 263 2012-06-18T20:56:59.597
47 13 273 2012-06-19T10:22:12.87
19 9 286 2012-06-19T16:20:02.703
19 27 286 2012-06-19T16:20:02.703
19 28 286 2012-06-19T16:20:02.703
85 9 313 2012-06-21T06:49:27.25
85 27 313 2012-06-21T06:49:27.25
85 28 313 2012-06-21T06:49:27.25
53 12 318 2012-06-22T14:29:49.413
53 29 318 2012-06-22T14:29:49.413
53 26 318 2012-06-22T14:29:49.413
55 13 326 2012-06-23T12:06:53.3
55 30 326 2012-06-23T12:06:53.3
55 31 326 2012-06-23T12:06:53.3
104 19 335 2012-06-23T17:54:00.527
104 9 335 2012-06-23T17:54:00.527
104 20 335 2012-06-23T17:54:00.527
104 21 335 2012-06-23T17:54:00.527
104 23 335 2012-06-23T17:54:00.527
145 32 392 2012-06-28T07:57:46.563
191 13 398 2012-06-28T09:54:13.047
185 1 463 2012-07-02T15:06:05.703
185 25 463 2012-07-02T15:06:05.703
185 33 463 2012-07-02T15:06:05.703
185 2 463 2012-07-02T15:06:05.703
185 34 508 2012-07-04T17:07:39.017
185 35 508 2012-07-04T17:07:39.017
185 31 508 2012-07-04T17:07:39.017
282 1 648 2012-07-17T15:41:41.587
282 5 648 2012-07-17T15:41:41.587
177 25 680 2012-07-20T18:07:36.223
177 31 680 2012-07-20T18:07:36.223
298 31 687 2012-07-20T20:39:30.643
62 1 720 2012-07-24T00:15:03.693
62 13 720 2012-07-24T00:15:03.693
62 8 720 2012-07-24T00:15:03.693
185 36 736 2012-07-25T17:02:29.953
185 24 736 2012-07-25T17:02:29.953
185 7 761 2012-07-27T10:00:11.14
185 24 761 2012-07-27T10:00:11.14
185 8 761 2012-07-27T10:00:11.14
71 31 833 2012-08-12T12:02:58.32
361 23 847 2012-08-12T17:15:41.167
51 4 858 2012-08-14T06:29:16.477
51 12 858 2012-08-14T06:29:16.477
51 31 858 2012-08-14T06:29:16.477
185 7 873 2012-08-20T09:36:00.207
185 5 873 2012-08-20T09:36:00.207
62 25 881 2012-08-21T01:04:01.957
62 13 881 2012-08-21T01:04:01.957
190 12 914 2012-08-30T16:49:05.64
190 28 914 2012-08-30T16:49:05.64
5 1 931 2012-09-04T13:59:27.137
5 5 931 2012-09-04T13:59:27.137
242 1 934 2012-09-05T14:48:34.36
242 26 934 2012-09-05T14:48:34.36
242 32 934 2012-09-05T14:48:34.36
425 37 935 2012-09-05T14:51:37.85
425 38 935 2012-09-05T14:51:37.85
185 1 1005 2012-10-08T16:51:01.57
185 25 1005 2012-10-08T16:51:01.57
185 39 1005 2012-10-08T16:51:01.57
185 4 1008 2012-10-09T10:30:05.37
185 40 1008 2012-10-09T10:30:05.37
185 41 1008 2012-10-09T10:30:05.37
487 42 1060 2012-10-31T18:19:05.53
487 43 1060 2012-10-31T18:19:05.53
153 7 1105 2012-11-07T13:35:51.61
153 24 1105 2012-11-07T13:35:51.61
799 7 1211 2012-11-08T23:14:01.077
799 13 1211 2012-11-08T23:14:01.077
30 44 1289 2012-11-09T17:07:26.253
30 45 1289 2012-11-09T17:07:26.253
97 9 1396 2012-11-21T09:29:55.697
97 46 1396 2012-11-21T09:29:55.697
1140 23 1416 2012-11-23T17:03:45.1
141 9 1417 2012-11-23T17:18:17.01
141 42 1417 2012-11-23T17:18:17.01
141 13 1417 2012-11-23T17:18:17.01
62 47 1491 2012-12-06T01:28:35.367
1249 13 1512 2012-12-08T16:50:10.423
1249 48 1512 2012-12-08T16:50:10.423
1249 39 1512 2012-12-08T16:50:10.423
185 13 1568 2012-12-17T08:48:21.853
185 49 1568 2012-12-17T08:48:21.853
496 13 1582 2012-12-19T16:53:16.723
496 21 1582 2012-12-19T16:53:16.723
496 41 1582 2012-12-19T16:53:16.723
185 40 1590 2012-12-22T18:50:48.65
185 50 1590 2012-12-22T18:50:48.65
185 49 1590 2012-12-22T18:50:48.65
5 13 1607 2012-12-25T19:37:16.66
5 24 1607 2012-12-25T19:37:16.66
282 8 1657 2013-01-03T22:21:53.697
1098 12 1704 2013-01-11T13:54:22.8
1098 43 1704 2013-01-11T13:54:22.8
1349 13 1717 2013-01-14T06:14:08.183
1349 13 1718 2013-01-14T06:21:24.737
1262 9 1742 2013-01-16T07:45:54.66
1262 24 1742 2013-01-16T07:45:54.66
1262 18 1742 2013-01-16T07:45:54.66
1262 9 1743 2013-01-16T07:53:18.577
1262 18 1743 2013-01-16T07:53:18.577
1262 7 1770 2013-01-19T17:31:34.207
1262 27 1770 2013-01-19T17:31:34.207
1262 6 1770 2013-01-19T17:31:34.207
1262 20 1802 2013-01-25T17:24:44.973
1262 6 1802 2013-01-25T17:24:44.973
69 9 1857 2013-02-02T19:12:01.803
69 32 1857 2013-02-02T19:12:01.803
47 15 1900 2013-02-10T10:02:00.587
47 41 1900 2013-02-10T10:02:00.587
1051 9 1927 2013-02-14T21:31:21.923
1051 33 1927 2013-02-14T21:31:21.923
1051 32 1927 2013-02-14T21:31:21.923
282 51 1933 2013-02-17T07:03:13.26
1329 14 1939 2013-02-18T20:35:28.34
1329 16 1939 2013-02-18T20:35:28.34
1329 49 1939 2013-02-18T20:35:28.34
1456 19 1947 2013-02-20T18:47:59.42
1456 45 1947 2013-02-20T18:47:59.42
967 6 1977 2013-02-26T15:35:05.537
1531 12 2045 2013-03-13T15:53:30.1
1531 43 2045 2013-03-13T15:53:30.1
1262 6 2052 2013-03-14T05:06:18.227
1262 24 2052 2013-03-14T05:06:18.227
1262 52 2052 2013-03-14T05:06:18.227
5 46 2065 2013-03-17T20:06:22.29
1556 13 2084 2013-03-24T05:12:32.513
1589 6 2126 2013-04-08T21:01:24.657
487 37 2151 2013-04-15T22:26:58.96
487 52 2151 2013-04-15T22:26:58.96
1632 53 2180 2013-04-24T22:46:42.693
1632 54 2180 2013-04-24T22:46:42.693
1632 43 2180 2013-04-24T22:46:42.693
487 1 2280 2013-05-28T04:11:30.007
487 47 2280 2013-05-28T04:11:30.007
967 13 2304 2013-06-02T16:37:31.483
1733 21 2310 2013-06-03T08:11:01.173
1733 26 2310 2013-06-03T08:11:01.173
1733 45 2310 2013-06-03T08:11:01.173
1733 23 2315 2013-06-03T18:18:00.827
1733 55 2339 2013-06-06T23:09:43.037
1733 56 2339 2013-06-06T23:09:43.037
1733 38 2339 2013-06-06T23:09:43.037
278 7 2368 2013-06-22T06:52:20.54
278 13 2368 2013-06-22T06:52:20.54
278 6 2368 2013-06-22T06:52:20.54
194 7 2378 2013-06-25T19:54:03.38
194 13 2378 2013-06-25T19:54:03.38
278 13 2404 2013-07-03T06:14:16.53
97 42 2437 2013-07-14T13:41:35.37
97 43 2437 2013-07-14T13:41:35.37
1886 23 2481 2013-07-28T23:17:15.303
62 16 2486 2013-07-30T12:29:43.773
62 2 2486 2013-07-30T12:29:43.773
967 13 2509 2013-08-10T13:38:09.123
170 11 2516 2013-08-19T09:18:10.857
242 11 2525 2013-08-21T09:51:01.97
170 5 2533 2013-08-25T23:36:56.897
282 51 2559 2013-08-30T09:51:59.473
62 52 2595 2013-09-09T02:44:09.583
62 46 2595 2013-09-09T02:44:09.583
194 57 2634 2013-09-23T08:26:18.723
194 47 2634 2013-09-23T08:26:18.723
170 1 2659 2013-10-03T19:06:13.84
170 14 2659 2013-10-03T19:06:13.84
170 11 2659 2013-10-03T19:06:13.84
2085 52 2702 2013-10-14T21:24:17.257
2117 6 2725 2013-10-23T09:15:28.973
2117 45 2725 2013-10-23T09:15:28.973
1961 12 2779 2013-11-16T14:49:29.343
1961 37 2779 2013-11-16T14:49:29.343
1961 6 2779 2013-11-16T14:49:29.343
5 46 2785 2013-11-21T00:25:01.04
242 9 2786 2013-11-21T07:14:43.497
242 43 2786 2013-11-21T07:14:43.497
2193 3 2792 2013-11-22T13:24:49.48
2217 14 2807 2013-12-01T23:16:53.83
2217 58 2807 2013-12-01T23:16:53.83
1329 51 2810 2013-12-02T19:35:35.697
2225 23 2831 2013-12-04T23:31:03.433
194 53 2842 2013-12-07T02:00:43.31
194 47 2842 2013-12-07T02:00:43.31
2258 43 2853 2013-12-10T15:09:14.597
99 12 2863 2013-12-11T21:20:23.653
99 42 2863 2013-12-11T21:20:23.653
99 43 2863 2013-12-11T21:20:23.653
153 9 2897 2013-12-21T08:51:36.737
153 59 2897 2013-12-21T08:51:36.737
153 52 2897 2013-12-21T08:51:36.737
153 7 2899 2013-12-21T09:09:36.607
153 9 2899 2013-12-21T09:09:36.607
153 11 2899 2013-12-21T09:09:36.607
153 36 2904 2013-12-21T11:56:26.283
153 60 2904 2013-12-21T11:56:26.283
153 61 2904 2013-12-21T11:56:26.283
153 34 2906 2013-12-21T12:20:32.953
153 59 2906 2013-12-21T12:20:32.953
153 60 2906 2013-12-21T12:20:32.953
153 61 2906 2013-12-21T12:20:32.953
153 7 2916 2013-12-23T20:46:08.647
153 62 2916 2013-12-23T20:46:08.647
153 63 2916 2013-12-23T20:46:08.647
153 1 2924 2013-12-25T21:55:57.813
153 47 2924 2013-12-25T21:55:57.813
153 42 2931 2013-12-26T18:00:01.373
153 36 2931 2013-12-26T18:00:01.373
153 11 2931 2013-12-26T18:00:01.373
2313 12 2978 2014-01-02T21:59:41.813
2313 45 2978 2014-01-02T21:59:41.813
2373 12 3004 2014-01-09T08:04:59.017
2373 45 3004 2014-01-09T08:04:59.017
2462 1 3064 2014-01-29T03:42:18.913
2462 31 3064 2014-01-29T03:42:18.913
190 9 4153 2014-02-20T14:39:36.487
190 52 4153 2014-02-20T14:39:36.487
3571 12 4155 2014-02-21T18:34:09.607
3571 43 4155 2014-02-21T18:34:09.607
3613 6 4212 2014-03-01T14:48:22.127
3508 51 4264 2014-03-15T16:30:02.56
190 9 4290 2014-03-26T15:42:12.94
190 46 4290 2014-03-26T15:42:12.94
2047 6 4334 2014-04-11T06:31:42.59
2047 31 4334 2014-04-11T06:31:42.59
1079 52 4350 2014-04-16T09:27:34.49
282 5 4434 2014-05-07T16:55:39.317
3845 43 4466 2014-05-13T19:16:29.187
3852 12 4475 2014-05-14T21:13:35.447
3852 19 4475 2014-05-14T21:13:35.447
3852 23 4475 2014-05-14T21:13:35.447
3855 12 4479 2014-05-15T06:26:50.617
3855 13 4479 2014-05-15T06:26:50.617
3867 12 4507 2014-05-18T18:38:54.583
3867 45 4507 2014-05-18T18:38:54.583
3892 13 4574 2014-05-24T23:31:51.617
3892 52 4574 2014-05-24T23:31:51.617
3892 13 4575 2014-05-25T04:20:02.097
3892 6 4575 2014-05-25T04:20:02.097
3892 42 4577 2014-05-25T04:25:45.113
3892 13 4577 2014-05-25T04:25:45.113
3892 6 4577 2014-05-25T04:25:45.113
3892 6 4584 2014-05-25T13:57:45.44
3892 43 4584 2014-05-25T13:57:45.44
3892 1 4586 2014-05-25T15:36:45.693
3892 13 4586 2014-05-25T15:36:45.693
3892 42 4595 2014-05-26T13:01:16.32
3892 13 4595 2014-05-26T13:01:16.32
3892 42 4619 2014-05-29T13:02:57.257
3892 6 4619 2014-05-29T13:02:57.257
3892 6 4623 2014-05-29T21:40:18.4
3911 2 4634 2014-05-31T05:52:04.04
47 12 5642 2014-06-01T11:36:20.733
47 26 5642 2014-06-01T11:36:20.733
3892 12 5647 2014-06-02T14:17:14.223
3892 1 5647 2014-06-02T14:17:14.223
3892 42 5647 2014-06-02T14:17:14.223
3892 13 5647 2014-06-02T14:17:14.223
487 43 5653 2014-06-03T20:26:53.523
62 42 5666 2014-06-05T16:11:20.297
62 13 5666 2014-06-05T16:11:20.297
487 42 5678 2014-06-06T11:53:02.6
487 43 5678 2014-06-06T11:53:02.6
3892 13 5689 2014-06-07T15:32:54.93
3892 13 5692 2014-06-07T16:36:21.913
3892 43 5692 2014-06-07T16:36:21.913
3892 1 5701 2014-06-08T14:08:50.047
3892 13 5701 2014-06-08T14:08:50.047
3892 42 6699 2014-06-09T00:45:42.047
3892 13 6699 2014-06-09T00:45:42.047
3892 43 6699 2014-06-09T00:45:42.047
3892 1 6700 2014-06-09T01:01:25.347
3892 13 6700 2014-06-09T01:01:25.347
3892 13 6709 2014-06-10T21:36:31.877
3892 13 6710 2014-06-10T21:43:05.453
3892 43 6710 2014-06-10T21:43:05.453
3892 1 6714 2014-06-11T19:41:12.347
3892 13 6714 2014-06-11T19:41:12.347
3892 13 6718 2014-06-12T13:43:46.737
3892 13 6731 2014-06-14T19:43:29.4
3892 5 6731 2014-06-14T19:43:29.4
3892 13 6735 2014-06-15T16:04:23.357
3892 43 6735 2014-06-15T16:04:23.357
3892 13 6737 2014-06-15T22:11:08.523
3892 13 6772 2014-06-21T12:53:30.837
3892 13 6785 2014-06-22T16:50:51.19
86 12 6786 2014-06-22T17:17:05.183
86 37 6786 2014-06-22T17:17:05.183
86 52 6786 2014-06-22T17:17:05.183
3892 13 6788 2014-06-22T19:41:07.147
2311 42 6814 2014-06-25T08:07:08.217
2311 46 6814 2014-06-25T08:07:08.217
2387 13 6832 2014-06-26T12:36:38.257
2387 33 6832 2014-06-26T12:36:38.257
2387 46 6832 2014-06-26T12:36:38.257
3995 1 6837 2014-06-26T18:19:41.07
3995 39 6837 2014-06-26T18:19:41.07
3995 52 6838 2014-06-26T19:53:38.09
4028 1 6845 2014-06-28T07:06:58.497
4028 13 6845 2014-06-28T07:06:58.497
2311 12 6862 2014-07-01T11:29:29.017
2311 46 6862 2014-07-01T11:29:29.017
2311 12 6899 2014-07-07T10:53:39.493
2311 5 6899 2014-07-07T10:53:39.493
3892 13 6956 2014-07-14T13:41:06.18
4075 42 6963 2014-07-15T14:29:24.08
4075 13 6963 2014-07-15T14:29:24.08
4075 42 6989 2014-07-19T17:14:34.32
4075 13 6989 2014-07-19T17:14:34.32
4075 1 6995 2014-07-20T15:32:29.567
4075 13 6995 2014-07-20T15:32:29.567
3745 14 7011 2014-07-24T00:30:12.953
3745 31 7011 2014-07-24T00:30:12.953
4138 42 7037 2014-07-28T14:35:21.637
4138 43 7037 2014-07-28T14:35:21.637
4140 64 7042 2014-07-29T04:50:35.65
3892 13 7045 2014-07-29T13:45:05.083
3892 65 7045 2014-07-29T13:45:05.083
3892 13 7057 2014-07-30T19:58:36.24
3892 65 7057 2014-07-30T19:58:36.24
4152 13 7063 2014-08-01T00:06:53.92
4161 7 7073 2014-08-03T04:32:52.377
4161 13 7073 2014-08-03T04:32:52.377
4075 7 7082 2014-08-04T10:11:49.53
4075 13 7082 2014-08-04T10:11:49.53
4183 13 7105 2014-08-07T19:00:04.867
4187 42 7118 2014-08-09T20:45:34.52
4187 43 7118 2014-08-09T20:45:34.52
3892 13 7140 2014-08-12T21:49:55.04
4224 42 7193 2014-08-22T03:33:01.997
4224 23 7193 2014-08-22T03:33:01.997
1571 66 7213 2014-08-30T20:41:33.117
1829 52 7236 2014-09-01T21:31:52.27
4225 14 7241 2014-09-02T19:36:03.01
4225 15 7241 2014-09-02T19:36:03.01
4225 31 7241 2014-09-02T19:36:03.01
97 12 7282 2014-09-11T20:42:49.857
97 67 7282 2014-09-11T20:42:49.857
4270 9 7292 2014-09-16T09:26:52.79
4270 53 7292 2014-09-16T09:26:52.79
4270 52 7292 2014-09-16T09:26:52.79
2311 12 7317 2014-09-23T10:59:01.723
2311 46 7317 2014-09-23T10:59:01.723
4203 48 7329 2014-09-25T07:30:43.983
4203 46 7329 2014-09-25T07:30:43.983
4363 12 7359 2014-10-01T04:10:50.073
4363 52 7359 2014-10-01T04:10:50.073
313 12 7385 2014-10-09T21:51:44.607
313 2 7385 2014-10-09T21:51:44.607
4205 64 7397 2014-10-03T00:44:33.067
3892 13 7436 2014-10-14T23:33:57.31
4414 13 7438 2014-10-15T02:44:00.523
4386 13 7445 2014-10-15T06:15:51.973
4386 6 7445 2014-10-15T06:15:51.973
4386 13 7460 2014-10-17T05:41:48.243
4386 6 7460 2014-10-17T05:41:48.243
4432 31 7488 2014-10-24T10:59:48.81
4447 14 7490 2014-10-24T13:56:50.423
4447 30 7490 2014-10-24T13:56:50.423
4447 68 7490 2014-10-24T13:56:50.423
4447 3 7490 2014-10-24T13:56:50.423
2306 13 7495 2014-10-25T12:38:30.823
4464 6 7511 2014-10-28T19:01:44.223
4384 42 7515 2014-10-30T16:38:26.283
4384 43 7515 2014-10-30T16:38:26.283
4482 13 7529 2014-11-03T17:42:16.13
4482 37 7529 2014-11-03T17:42:16.13
4482 56 7529 2014-11-03T17:42:16.13
4482 63 7529 2014-11-03T17:42:16.13
4270 66 7555 2014-11-10T06:02:41.78
3892 1 7644 2014-11-21T13:54:48.73
3892 51 7644 2014-11-21T13:54:48.73
3892 13 7654 2014-11-22T12:57:59.133
4270 66 7692 2014-12-01T06:20:24.057
3892 13 7712 2014-12-04T23:26:24.73
4749 42 7740 2014-12-11T09:51:46.307
4749 43 7740 2014-12-11T09:51:46.307
4749 1 7760 2014-12-15T15:59:44.92
4749 32 7760 2014-12-15T15:59:44.92
4749 18 7760 2014-12-15T15:59:44.92
4749 69 7760 2014-12-15T15:59:44.92
4776 43 7773 2014-12-17T07:45:29.283
4782 12 7781 2014-12-18T06:13:08.18
4782 23 7781 2014-12-18T06:13:08.18
4782 18 7781 2014-12-18T06:13:08.18
4782 69 7781 2014-12-18T06:13:08.18
4782 70 7781 2014-12-18T06:13:08.18
3911 52 7798 2014-12-20T21:17:39.01
4795 42 7805 2014-12-21T11:46:16.157
4795 13 7805 2014-12-21T11:46:16.157
5 46 7838 2014-12-28T16:39:47.987
4855 13 7888 2015-01-06T00:12:02.253
4855 31 7888 2015-01-06T00:12:02.253
5 46 7936 2015-01-11T11:32:28.517
4892 51 7961 2015-01-13T10:50:20.173
4909 13 7978 2015-01-15T01:02:52.103
1671 66 7997 2015-01-17T01:18:22.257
170 1 8001 2015-01-17T11:44:57.37
170 36 8001 2015-01-17T11:44:57.37
170 51 8001 2015-01-17T11:44:57.37
4936 43 8023 2015-01-19T16:47:42.13
4956 43 8058 2015-01-23T14:53:59.37
4974 38 8076 2015-01-26T15:23:06.903
4976 45 8080 2015-01-27T01:28:52.983
4494 13 8086 2015-01-27T09:59:04.703
4494 46 8086 2015-01-27T09:59:04.703
4494 46 8101 2015-01-28T21:32:44.977
4513 23 8110 2015-01-29T18:23:48.74
3892 25 8117 2015-01-30T13:57:10.563
3892 48 8117 2015-01-30T13:57:10.563
3892 71 8117 2015-01-30T13:57:10.563
4903 12 8121 2015-01-30T15:59:37.13
4903 7 8121 2015-01-30T15:59:37.13
4903 43 8121 2015-01-30T15:59:37.13
4903 52 8121 2015-01-30T15:59:37.13
2191 12 8137 2015-02-02T09:41:46.053
2191 65 8137 2015-02-02T09:41:46.053
5012 12 8140 2015-02-02T18:32:35.383
5012 42 8140 2015-02-02T18:32:35.383
5012 45 8140 2015-02-02T18:32:35.383
3892 48 8144 2015-02-03T14:14:19.61
3892 25 8144 2015-02-03T14:14:19.61
3892 71 8144 2015-02-03T14:14:19.61
4815 12 8166 2015-02-06T12:59:27.443
4815 43 8166 2015-02-06T12:59:27.443
47 66 8189 2015-02-13T13:11:00.323
4721 30 8205 2015-02-15T23:08:26.343
4721 70 8205 2015-02-15T23:08:26.343
5090 13 8235 2015-02-22T11:33:34.957
5112 31 8255 2015-02-25T11:47:43.03
5112 64 8255 2015-02-25T11:47:43.03
2372 52 8278 2015-03-01T07:34:33.463
4482 13 8280 2015-03-01T11:17:19.137
5153 13 8313 2015-03-06T08:31:37.06
5153 6 8313 2015-03-06T08:31:37.06
5153 65 8313 2015-03-06T08:31:37.06
4482 13 8344 2015-03-19T20:36:18.527
15 36 8359 2015-03-24T01:53:12.927
15 72 8359 2015-03-24T01:53:12.927
4592 9 8363 2015-03-24T11:51:27.867
4592 52 8363 2015-03-24T11:51:27.867
5270 13 8392 2015-03-31T03:45:11.237
3892 13 8426 2015-04-03T21:28:11.773
3892 13 8427 2015-04-03T21:29:25.427
5270 12 8440 2015-04-05T06:26:03.943
5270 13 8440 2015-04-05T06:26:03.943
5298 46 8444 2015-04-05T18:49:38.207
5299 1 8449 2015-04-06T14:24:10.88
5299 6 8449 2015-04-06T14:24:10.88
3892 13 8458 2015-04-08T18:46:01.873
3892 47 8458 2015-04-08T18:46:01.873
3892 13 8500 2015-04-14T14:02:19.307
4962 65 8501 2015-04-14T14:04:18.417
5337 12 8533 2015-04-21T17:23:20.137
5337 13 8533 2015-04-21T17:23:20.137
5375 5 8537 2015-04-21T19:34:21.39
4714 25 8571 2015-04-23T05:10:01.643
4714 48 8571 2015-04-23T05:10:01.643
4714 71 8571 2015-04-23T05:10:01.643
5224 47 8588 2015-04-24T16:44:55.213
5299 12 8592 2015-04-25T11:51:01.867
5299 23 8592 2015-04-25T11:51:01.867
3892 13 8683 2015-05-06T02:28:42.567
5455 13 8721 2015-05-11T20:33:45.46
4966 13 8725 2015-05-12T03:11:56.39
5457 13 8728 2015-05-12T10:53:03.073
4028 1 8805 2015-05-26T17:16:30.543
4028 13 8805 2015-05-26T17:16:30.543
277 26 8823 2015-06-01T19:49:23.413
4028 13 8829 2015-06-03T03:21:58.627
5572 48 8854 2015-06-08T23:59:51.52
5572 25 8854 2015-06-08T23:59:51.52
5572 39 8854 2015-06-08T23:59:51.52
5572 71 8854 2015-06-08T23:59:51.52
5543 36 8906 2015-06-14T10:31:12.43
5543 73 8906 2015-06-14T10:31:12.43
5609 12 8916 2015-06-15T09:11:26.763
5609 6 8916 2015-06-15T09:11:26.763
5560 74 8923 2015-06-17T19:45:26.78
5560 39 8923 2015-06-17T19:45:26.78
3892 13 8959 2015-06-22T13:48:54.533
3892 13 8964 2015-06-22T19:33:04.83
5656 43 9016 2015-06-26T02:35:41.213
5675 13 9045 2015-07-01T10:36:52.05
5693 32 9067 2015-07-04T12:36:18.657
5703 42 9096 2015-07-07T01:32:15.073
5703 32 9096 2015-07-07T01:32:15.073
4028 13 9151 2015-07-11T08:47:22.327
5723 52 9157 2015-07-11T14:25:41.057
5692 42 9166 2015-07-12T07:10:28.013
5692 46 9166 2015-07-12T07:10:28.013
170 42 9248 2015-07-19T15:20:55.763
170 71 9248 2015-07-19T15:20:55.763
4727 23 9273 2015-07-22T14:56:38.843
5692 14 9297 2015-07-25T08:24:07.627
5692 46 9297 2015-07-25T08:24:07.627
1556 65 9342 2015-08-01T16:01:04.527
5832 13 9377 2015-08-05T00:20:49.853
5832 28 9377 2015-08-05T00:20:49.853
5543 12 9384 2015-08-05T12:48:14.513
5543 27 9384 2015-08-05T12:48:14.513
5543 52 9384 2015-08-05T12:48:14.513
4865 46 9416 2015-08-10T10:17:39
5691 11 9419 2015-08-11T01:40:25.107
5908 42 9496 2015-08-23T07:32:46.403
5908 52 9496 2015-08-23T07:32:46.403
5924 13 9509 2015-08-26T10:49:23.87
5927 65 9516 2015-08-28T08:06:57.563
5927 23 9539 2015-09-01T01:02:12.473
5295 9 9554 2015-09-03T23:28:41.657
5295 11 9554 2015-09-03T23:28:41.657
5967 12 10576 2015-09-09T14:27:37.037
5967 1 10576 2015-09-09T14:27:37.037
5967 13 10576 2015-09-09T14:27:37.037
5977 12 10590 2015-09-11T05:06:01.23
5977 42 10590 2015-09-11T05:06:01.23
5977 47 10590 2015-09-11T05:06:01.23
5989 42 10604 2015-09-13T21:14:19.11
5989 26 10604 2015-09-13T21:14:19.11
3892 13 10657 2015-09-17T20:10:18.043
3892 13 10669 2015-09-19T14:54:48.673
5977 1 10673 2015-09-20T10:38:27.487
5977 7 10673 2015-09-20T10:38:27.487
5977 14 10673 2015-09-20T10:38:27.487
5977 24 10673 2015-09-20T10:38:27.487
5201 65 10681 2015-09-21T03:21:33.843
4494 46 10693 2015-09-21T19:56:29.133
4494 46 10730 2015-09-24T18:22:06.5
3892 13 10737 2015-09-25T12:26:59.247
3892 13 10738 2015-09-25T12:34:33.29
4494 2 10780 2015-09-29T12:01:57.333
6075 13 10788 2015-09-30T11:16:35.583
6084 12 10791 2015-10-02T15:55:53.48
6084 1 10791 2015-10-02T15:55:53.48
6084 13 10791 2015-10-02T15:55:53.48
3892 13 10902 2015-10-10T03:40:51.013
3892 75 10920 2015-10-11T13:05:57.727
3892 75 10961 2015-10-15T13:25:45.45
4782 1 10967 2015-10-16T15:13:48.503
4782 33 10967 2015-10-16T15:13:48.503
4782 65 10967 2015-10-16T15:13:48.503
5898 5 10996 2015-10-20T00:38:18.26
4892 12 11056 2015-10-29T19:06:35.34
4892 13 11056 2015-10-29T19:06:35.34
6153 12 11095 2015-11-01T05:51:21.203
6153 30 11095 2015-11-01T05:51:21.203
6153 32 11095 2015-11-01T05:51:21.203
4432 13 11285 2015-12-01T13:36:41.47
4432 9 11285 2015-12-01T13:36:41.47
4432 46 11285 2015-12-01T13:36:41.47
6371 44 11299 2015-12-03T14:00:44.603
6371 3 11299 2015-12-03T14:00:44.603
4451 6 11311 2015-12-04T00:44:58.353
4451 69 11311 2015-12-04T00:44:58.353
6369 13 11321 2015-12-04T16:24:01.863
6369 46 11321 2015-12-04T16:24:01.863
6420 42 11397 2015-12-13T10:45:03.907
6420 52 11397 2015-12-13T10:45:03.907
6430 12 11425 2015-12-16T18:22:10.25
6430 1 11425 2015-12-16T18:22:10.25
6430 48 11425 2015-12-16T18:22:10.25
6430 71 11425 2015-12-16T18:22:10.25
4238 12 11454 2015-12-23T01:57:35.71
4238 9 11454 2015-12-23T01:57:35.71
4238 36 11454 2015-12-23T01:57:35.71
4238 53 11454 2015-12-23T01:57:35.71
4238 11 11454 2015-12-23T01:57:35.71
5 6 11477 2015-12-24T14:15:11.207
3892 13 11506 2015-12-30T15:21:17.38
3892 13 11507 2015-12-30T15:25:24.913
6520 13 11531 2016-01-04T21:59:00.893
1262 12 11554 2016-01-06T13:52:31.733
1262 37 11554 2016-01-06T13:52:31.733
1262 25 11554 2016-01-06T13:52:31.733
1262 21 11554 2016-01-06T13:52:31.733
1262 26 11554 2016-01-06T13:52:31.733
6451 47 11568 2016-01-08T21:32:46.307
4432 46 11580 2016-01-11T11:01:08.813
6451 7 11585 2016-01-11T15:54:24.37
6451 55 11585 2016-01-11T15:54:24.37
6451 38 11585 2016-01-11T15:54:24.37
492 6 11595 2016-01-13T15:45:49.72
6451 13 11598 2016-01-13T21:33:00.647
6451 76 11598 2016-01-13T21:33:00.647
6451 47 11598 2016-01-13T21:33:00.647
6550 12 11626 2016-01-15T18:34:29.437
6550 13 11626 2016-01-15T18:34:29.437
6550 42 11626 2016-01-15T18:34:29.437
6550 52 11626 2016-01-15T18:34:29.437
6354 13 11641 2016-01-17T17:12:41.873
1556 23 11653 2016-01-18T13:51:39.443
3557 9 11658 2016-01-18T23:52:05.55
3557 43 11658 2016-01-18T23:52:05.55
3892 1 11668 2016-01-19T13:39:14.843
3892 13 11668 2016-01-19T13:39:14.843
3892 13 11670 2016-01-19T14:17:43.46
6250 13 11695 2016-01-21T12:49:02.417
5477 12 11706 2016-01-22T18:42:51.543
5477 13 11706 2016-01-22T18:42:51.543
5924 1 11714 2016-01-23T17:31:13.623
5924 13 11714 2016-01-23T17:31:13.623
4714 51 11717 2016-01-24T22:26:06.463
5477 48 11759 2016-01-29T08:35:44.88
5477 25 11759 2016-01-29T08:35:44.88
5477 77 11759 2016-01-29T08:35:44.88
5477 71 11759 2016-01-29T08:35:44.88
3892 25 11773 2016-02-01T04:44:00.37
3892 71 11773 2016-02-01T04:44:00.37
5405 12 11781 2016-02-01T20:20:37.103
5405 23 11781 2016-02-01T20:20:37.103
4714 71 11796 2016-02-04T00:48:38.877
6724 6 11802 2016-02-05T18:33:28.627
6354 13 11812 2016-02-07T06:20:52.99
6354 13 11817 2016-02-07T14:42:07.077
5596 12 11820 2016-02-08T03:45:26.937
5596 13 11820 2016-02-08T03:45:26.937
6816 78 11899 2016-02-21T20:10:20.703
6816 2 11899 2016-02-21T20:10:20.703
6816 75 11899 2016-02-21T20:10:20.703
417 23 11918 2016-02-24T13:37:56.473
6815 12 11938 2016-02-26T07:53:19.363
6815 42 11938 2016-02-26T07:53:19.363
6815 43 11938 2016-02-26T07:53:19.363
6815 79 11938 2016-02-26T07:53:19.363
6889 80 11994 2016-03-04T19:05:06.93
6889 3 11994 2016-03-04T19:05:06.93
6545 6 12018 2016-03-07T15:22:07.607
6584 13 12032 2016-03-11T21:03:46.537
6928 52 12035 2016-03-11T23:13:58.763
6349 13 12060 2016-03-15T01:42:46.973
6949 23 12063 2016-03-15T15:26:22.917
6978 13 12104 2016-03-21T11:41:37.343
7018 13 12157 2016-03-26T14:33:14.507
6913 5 12175 2016-03-28T21:53:58.323
6381 1 12196 2016-03-30T18:52:11.287
6381 13 12196 2016-03-30T18:52:11.287
6381 65 12196 2016-03-30T18:52:11.287
6816 13 12222 2016-04-07T00:35:07.203
6354 1 12227 2016-04-07T09:49:42.11
6354 13 12227 2016-04-07T09:49:42.11
4560 8 12251 2016-04-10T08:49:44.65
7114 12 12262 2016-04-11T23:26:17.577
7114 13 12262 2016-04-11T23:26:17.577
6953 13 12292 2016-04-17T23:47:20.137
6354 12 12296 2016-04-18T19:18:29.81
6354 13 12296 2016-04-18T19:18:29.81
6349 13 12312 2016-04-20T11:00:33.9
6349 42 12312 2016-04-20T11:00:33.9
6349 7 12312 2016-04-20T11:00:33.9
6349 81 12312 2016-04-20T11:00:33.9
6349 75 12312 2016-04-20T11:00:33.9
7231 6 12369 2016-05-06T10:34:11.553
6584 13 12392 2016-05-11T14:14:00.883
7239 1 12444 2016-05-19T13:44:08.207
7239 15 12444 2016-05-19T13:44:08.207
7239 34 12444 2016-05-19T13:44:08.207
7239 5 12444 2016-05-19T13:44:08.207
6354 12 12473 2016-05-26T10:40:54.283
6354 13 12473 2016-05-26T10:40:54.283
6953 42 12485 2016-05-27T18:54:02.797
6953 46 12485 2016-05-27T18:54:02.797
6550 12 12543 2016-06-02T23:08:09.187
6550 13 12543 2016-06-02T23:08:09.187
6953 13 12547 2016-06-03T10:15:31.357
6953 46 12547 2016-06-03T10:15:31.357
6354 13 12611 2016-06-12T17:37:45.65
6953 14 12620 2016-06-13T21:19:00.847
6953 43 12620 2016-06-13T21:19:00.847
7426 14 12641 2016-06-17T19:54:26.427
7426 82 12641 2016-06-17T19:54:26.427
7426 58 12641 2016-06-17T19:54:26.427
6354 12 12664 2016-06-20T16:51:35.393
6354 13 12664 2016-06-20T16:51:35.393
7476 13 12710 2016-07-01T04:52:46.7
7483 1 12718 2016-07-02T12:51:07.973
7483 6 12718 2016-07-02T12:51:07.973
4776 43 12758 2016-07-10T02:43:55.513
4776 65 12758 2016-07-10T02:43:55.513
4028 1 12763 2016-07-10T12:46:07.023
4028 13 12763 2016-07-10T12:46:07.023
7523 13 12784 2016-07-12T04:13:59.96
7239 13 12799 2016-07-14T19:11:03.137
7548 6 12821 2016-07-17T19:55:36.737
1409 12 12843 2016-07-19T19:30:03.937
1409 13 12843 2016-07-19T19:30:03.937
7307 52 12845 2016-07-19T20:28:49.817
7544 83 12879 2016-07-25T15:35:18.9
7544 11 12879 2016-07-25T15:35:18.9
7584 6 12895 2016-07-26T17:26:57.553
7584 23 12895 2016-07-26T17:26:57.553
6545 5 12917 2016-07-28T21:58:42.553
3892 13 12918 2016-07-28T22:03:26.597
3892 52 12918 2016-07-28T22:03:26.597
3892 13 12935 2016-07-30T13:27:47.797
6816 13 12940 2016-08-01T02:57:49.573
4438 52 12965 2016-08-04T12:51:28.58
4438 38 12965 2016-08-04T12:51:28.58
7239 65 12983 2016-08-08T20:12:11.183
7239 13 13030 2016-08-20T17:24:46.503
1641 13 13036 2016-08-22T09:47:13.07
1641 76 13036 2016-08-22T09:47:13.07
1641 38 13036 2016-08-22T09:47:13.07
6816 13 13067 2016-08-28T22:09:14.837
4432 13 13080 2016-08-31T09:43:03.473
3892 13 13097 2016-09-02T15:19:52.27
3892 52 13097 2016-09-02T15:19:52.27
6991 13 13121 2016-09-07T00:49:52.727
6991 7 13121 2016-09-07T00:49:52.727
6991 81 13121 2016-09-07T00:49:52.727
6991 84 13121 2016-09-07T00:49:52.727
6991 85 13121 2016-09-07T00:49:52.727
7756 45 13126 2016-09-07T12:09:05.117
7239 7 13130 2016-09-08T18:46:04.457
7239 4 13130 2016-09-08T18:46:04.457
7239 65 13130 2016-09-08T18:46:04.457
6381 13 13132 2016-09-08T20:58:44.237
7769 13 13142 2016-09-09T21:09:15.49
7769 43 13142 2016-09-09T21:09:15.49
7769 67 13142 2016-09-09T21:09:15.49
4714 47 13147 2016-09-12T08:40:23.34
7776 46 13150 2016-09-12T13:18:12.813
4714 71 13160 2016-09-14T08:23:55.197
3892 13 13191 2016-09-24T12:36:46.717
6944 9 13202 2016-10-01T19:12:44.11
6944 52 13202 2016-10-01T19:12:44.11
7239 1 13204 2016-10-03T08:08:58.02
7239 47 13204 2016-10-03T08:08:58.02
3892 52 13215 2016-10-05T13:07:56.467
7878 6 13225 2016-10-07T22:32:41.16
5691 83 13230 2016-10-08T08:13:25.66
5691 52 13230 2016-10-08T08:13:25.66
6358 13 13232 2016-10-08T13:20:07.497
3892 13 13243 2016-10-08T19:02:51.69
7878 47 13259 2016-10-09T11:32:19.267
7884 43 13269 2016-10-09T14:07:38.9
3892 13 13272 2016-10-09T14:17:13.937
7878 1 13318 2016-10-11T00:14:06.63
7878 13 13318 2016-10-11T00:14:06.63
7878 1 13330 2016-10-11T20:22:20.033
7878 13 13330 2016-10-11T20:22:20.033
4782 19 13348 2016-10-14T11:24:51.4
4782 78 13348 2016-10-14T11:24:51.4
4782 18 13348 2016-10-14T11:24:51.4
7330 1 13356 2016-10-16T21:56:21.293
7330 6 13356 2016-10-16T21:56:21.293
7937 23 13368 2016-10-18T21:05:43.963
3892 13 13406 2016-10-22T17:44:42.13
3892 75 13406 2016-10-22T17:44:42.13
4432 1 13415 2016-10-25T13:05:30.69
4432 46 13415 2016-10-25T13:05:30.69
8019 12 13480 2016-11-03T22:11:00.387
8019 23 13480 2016-11-03T22:11:00.387
8019 45 13480 2016-11-03T22:11:00.387
6840 13 13501 2016-11-08T01:52:28.24
4903 1 13506 2016-11-08T19:24:41.93
4903 25 13506 2016-11-08T19:24:41.93
4903 46 13506 2016-11-08T19:24:41.93
4238 1 13508 2016-11-09T10:39:45.5
4238 13 13508 2016-11-09T10:39:45.5
4238 7 13508 2016-11-09T10:39:45.5
4238 71 13508 2016-11-09T10:39:45.5
8053 6 13527 2016-11-12T11:20:15.577
5668 8 13529 2016-11-13T11:07:20.543
8060 68 13536 2016-11-14T13:30:36.427
8060 86 13536 2016-11-14T13:30:36.427
8060 3 13536 2016-11-14T13:30:36.427
8076 12 13563 2016-11-21T13:18:23.003
8076 42 13563 2016-11-21T13:18:23.003
8076 26 13563 2016-11-21T13:18:23.003
4259 1 13575 2016-11-23T08:52:09.377
4259 6 13575 2016-11-23T08:52:09.377
8076 45 13583 2016-11-24T16:13:54.873
8175 87 13622 2016-12-01T20:32:55.077
8175 40 13622 2016-12-01T20:32:55.077
8175 5 13622 2016-12-01T20:32:55.077
8240 65 13662 2016-12-12T13:33:19.643
7763 12 13672 2016-12-13T18:23:35.633
7763 13 13672 2016-12-13T18:23:35.633
8248 65 13678 2016-12-14T17:21:08.517
8257 71 13684 2016-12-16T17:01:12.327
3892 13 13699 2016-12-20T14:35:31.133
3892 6 13699 2016-12-20T14:35:31.133
3892 13 13715 2016-12-24T03:41:45.27
8310 6 13735 2016-12-28T20:26:40.57
6153 14 13746 2016-12-30T03:52:13.673
6153 5 13746 2016-12-30T03:52:13.673
3892 13 13749 2016-12-30T16:01:59.42
5288 19 13767 2017-01-02T21:19:03.297
5288 5 13767 2017-01-02T21:19:03.297
8344 6 13771 2017-01-05T15:03:45.337
8359 76 13796 2017-01-09T03:02:34.227
8359 38 13796 2017-01-09T03:02:34.227
5313 13 13807 2017-01-10T02:03:51.013
7544 43 13831 2017-01-16T08:34:36.363
8365 13 13838 2017-01-16T18:56:30.827
8365 6 13838 2017-01-16T18:56:30.827
8391 6 13840 2017-01-16T20:11:09.263
8391 43 13840 2017-01-16T20:11:09.263
6545 1 13844 2017-01-17T18:54:04.823
6545 14 13844 2017-01-17T18:54:04.823
6545 6 13844 2017-01-17T18:54:04.823
8406 13 13850 2017-01-18T15:56:06.773
7239 25 13857 2017-01-19T12:50:07.683
7239 65 13857 2017-01-19T12:50:07.683
6682 52 13889 2017-01-27T17:33:20.653
8359 23 13896 2017-01-29T05:34:41.577
8359 76 13896 2017-01-29T05:34:41.577
8359 45 13896 2017-01-29T05:34:41.577
8474 13 13899 2017-01-30T20:00:03.46
8498 43 13909 2017-02-03T08:54:48.04
8498 52 13909 2017-02-03T08:54:48.04
8522 12 13923 2017-02-06T09:48:42.32
8522 46 13923 2017-02-06T09:48:42.32
8522 28 13923 2017-02-06T09:48:42.32
8359 43 13960 2017-02-13T15:43:40.897
8359 52 13960 2017-02-13T15:43:40.897
8359 88 13960 2017-02-13T15:43:40.897
6545 1 13964 2017-02-14T01:35:22.777
6545 2 13964 2017-02-14T01:35:22.777
3892 13 13976 2017-02-16T17:19:02.8
8571 43 13981 2017-02-17T22:34:38.537
8571 46 13981 2017-02-17T22:34:38.537
8492 7 13984 2017-02-18T00:07:25.857
8492 47 13984 2017-02-18T00:07:25.857
8492 2 13984 2017-02-18T00:07:25.857
8553 6 14000 2017-02-20T07:29:59.35
170 52 14007 2017-02-21T08:21:34.677
8593 12 14016 2017-02-22T14:27:39.88
8593 42 14016 2017-02-22T14:27:39.88
8593 46 14016 2017-02-22T14:27:39.88
8656 43 14067 2017-03-05T17:56:20.103
2383 43 14075 2017-03-06T07:03:52.29
2383 64 14075 2017-03-06T07:03:52.29
2383 67 14075 2017-03-06T07:03:52.29
8257 47 14091 2017-03-13T06:31:05.353
8697 76 14103 2017-03-15T21:44:25.423
8697 26 14103 2017-03-15T21:44:25.423
7239 13 14107 2017-03-16T17:16:10.543
8716 87 14125 2017-03-19T16:43:17.573
8716 23 14125 2017-03-19T16:43:17.573
6545 1 14158 2017-03-24T22:48:33.11
6545 13 14158 2017-03-24T22:48:33.11
6545 6 14158 2017-03-24T22:48:33.11
5818 4 14212 2017-04-04T16:37:52.56
5818 46 14212 2017-04-04T16:37:52.56
8788 6 14216 2017-04-05T10:08:38.017
6676 19 14220 2017-04-05T14:31:08.37
6676 23 14220 2017-04-05T14:31:08.37
8794 51 14223 2017-04-06T13:57:39.197
8795 6 14230 2017-04-06T22:43:50.107
39 6 14247 2017-04-10T02:48:47.503
5423 43 14282 2017-04-14T12:29:59.91
3728 12 14306 2017-04-19T17:09:15.797
3728 52 14306 2017-04-19T17:09:15.797
4306 13 14324 2017-04-22T07:53:48.557
4306 7 14324 2017-04-22T07:53:48.557
4306 52 14324 2017-04-22T07:53:48.557
8896 13 14344 2017-04-26T08:12:45.297
4828 12 14348 2017-04-26T22:16:08.427
4828 13 14348 2017-04-26T22:16:08.427
6907 52 14368 2017-04-30T14:49:42.64
2099 1 14408 2017-05-03T22:39:50.633
2099 65 14408 2017-05-03T22:39:50.633
8844 46 14417 2017-05-06T05:41:49.73
8553 6 14462 2017-05-15T13:18:59.99
4028 1 14488 2017-05-22T02:55:34.71
4028 13 14488 2017-05-22T02:55:34.71
9035 59 14493 2017-05-22T20:18:01.08
9035 41 14493 2017-05-22T20:18:01.08
7239 13 14508 2017-05-27T11:17:19.363
7239 83 14508 2017-05-27T11:17:19.363
7239 46 14508 2017-05-27T11:17:19.363
9063 46 14530 2017-05-31T05:05:09.007
4714 1 14566 2017-06-07T09:14:13.29
4714 47 14566 2017-06-07T09:14:13.29
6907 7 14571 2017-06-08T18:00:57.337
6907 73 14571 2017-06-08T18:00:57.337
4432 52 14579 2017-06-09T07:05:12.173
9100 42 14583 2017-06-10T15:58:33.663
9100 46 14583 2017-06-10T15:58:33.663
6545 1 14586 2017-06-11T19:43:42.373
6545 6 14586 2017-06-11T19:43:42.373
9100 13 14591 2017-06-12T17:42:25.84
9100 89 14591 2017-06-12T17:42:25.84
9603 6 14592 2017-06-12T22:34:15.83
9603 89 14592 2017-06-12T22:34:15.83
1499 26 14610 2017-06-15T06:27:30.993
6545 1 14616 2017-06-15T18:33:47.257
6545 6 14616 2017-06-15T18:33:47.257
6907 13 14652 2017-06-20T01:42:43.497
6141 23 14663 2017-06-20T22:07:47.75
9100 66 14698 2017-06-24T12:09:55.827
9100 63 14700 2017-06-24T18:23:43.197
9100 46 14720 2017-06-28T16:54:00.657
1943 66 14726 2017-06-29T06:11:58.507
9207 13 14746 2017-06-30T18:49:03.583
6907 7 14763 2017-07-05T14:51:41.737
6907 73 14763 2017-07-05T14:51:41.737
8359 9 14766 2017-07-05T17:01:28.513
8359 88 14766 2017-07-05T17:01:28.513
9308 20 14824 2017-07-19T18:15:39.14
9308 59 14824 2017-07-19T18:15:39.14
9308 65 14824 2017-07-19T18:15:39.14
5427 42 14827 2017-07-20T07:12:41.453
5427 52 14827 2017-07-20T07:12:41.453
6991 1 14844 2017-07-23T15:55:21.96
6991 13 14844 2017-07-23T15:55:21.96
5 8 14868 2017-07-31T18:35:09.593
6545 1 14879 2017-08-07T18:47:26.65
6545 13 14879 2017-08-07T18:47:26.65
9207 13 14891 2017-08-14T09:31:20.53
5870 66 14900 2017-08-15T10:23:00.27
7483 12 14913 2017-08-19T14:41:21.72
7483 13 14913 2017-08-19T14:41:21.72
7483 37 14913 2017-08-19T14:41:21.72
7483 6 14913 2017-08-19T14:41:21.72
3892 13 14916 2017-08-19T23:52:48.93
8742 13 14917 2017-08-20T00:48:54.08
8742 36 14917 2017-08-20T00:48:54.08
8742 59 14917 2017-08-20T00:48:54.08
8742 50 14917 2017-08-20T00:48:54.08
8742 49 14917 2017-08-20T00:48:54.08
8742 1 14918 2017-08-20T01:02:33.217
8742 13 14918 2017-08-20T01:02:33.217
9417 13 14923 2017-08-20T22:00:10.75
7483 12 14939 2017-08-28T17:53:44.297
7483 13 14939 2017-08-28T17:53:44.297
3892 8 14957 2017-08-31T12:48:32.78
9100 24 14977 2017-09-02T20:11:20.603
5584 52 14987 2017-09-05T05:53:15.173
8742 25 15033 2017-09-17T07:53:28.213
8742 71 15033 2017-09-17T07:53:28.213
5584 52 15047 2017-09-19T07:56:06.657
5584 46 15047 2017-09-19T07:56:06.657
9119 12 15064 2017-09-22T22:41:16.49
9119 1 15064 2017-09-22T22:41:16.49
9119 8 15064 2017-09-22T22:41:16.49
5584 27 15068 2017-09-24T18:14:03.673
5584 52 15068 2017-09-24T18:14:03.673
5584 46 15068 2017-09-24T18:14:03.673
9566 12 15092 2017-09-28T15:23:01.033
9566 13 15092 2017-09-28T15:23:01.033
4238 42 15095 2017-09-28T17:22:29.093
4238 27 15095 2017-09-28T17:22:29.093
4238 43 15095 2017-09-28T17:22:29.093
5423 9 15098 2017-09-29T12:26:18.473
5423 46 15098 2017-09-29T12:26:18.473
8359 76 15101 2017-09-29T17:34:46.14
8359 32 15101 2017-09-29T17:34:46.14
8359 90 15101 2017-09-29T17:34:46.14
8359 13 15117 2017-10-05T05:03:08.98
8359 90 15117 2017-10-05T05:03:08.98
8359 23 15122 2017-10-08T04:17:29.677
8359 81 15148 2017-10-17T04:20:42.733
8359 90 15148 2017-10-17T04:20:42.733
6436 1 15149 2017-10-17T05:53:28.767
6436 13 15149 2017-10-17T05:53:28.767
9653 13 15152 2017-10-17T08:19:26.317
9603 13 15168 2017-10-20T23:24:32.127
9603 47 15168 2017-10-20T23:24:32.127
9657 25 15177 2017-10-23T15:30:31.62
9657 39 15177 2017-10-23T15:30:31.62
9603 19 15179 2017-10-25T02:21:29.747
9603 89 15179 2017-10-25T02:21:29.747
6545 25 15188 2017-11-02T04:58:59.81
6545 41 15188 2017-11-02T04:58:59.81
9653 89 15195 2017-11-02T13:39:58.103
9603 13 15212 2017-11-04T13:46:46.45
9603 42 15212 2017-11-04T13:46:46.45
9603 89 15212 2017-11-04T13:46:46.45
9653 13 15217 2017-11-06T19:17:29.967
6141 23 15223 2017-11-10T17:06:50.663
9603 7 15225 2017-11-10T20:16:55.92
9603 47 15225 2017-11-10T20:16:55.92
5998 14 15230 2017-11-13T14:37:29.637
5998 5 15230 2017-11-13T14:37:29.637
6545 5 15256 2017-11-17T21:19:35.347
6545 26 15256 2017-11-17T21:19:35.347
6545 41 15256 2017-11-17T21:19:35.347
9540 13 15289 2017-11-26T18:49:08.96
3892 25 15312 2017-12-01T13:19:42.2
3892 52 15312 2017-12-01T13:19:42.2
9579 52 15330 2017-12-04T16:13:03.113
5224 13 15350 2017-12-06T17:46:34.82
9976 13 15356 2017-12-07T00:34:26.277
9976 43 15356 2017-12-07T00:34:26.277
9976 46 15356 2017-12-07T00:34:26.277
9976 38 15356 2017-12-07T00:34:26.277
9603 19 15366 2017-12-08T21:52:55.94
9603 91 15366 2017-12-08T21:52:55.94
9762 6 15369 2017-12-11T21:29:40.6
9603 7 15395 2017-12-19T03:15:55.05
9603 39 15395 2017-12-19T03:15:55.05
10015 13 15402 2017-12-20T17:58:02.073
3892 13 15423 2017-12-25T14:10:40.493
2191 13 15428 2017-12-27T23:35:35.06
10052 1 15446 2017-12-29T17:59:05.377
10052 82 15446 2017-12-29T17:59:05.377
10052 58 15446 2017-12-29T17:59:05.377
5998 25 15456 2018-01-05T09:08:08.67
5998 46 15456 2018-01-05T09:08:08.67
5998 65 15456 2018-01-05T09:08:08.67
3892 13 15466 2018-01-06T18:44:46.377
3892 52 15466 2018-01-06T18:44:46.377
10076 6 15473 2018-01-07T20:05:52.977
4511 73 15478 2018-01-08T20:26:29.993
7018 6 15483 2018-01-08T23:48:53.49
10092 12 15500 2018-01-11T01:31:48.857
10092 52 15500 2018-01-11T01:31:48.857
10076 6 15514 2018-01-14T09:16:08.717
8672 42 15525 2018-01-16T07:33:48.307
8672 47 15525 2018-01-16T07:33:48.307
10132 43 15542 2018-01-17T18:34:19.663
7894 19 15543 2018-01-17T18:54:33.717
7894 91 15543 2018-01-17T18:54:33.717
8672 14 15549 2018-01-18T04:31:38.66
8672 62 15549 2018-01-18T04:31:38.66
8672 92 15549 2018-01-18T04:31:38.66
7894 1 15553 2018-01-18T07:49:40.703
7894 62 15553 2018-01-18T07:49:40.703
7894 92 15553 2018-01-18T07:49:40.703
8672 1 15581 2018-01-21T20:23:02.723
8672 13 15581 2018-01-21T20:23:02.723
8672 93 15581 2018-01-21T20:23:02.723
7038 19 15591 2018-01-23T03:07:06.113
7038 91 15591 2018-01-23T03:07:06.113
8672 13 15594 2018-01-23T09:03:10.913
10163 13 15598 2018-01-23T14:59:44.627
8672 1 15600 2018-01-23T19:50:16.927
8672 92 15600 2018-01-23T19:50:16.927
8780 1 15603 2018-01-23T21:29:11.473
8780 52 15603 2018-01-23T21:29:11.473
8780 65 15617 2018-01-24T21:26:21.713
8780 37 15620 2018-01-25T00:21:48.573
8780 85 15620 2018-01-25T00:21:48.573
8672 1 15630 2018-01-25T17:02:22.647
8672 92 15630 2018-01-25T17:02:22.647
8780 1 15638 2018-01-27T01:07:02.487
8780 17 15638 2018-01-27T01:07:02.487
170 1 15644 2018-01-28T10:02:57.79
170 94 15644 2018-01-28T10:02:57.79
8780 1 15650 2018-01-28T23:09:16.267
8780 95 15650 2018-01-28T23:09:16.267
8780 96 15650 2018-01-28T23:09:16.267
8672 13 15666 2018-01-30T04:39:46.977
8672 97 15666 2018-01-30T04:39:46.977
8672 1 15668 2018-01-30T09:04:25.13
8672 58 15668 2018-01-30T09:04:25.13
8672 92 15668 2018-01-30T09:04:25.13
10192 50 15670 2018-01-31T05:17:21.043
10192 90 15670 2018-01-31T05:17:21.043
10200 12 15677 2018-02-01T09:33:46.677
10200 46 15677 2018-02-01T09:33:46.677
8672 13 15679 2018-02-01T12:55:43.747
8460 23 15683 2018-02-01T18:26:56.533
8460 45 15683 2018-02-01T18:26:56.533
8780 1 15687 2018-02-02T20:56:21.37
8780 14 15687 2018-02-02T20:56:21.37
8780 98 15687 2018-02-02T20:56:21.37
8672 13 15691 2018-02-03T08:11:53.11
4451 12 15697 2018-02-04T13:25:57.04
4451 79 15697 2018-02-04T13:25:57.04
10219 1 15702 2018-02-04T16:58:22.773
10219 14 15702 2018-02-04T16:58:22.773
10219 72 15702 2018-02-04T16:58:22.773
10237 65 15729 2018-02-07T22:59:48.38
1553 4 15773 2018-02-12T19:51:41.667
1553 73 15773 2018-02-12T19:51:41.667
8672 14 15779 2018-02-13T18:32:07.237
8672 98 15779 2018-02-13T18:32:07.237
10270 1 15799 2018-02-15T13:28:27.307
10270 96 15799 2018-02-15T13:28:27.307
8672 1 15808 2018-02-17T14:04:16.907
8672 92 15808 2018-02-17T14:04:16.907
8672 13 15836 2018-02-20T17:28:18.503
10285 6 15842 2018-02-21T13:27:44.363
8780 96 15849 2018-02-22T01:41:46.057
10300 65 15860 2018-02-23T21:14:49.107
5818 52 15869 2018-02-26T05:28:05.753
6907 73 15875 2018-02-26T10:23:38.95
10306 1 15879 2018-02-27T00:00:22.753
10306 6 15879 2018-02-27T00:00:22.753
10306 65 15879 2018-02-27T00:00:22.753
10306 73 15879 2018-02-27T00:00:22.753
9603 7 15880 2018-02-27T03:24:58.677
9603 71 15880 2018-02-27T03:24:58.677
8672 37 15905 2018-03-03T12:36:03.107
8672 52 15905 2018-03-03T12:36:03.107
9603 7 15916 2018-03-04T10:24:01.153
9603 25 15916 2018-03-04T10:24:01.153
9603 39 15916 2018-03-04T10:24:01.153
9603 95 15916 2018-03-04T10:24:01.153
8672 13 15936 2018-03-08T12:52:36.257
8762 6 15957 2018-03-11T15:10:24.183
8762 26 15957 2018-03-11T15:10:24.183
6545 6 15961 2018-03-11T21:01:56.607
6545 5 15961 2018-03-11T21:01:56.607
6545 93 15961 2018-03-11T21:01:56.607
9100 42 15980 2018-03-14T08:11:12.877
9100 43 15980 2018-03-14T08:11:12.877
6991 13 15982 2018-03-14T17:22:42.393
6991 14 15982 2018-03-14T17:22:42.393
6991 6 15982 2018-03-14T17:22:42.393
6991 26 15982 2018-03-14T17:22:42.393
6991 99 15982 2018-03-14T17:22:42.393
6545 1 16008 2018-03-17T18:45:47.763
6545 6 16008 2018-03-17T18:45:47.763
6545 2 16008 2018-03-17T18:45:47.763
6545 100 16008 2018-03-17T18:45:47.763
6907 73 16016 2018-03-18T07:58:02.92
8672 1 16023 2018-03-18T23:12:16.007
8672 92 16023 2018-03-18T23:12:16.007
9603 46 16072 2018-03-25T14:46:26.593
7674 14 16095 2018-03-28T10:39:27.497
7674 50 16095 2018-03-28T10:39:27.497
7674 101 16095 2018-03-28T10:39:27.497
8672 13 16112 2018-03-30T08:27:38.66
10420 65 16121 2018-04-01T14:34:52.14
6907 13 16129 2018-04-01T20:36:33.067
8672 13 16169 2018-04-06T14:25:42.577
8672 97 16169 2018-04-06T14:25:42.577
8672 13 16220 2018-04-15T12:53:36.817
10270 2 16226 2018-04-16T17:06:26.39
6907 73 16263 2018-04-22T02:32:01.24
10322 13 16267 2018-04-22T12:26:02.76
10322 65 16267 2018-04-22T12:26:02.76
7674 100 16279 2018-04-23T14:51:29.407
7674 102 16279 2018-04-23T14:51:29.407
8672 1 16322 2018-05-02T11:59:52.053
8672 5 16322 2018-05-02T11:59:52.053
233 12 16354 2018-05-08T11:03:20.92
233 27 16354 2018-05-08T11:03:20.92
233 45 16354 2018-05-08T11:03:20.92
5543 13 16407 2018-05-14T21:04:56.28
5543 7 16407 2018-05-14T21:04:56.28
5543 73 16407 2018-05-14T21:04:56.28
10574 6 16424 2018-05-18T12:33:01.507
8780 27 16429 2018-05-18T15:16:53.443
8780 103 16429 2018-05-18T15:16:53.443
8780 104 16429 2018-05-18T15:16:53.443
10407 6 16474 2018-05-25T10:07:00.323
8780 83 16496 2018-05-28T23:17:33.917
8780 77 16496 2018-05-28T23:17:33.917
8780 105 16496 2018-05-28T23:17:33.917
6471 27 16500 2018-05-31T13:33:22.753
6471 26 16500 2018-05-31T13:33:22.753
6471 89 16500 2018-05-31T13:33:22.753
5818 42 16508 2018-06-02T23:32:05.29
5818 65 16508 2018-06-02T23:32:05.29
10655 14 16566 2018-06-12T17:25:09.393
10655 16 16566 2018-06-12T17:25:09.393
10655 106 16566 2018-06-12T17:25:09.393
10655 107 16566 2018-06-12T17:25:09.393
10655 101 16566 2018-06-12T17:25:09.393
8780 1 16574 2018-06-13T11:05:35.72
8780 108 16574 2018-06-13T11:05:35.72
8780 57 16574 2018-06-13T11:05:35.72
8780 82 16574 2018-06-13T11:05:35.72
8672 1 16583 2018-06-14T14:35:07.897
8672 104 16583 2018-06-14T14:35:07.897
10565 95 16607 2018-06-17T17:06:53.377
8780 1 16610 2018-06-18T14:10:05.053
8780 15 16610 2018-06-18T14:10:05.053
8780 109 16610 2018-06-18T14:10:05.053
8780 110 16610 2018-06-18T14:10:05.053
8780 111 16610 2018-06-18T14:10:05.053
8780 1 16614 2018-06-18T22:12:23.63
8780 83 16614 2018-06-18T22:12:23.63
8780 112 16614 2018-06-18T22:12:23.63
10687 91 16631 2018-06-20T23:34:38.263
10693 86 16644 2018-06-22T18:49:04.347
10693 68 16644 2018-06-22T18:49:04.347
10693 3 16644 2018-06-22T18:49:04.347
8672 13 16653 2018-06-23T11:21:35.037
6907 7 16663 2018-06-24T11:15:19.727
6907 71 16663 2018-06-24T11:15:19.727
6907 95 16663 2018-06-24T11:15:19.727
3892 13 16669 2018-06-24T13:39:03.13
8672 13 16678 2018-06-25T12:48:08.33
8780 15 16679 2018-06-25T14:52:01.09
8780 5 16679 2018-06-25T14:52:01.09
8780 113 16679 2018-06-25T14:52:01.09
8780 72 16679 2018-06-25T14:52:01.09
8780 25 16687 2018-06-26T15:44:51.64
8780 83 16687 2018-06-26T15:44:51.64
8780 113 16687 2018-06-26T15:44:51.64
8780 100 16687 2018-06-26T15:44:51.64
6545 89 16692 2018-06-26T21:57:31.397
6545 95 16692 2018-06-26T21:57:31.397
8672 13 16695 2018-06-27T19:19:46.637
8672 1 16704 2018-06-28T20:39:24.683
8672 47 16704 2018-06-28T20:39:24.683
10407 73 16733 2018-07-04T10:25:51.02
10420 65 16760 2018-07-08T19:12:53.62
7239 42 16796 2018-07-12T23:48:50.857
7239 65 16796 2018-07-12T23:48:50.857
7239 47 16796 2018-07-12T23:48:50.857
170 26 16831 2018-07-19T07:55:34.713
8780 5 16844 2018-07-19T17:10:04.307
8672 13 16870 2018-07-25T00:19:07.68
8780 12 16906 2018-08-01T18:45:15.24
8780 114 16906 2018-08-01T18:45:15.24
7239 26 16910 2018-08-02T01:10:33.517
10839 26 16918 2018-08-02T17:47:41.33
170 26 16936 2018-08-06T16:55:57.297
10407 32 16950 2018-08-08T00:04:11.397
8672 13 16993 2018-08-13T21:26:28.713
8672 13 17000 2018-08-15T02:09:02.523
8672 13 17014 2018-08-17T00:27:11.083
10888 65 17017 2018-08-17T12:12:59.873
5 13 17060 2018-08-26T17:50:10.433
10915 6 17067 2018-08-27T15:23:54.387
10932 13 17086 2018-09-01T22:21:05.027
10932 90 17086 2018-09-01T22:21:05.027
