34 1 1 2018-01-17T19:36:36.297
34 2 1 2018-01-17T19:36:36.297
45 3 2 2018-01-17T19:44:34.233
9 4 8 2018-01-17T19:50:18.067
9 5 8 2018-01-17T19:50:18.067
10 2 10 2018-01-17T19:53:06.8
94 4 15 2018-01-17T20:12:03.42
94 6 15 2018-01-17T20:12:03.42
94 7 15 2018-01-17T20:12:03.42
48 2 16 2018-01-17T20:21:20.41
48 1 16 2018-01-17T20:21:20.41
48 8 16 2018-01-17T20:21:20.41
111 9 20 2018-01-17T20:40:56.62
9 5 23 2018-01-17T20:55:29.147
9 10 23 2018-01-17T20:55:29.147
9 11 23 2018-01-17T20:55:29.147
9 12 23 2018-01-17T20:55:29.147
94 13 26 2018-01-17T21:19:27.567
9 5 28 2018-01-17T21:40:51.863
9 4 28 2018-01-17T21:40:51.863
154 14 29 2018-01-17T21:43:21.27
34 2 33 2018-01-17T22:06:26.883
34 1 33 2018-01-17T22:06:26.883
34 15 33 2018-01-17T22:06:26.883
34 16 33 2018-01-17T22:06:26.883
169 1 35 2018-01-17T22:12:17.543
169 17 35 2018-01-17T22:12:17.543
169 18 35 2018-01-17T22:12:17.543
169 19 35 2018-01-17T22:12:17.543
169 20 35 2018-01-17T22:12:17.543
169 4 38 2018-01-17T22:18:27.627
169 12 38 2018-01-17T22:18:27.627
169 1 38 2018-01-17T22:18:27.627
175 2 40 2018-01-17T23:06:09.917
175 5 40 2018-01-17T23:06:09.917
175 14 40 2018-01-17T23:06:09.917
94 13 41 2018-01-17T23:11:19.61
94 21 41 2018-01-17T23:11:19.61
217 2 47 2018-01-18T01:43:45.617
219 22 50 2018-01-18T02:21:28.587
219 23 50 2018-01-18T02:21:28.587
219 19 51 2018-01-18T02:27:14.06
219 24 51 2018-01-18T02:27:14.06
219 12 52 2018-01-18T02:35:20.293
219 14 52 2018-01-18T02:35:20.293
219 25 52 2018-01-18T02:35:20.293
169 2 54 2018-01-18T03:07:13.547
169 15 54 2018-01-18T03:07:13.547
217 2 58 2018-01-18T03:39:50.513
217 1 58 2018-01-18T03:39:50.513
217 8 58 2018-01-18T03:39:50.513
217 19 58 2018-01-18T03:39:50.513
245 5 59 2018-01-18T04:04:04.67
245 22 59 2018-01-18T04:04:04.67
245 26 59 2018-01-18T04:04:04.67
169 1 62 2018-01-18T05:08:55.763
169 6 62 2018-01-18T05:08:55.763
254 12 64 2018-01-18T05:14:11.29
254 24 64 2018-01-18T05:14:11.29
254 27 64 2018-01-18T05:14:11.29
260 28 65 2018-01-18T06:25:14.787
260 29 65 2018-01-18T06:25:14.787
260 30 65 2018-01-18T06:25:14.787
260 2 66 2018-01-18T06:32:19.423
260 22 66 2018-01-18T06:32:19.423
260 31 66 2018-01-18T06:32:19.423
201 32 67 2018-01-18T06:42:36.963
111 4 68 2018-01-18T06:51:33.967
270 12 71 2018-01-18T07:52:35.853
270 33 71 2018-01-18T07:52:35.853
260 24 73 2018-01-18T08:23:07.94
260 2 74 2018-01-18T08:33:00.347
260 34 75 2018-01-18T08:40:06.14
260 4 77 2018-01-18T08:47:53.76
130 12 78 2018-01-18T08:59:42.313
130 33 78 2018-01-18T08:59:42.313
290 24 81 2018-01-18T09:25:04.693
290 29 81 2018-01-18T09:25:04.693
290 30 81 2018-01-18T09:25:04.693
288 22 85 2018-01-18T09:54:37.033
288 35 85 2018-01-18T09:54:37.033
294 2 86 2018-01-18T10:21:30.04
294 5 86 2018-01-18T10:21:30.04
297 4 88 2018-01-18T11:49:00.683
62 9 91 2018-01-18T12:05:36.847
62 13 91 2018-01-18T12:05:36.847
62 36 91 2018-01-18T12:05:36.847
304 1 92 2018-01-18T12:45:46.6
304 5 92 2018-01-18T12:45:46.6
288 4 93 2018-01-18T13:12:38.593
288 22 93 2018-01-18T13:12:38.593
277 6 95 2018-01-18T13:29:28.323
277 37 95 2018-01-18T13:29:28.323
310 33 98 2018-01-18T13:46:29.04
310 20 98 2018-01-18T13:46:29.04
310 38 98 2018-01-18T13:46:29.04
323 4 101 2018-01-18T14:38:15.653
322 22 102 2018-01-18T14:40:56.713
322 33 102 2018-01-18T14:40:56.713
124 2 104 2018-01-18T14:49:57.023
124 39 104 2018-01-18T14:49:57.023
124 40 104 2018-01-18T14:49:57.023
124 35 104 2018-01-18T14:49:57.023
175 8 111 2018-01-18T16:48:03.907
175 41 111 2018-01-18T16:48:03.907
175 42 111 2018-01-18T16:48:03.907
16 2 114 2018-01-18T17:01:44.15
16 43 114 2018-01-18T17:01:44.15
268 42 117 2018-01-18T17:08:39.43
310 44 118 2018-01-18T17:10:32.4
310 29 118 2018-01-18T17:10:32.4
310 45 118 2018-01-18T17:10:32.4
310 30 118 2018-01-18T17:10:32.4
136 2 126 2018-01-18T18:13:06.913
136 46 126 2018-01-18T18:13:06.913
136 16 126 2018-01-18T18:13:06.913
136 47 126 2018-01-18T18:13:06.913
136 48 126 2018-01-18T18:13:06.913
116 15 135 2018-01-18T19:26:34.507
139 21 136 2018-01-18T19:39:08.213
139 41 136 2018-01-18T19:39:08.213
136 28 137 2018-01-18T19:56:46.53
136 48 137 2018-01-18T19:56:46.53
136 49 137 2018-01-18T19:56:46.53
360 1 140 2018-01-18T20:39:02.037
360 12 140 2018-01-18T20:39:02.037
360 41 140 2018-01-18T20:39:02.037
360 50 140 2018-01-18T20:39:02.037
226 40 151 2018-01-18T22:58:17.84
226 51 151 2018-01-18T22:58:17.84
376 12 152 2018-01-18T23:30:08.787
376 33 152 2018-01-18T23:30:08.787
166 2 156 2018-01-19T01:21:32.587
166 42 156 2018-01-19T01:21:32.587
175 12 157 2018-01-19T01:36:23.477
175 52 157 2018-01-19T01:36:23.477
136 15 158 2018-01-19T02:21:01.813
136 29 158 2018-01-19T02:21:01.813
136 30 158 2018-01-19T02:21:01.813
136 53 158 2018-01-19T02:21:01.813
234 20 160 2018-01-19T02:56:55.233
234 38 160 2018-01-19T02:56:55.233
234 54 160 2018-01-19T02:56:55.233
385 12 162 2018-01-19T03:17:01.537
169 2 171 2018-01-19T05:39:20.983
169 42 171 2018-01-19T05:39:20.983
111 4 172 2018-01-19T06:23:05.087
130 33 179 2018-01-19T11:46:59.957
428 4 186 2018-01-19T17:36:17.177
448 1 188 2018-01-19T19:52:30.797
372 2 190 2018-01-19T20:59:27.267
372 41 190 2018-01-19T20:59:27.267
460 22 191 2018-01-19T22:15:57.39
460 33 191 2018-01-19T22:15:57.39
348 33 193 2018-01-19T23:16:54
217 12 195 2018-01-20T03:37:04.107
217 13 195 2018-01-20T03:37:04.107
111 22 197 2018-01-20T04:25:49.037
111 14 197 2018-01-20T04:25:49.037
217 33 198 2018-01-20T04:46:43.61
217 47 198 2018-01-20T04:46:43.61
217 33 199 2018-01-20T04:50:43.943
217 27 199 2018-01-20T04:50:43.943
217 55 199 2018-01-20T04:50:43.943
489 2 207 2018-01-20T14:39:54.06
489 35 207 2018-01-20T14:39:54.06
460 56 209 2018-01-20T19:16:50.053
460 57 209 2018-01-20T19:16:50.053
460 58 209 2018-01-20T19:16:50.053
94 59 214 2018-01-20T21:44:29.293
217 33 217 2018-01-21T00:21:58.453
217 34 217 2018-01-21T00:21:58.453
199 2 219 2018-01-21T00:43:55.977
199 9 219 2018-01-21T00:43:55.977
30 60 222 2018-01-21T03:55:23.537
219 2 224 2018-01-21T05:51:28.057
219 19 224 2018-01-21T05:51:28.057
219 25 224 2018-01-21T05:51:28.057
38 61 228 2018-01-21T10:34:08.877
118 15 230 2018-01-21T11:31:36.857
118 20 230 2018-01-21T11:31:36.857
546 15 231 2018-01-21T12:24:47.85
546 29 231 2018-01-21T12:24:47.85
94 57 232 2018-01-21T13:58:39.63
94 46 233 2018-01-21T14:09:23.413
559 2 238 2018-01-21T14:52:03.627
559 16 238 2018-01-21T14:52:03.627
310 1 248 2018-01-22T08:05:27.567
310 42 248 2018-01-22T08:05:27.567
310 62 248 2018-01-22T08:05:27.567
597 30 253 2018-01-22T17:59:28.757
596 6 254 2018-01-22T18:03:24.167
596 34 254 2018-01-22T18:03:24.167
69 57 255 2018-01-22T18:12:23.867
69 63 255 2018-01-22T18:12:23.867
47 12 266 2018-01-23T05:53:44.007
47 64 266 2018-01-23T05:53:44.007
535 28 267 2018-01-23T06:32:33.43
111 59 271 2018-01-23T13:30:36.113
33 2 274 2018-01-23T16:45:12.09
33 22 274 2018-01-23T16:45:12.09
444 2 276 2018-01-23T17:04:35.343
444 22 276 2018-01-23T17:04:35.343
444 51 276 2018-01-23T17:04:35.343
226 1 281 2018-01-23T19:58:38.333
226 28 281 2018-01-23T19:58:38.333
226 17 281 2018-01-23T19:58:38.333
226 18 281 2018-01-23T19:58:38.333
139 26 282 2018-01-23T20:14:55.837
508 2 286 2018-01-23T23:47:25.87
508 12 286 2018-01-23T23:47:25.87
508 33 286 2018-01-23T23:47:25.87
47 2 290 2018-01-24T03:24:25.607
47 33 290 2018-01-24T03:24:25.607
47 41 290 2018-01-24T03:24:25.607
68 42 291 2018-01-24T03:31:04.073
111 65 295 2018-01-24T11:16:47.653
245 1 298 2018-01-24T20:40:56.11
245 5 298 2018-01-24T20:40:56.11
245 6 298 2018-01-24T20:40:56.11
245 34 298 2018-01-24T20:40:56.11
245 7 298 2018-01-24T20:40:56.11
34 1 299 2018-01-24T21:28:29.223
34 6 299 2018-01-24T21:28:29.223
34 66 299 2018-01-24T21:28:29.223
34 67 299 2018-01-24T21:28:29.223
34 1 300 2018-01-24T21:39:15.423
34 6 300 2018-01-24T21:39:15.423
34 34 300 2018-01-24T21:39:15.423
34 67 300 2018-01-24T21:39:15.423
34 68 300 2018-01-24T21:39:15.423
704 2 304 2018-01-24T22:20:32.88
367 47 306 2018-01-25T01:41:11.73
506 22 310 2018-01-25T18:35:41.51
506 69 310 2018-01-25T18:35:41.51
57 2 312 2018-01-25T20:16:49.767
57 22 312 2018-01-25T20:16:49.767
57 42 312 2018-01-25T20:16:49.767
57 70 312 2018-01-25T20:16:49.767
57 71 312 2018-01-25T20:16:49.767
508 30 315 2018-01-26T03:08:23.887
508 38 315 2018-01-26T03:08:23.887
290 42 318 2018-01-26T14:38:47.883
290 30 318 2018-01-26T14:38:47.883
290 19 318 2018-01-26T14:38:47.883
290 20 318 2018-01-26T14:38:47.883
428 27 320 2018-01-26T16:25:44.09
738 72 322 2018-01-26T22:01:43.01
662 4 325 2018-01-27T01:00:27.203
662 14 325 2018-01-27T01:00:27.203
540 32 328 2018-01-27T04:32:51.19
320 22 330 2018-01-27T07:58:57.813
320 23 330 2018-01-27T07:58:57.813
320 73 330 2018-01-27T07:58:57.813
103 1 331 2018-01-27T09:35:02.043
103 27 331 2018-01-27T09:35:02.043
746 1 333 2018-01-27T16:43:01.63
746 27 333 2018-01-27T16:43:01.63
746 74 333 2018-01-27T16:43:01.63
746 1 334 2018-01-27T17:08:37.36
662 28 339 2018-01-28T02:06:48.57
662 75 339 2018-01-28T02:06:48.57
662 76 339 2018-01-28T02:06:48.57
662 77 339 2018-01-28T02:06:48.57
755 78 343 2018-01-29T02:56:29.643
755 79 343 2018-01-29T02:56:29.643
755 62 343 2018-01-29T02:56:29.643
763 47 345 2018-01-29T10:28:15.16
763 80 345 2018-01-29T10:28:15.16
757 2 346 2018-01-29T11:09:30.397
757 2 347 2018-01-29T11:11:53.907
757 33 348 2018-01-29T11:13:55.903
666 4 357 2018-01-29T23:10:59.227
666 10 357 2018-01-29T23:10:59.227
773 47 360 2018-01-30T03:02:57.583
772 4 361 2018-01-30T03:26:27.853
772 24 361 2018-01-30T03:26:27.853
772 3 361 2018-01-30T03:26:27.853
773 22 367 2018-01-30T14:30:28.78
773 57 371 2018-01-30T21:45:07.81
784 47 372 2018-01-30T22:12:31.723
784 49 372 2018-01-30T22:12:31.723
386 2 379 2018-02-01T18:57:26.26
386 9 379 2018-02-01T18:57:26.26
386 80 379 2018-02-01T18:57:26.26
755 78 383 2018-02-02T15:17:56.973
327 2 386 2018-02-03T18:06:37.957
327 59 386 2018-02-03T18:06:37.957
327 36 386 2018-02-03T18:06:37.957
327 81 386 2018-02-03T18:06:37.957
805 78 387 2018-02-03T21:22:49.56
805 78 388 2018-02-03T22:10:13.553
662 28 392 2018-02-03T23:49:16.38
662 29 392 2018-02-03T23:49:16.38
217 20 394 2018-02-04T05:24:38.153
217 38 394 2018-02-04T05:24:38.153
811 28 395 2018-02-04T18:01:29.557
811 29 395 2018-02-04T18:01:29.557
811 15 395 2018-02-04T18:01:29.557
812 2 397 2018-02-04T21:34:18.56
812 78 397 2018-02-04T21:34:18.56
812 79 397 2018-02-04T21:34:18.56
217 2 398 2018-02-04T21:47:13.11
812 2 400 2018-02-04T22:01:49.613
755 2 407 2018-02-05T12:28:21.267
755 78 407 2018-02-05T12:28:21.267
755 79 407 2018-02-05T12:28:21.267
248 34 409 2018-02-05T23:41:30.117
248 67 409 2018-02-05T23:41:30.117
823 2 414 2018-02-06T12:54:51.567
823 41 414 2018-02-06T12:54:51.567
823 9 414 2018-02-06T12:54:51.567
823 2 415 2018-02-06T12:58:48.5
823 55 415 2018-02-06T12:58:48.5
779 2 417 2018-02-06T15:08:37.483
825 13 419 2018-02-06T16:30:20.96
69 68 422 2018-02-07T01:01:40.413
854 33 425 2018-02-07T03:26:56.47
773 9 426 2018-02-07T04:11:20.17
111 82 429 2018-02-07T08:25:59.997
876 2 432 2018-02-07T12:07:27.233
876 79 432 2018-02-07T12:07:27.233
169 1 434 2018-02-07T23:00:17.68
169 83 434 2018-02-07T23:00:17.68
773 28 435 2018-02-08T03:45:01.647
773 38 435 2018-02-08T03:45:01.647
111 79 439 2018-02-08T10:29:36.98
111 82 439 2018-02-08T10:29:36.98
763 28 445 2018-02-08T22:20:57.983
763 35 445 2018-02-08T22:20:57.983
763 76 445 2018-02-08T22:20:57.983
169 41 446 2018-02-09T02:03:41.813
169 50 446 2018-02-09T02:03:41.813
250 6 450 2018-02-09T22:06:32.737
250 34 450 2018-02-09T22:06:32.737
94 6 452 2018-02-10T01:43:10.613
111 9 454 2018-02-10T06:39:24.813
111 84 454 2018-02-10T06:39:24.813
111 85 454 2018-02-10T06:39:24.813
929 41 457 2018-02-10T17:10:32.1
925 80 459 2018-02-11T01:55:30.98
933 9 460 2018-02-11T13:54:04.403
933 14 460 2018-02-11T13:54:04.403
934 71 463 2018-02-11T17:37:27.98
94 86 464 2018-02-11T19:26:24.627
111 48 467 2018-02-12T12:32:48.51
111 82 467 2018-02-12T12:32:48.51
945 28 471 2018-02-12T17:34:47.59
945 9 471 2018-02-12T17:34:47.59
945 47 471 2018-02-12T17:34:47.59
945 48 471 2018-02-12T17:34:47.59
940 6 475 2018-02-13T00:17:24.72
940 34 475 2018-02-13T00:17:24.72
260 34 479 2018-02-13T07:54:27.51
260 35 481 2018-02-13T08:02:36.477
938 5 482 2018-02-13T09:36:15.63
938 42 482 2018-02-13T09:36:15.63
956 28 485 2018-02-13T12:11:53.647
956 29 485 2018-02-13T12:11:53.647
956 30 485 2018-02-13T12:11:53.647
956 24 485 2018-02-13T12:11:53.647
954 22 486 2018-02-13T12:15:15.74
954 47 486 2018-02-13T12:15:15.74
694 6 492 2018-02-13T16:21:33.48
508 35 498 2018-02-13T22:06:02.45
508 64 498 2018-02-13T22:06:02.45
876 2 502 2018-02-14T07:26:27.22
876 70 502 2018-02-14T07:26:27.22
876 87 502 2018-02-14T07:26:27.22
952 83 505 2018-02-14T12:09:31.07
978 20 509 2018-02-15T08:36:06.37
937 28 514 2018-02-16T05:41:20.523
937 53 514 2018-02-16T05:41:20.523
985 55 516 2018-02-16T09:14:01.12
986 48 517 2018-02-16T10:00:03.96
987 78 519 2018-02-16T12:10:16.737
989 20 521 2018-02-16T15:17:46.973
989 19 521 2018-02-16T15:17:46.973
993 28 524 2018-02-17T12:13:57.57
960 2 527 2018-02-18T10:32:28.723
960 46 527 2018-02-18T10:32:28.723
960 9 527 2018-02-18T10:32:28.723
960 48 527 2018-02-18T10:32:28.723
960 51 527 2018-02-18T10:32:28.723
763 28 528 2018-02-18T15:01:24.543
763 30 528 2018-02-18T15:01:24.543
996 22 529 2018-02-18T17:51:27.843
996 64 529 2018-02-18T17:51:27.843
996 43 529 2018-02-18T17:51:27.843
987 78 532 2018-02-19T14:24:52.353
999 78 533 2018-02-19T14:34:31.853
764 79 534 2018-02-19T15:48:58.597
1000 28 535 2018-02-19T17:14:18.37
1000 47 535 2018-02-19T17:14:18.37
245 2 538 2018-02-19T18:31:07.903
1001 41 542 2018-02-19T22:17:04.023
1002 47 543 2018-02-19T22:58:23.127
1002 60 543 2018-02-19T22:58:23.127
1002 66 543 2018-02-19T22:58:23.127
999 78 544 2018-02-19T23:01:42.977
996 2 547 2018-02-20T07:37:34.673
996 9 547 2018-02-20T07:37:34.673
996 41 547 2018-02-20T07:37:34.673
996 84 547 2018-02-20T07:37:34.673
996 84 549 2018-02-20T08:37:32.683
996 85 549 2018-02-20T08:37:32.683
938 20 553 2018-02-20T13:55:00.267
47 2 554 2018-02-20T15:51:21.983
47 47 554 2018-02-20T15:51:21.983
47 30 554 2018-02-20T15:51:21.983
1006 34 560 2018-02-20T20:31:50.163
1004 28 562 2018-02-20T22:55:48.643
1010 47 566 2018-02-21T05:50:20.99
1010 34 566 2018-02-21T05:50:20.99
94 84 569 2018-02-21T13:10:12.503
94 88 569 2018-02-21T13:10:12.503
94 84 571 2018-02-21T19:23:57.72
1004 28 573 2018-02-22T04:42:29.623
1004 47 573 2018-02-22T04:42:29.623
1004 80 573 2018-02-22T04:42:29.623
111 47 574 2018-02-22T08:50:55.59
111 9 574 2018-02-22T08:50:55.59
111 89 574 2018-02-22T08:50:55.59
111 90 574 2018-02-22T08:50:55.59
999 78 575 2018-02-22T11:00:37.41
957 28 576 2018-02-22T13:22:59.387
957 59 576 2018-02-22T13:22:59.387
957 28 577 2018-02-22T14:40:40.33
957 59 577 2018-02-22T14:40:40.33
957 69 577 2018-02-22T14:40:40.33
1017 2 579 2018-02-22T22:37:49.58
1017 1 579 2018-02-22T22:37:49.58
1017 33 579 2018-02-22T22:37:49.58
1017 16 579 2018-02-22T22:37:49.58
996 64 580 2018-02-23T01:23:17.06
996 43 580 2018-02-23T01:23:17.06
1019 51 582 2018-02-23T08:24:36.433
1019 91 582 2018-02-23T08:24:36.433
1019 58 582 2018-02-23T08:24:36.433
999 46 586 2018-02-24T18:06:36.143
999 48 586 2018-02-24T18:06:36.143
1025 66 587 2018-02-24T20:04:44.627
111 9 589 2018-02-25T05:07:20.823
111 52 589 2018-02-25T05:07:20.823
1006 26 593 2018-02-26T01:12:27.147
1027 28 597 2018-02-27T01:35:59.683
1027 17 597 2018-02-27T01:35:59.683
756 43 599 2018-02-27T05:34:45.287
1031 2 602 2018-02-27T12:24:27.407
1031 13 602 2018-02-27T12:24:27.407
1031 59 602 2018-02-27T12:24:27.407
472 28 604 2018-02-28T01:34:59.113
472 59 604 2018-02-28T01:34:59.113
472 3 604 2018-02-28T01:34:59.113
1040 47 605 2018-02-28T08:10:37.75
1040 29 605 2018-02-28T08:10:37.75
1040 48 605 2018-02-28T08:10:37.75
1039 68 606 2018-02-28T08:11:15.417
1039 92 606 2018-02-28T08:11:15.417
1025 6 608 2018-03-01T00:15:27.86
1025 37 608 2018-03-01T00:15:27.86
935 2 609 2018-03-01T06:04:34.187
935 1 609 2018-03-01T06:04:34.187
935 66 609 2018-03-01T06:04:34.187
1029 2 611 2018-03-01T08:52:06.43
1025 6 614 2018-03-03T01:06:48.22
1025 52 614 2018-03-03T01:06:48.22
935 66 616 2018-03-05T01:01:09.03
1058 26 618 2018-03-05T13:10:38.343
1014 34 619 2018-03-05T15:03:36.337
1029 66 623 2018-03-06T07:17:40.3
1029 2 625 2018-03-06T08:45:51.557
1065 52 628 2018-03-06T16:23:11.663
1065 79 630 2018-03-06T17:04:59.213
1066 12 631 2018-03-06T17:58:11.547
1066 93 631 2018-03-06T17:58:11.547
1078 2 632 2018-03-06T22:41:02.683
1078 20 632 2018-03-06T22:41:02.683
1078 38 632 2018-03-06T22:41:02.683
1063 28 634 2018-03-07T01:23:17.25
1063 15 634 2018-03-07T01:23:17.25
1063 3 634 2018-03-07T01:23:17.25
1080 34 638 2018-03-07T03:27:34.827
1080 6 638 2018-03-07T03:27:34.827
1080 87 638 2018-03-07T03:27:34.827
1029 28 641 2018-03-07T09:32:29.153
1029 47 641 2018-03-07T09:32:29.153
1035 35 643 2018-03-07T15:48:31.627
1089 34 645 2018-03-07T22:35:40.01
1089 66 645 2018-03-07T22:35:40.01
1089 45 645 2018-03-07T22:35:40.01
1093 42 649 2018-03-08T05:22:16.26
1029 2 650 2018-03-08T05:44:36.157
1029 38 650 2018-03-08T05:44:36.157
1097 20 653 2018-03-08T13:32:40.227
1097 38 653 2018-03-08T13:32:40.227
1099 47 657 2018-03-08T21:49:23.547
954 47 658 2018-03-08T22:17:21.423
954 43 658 2018-03-08T22:17:21.423
954 93 658 2018-03-08T22:17:21.423
1102 22 660 2018-03-09T11:48:47.247
1102 13 660 2018-03-09T11:48:47.247
1102 35 660 2018-03-09T11:48:47.247
1102 51 660 2018-03-09T11:48:47.247
1112 64 667 2018-03-10T17:16:39.33
1112 26 670 2018-03-11T15:08:28.013
1029 22 672 2018-03-12T06:18:40.31
111 42 674 2018-03-12T10:56:03.833
1117 34 675 2018-03-12T13:16:48.157
1117 52 675 2018-03-12T13:16:48.157
1120 2 680 2018-03-12T19:20:38.75
1120 22 680 2018-03-12T19:20:38.75
1120 68 680 2018-03-12T19:20:38.75
1120 2 682 2018-03-12T21:54:22.667
1120 22 682 2018-03-12T21:54:22.667
1120 70 682 2018-03-12T21:54:22.667
1029 22 684 2018-03-13T02:22:40.54
1029 57 684 2018-03-13T02:22:40.54
1080 28 686 2018-03-13T06:18:21.02
1080 6 686 2018-03-13T06:18:21.02
1080 55 686 2018-03-13T06:18:21.02
1063 47 688 2018-03-13T06:41:42.657
1120 2 689 2018-03-13T09:16:41.61
1120 22 689 2018-03-13T09:16:41.61
1120 13 689 2018-03-13T09:16:41.61
1120 35 689 2018-03-13T09:16:41.61
1120 68 689 2018-03-13T09:16:41.61
1006 68 692 2018-03-13T10:06:30.523
1006 63 692 2018-03-13T10:06:30.523
740 65 696 2018-03-13T15:39:23.703
782 56 697 2018-03-13T20:43:33.03
1099 28 700 2018-03-14T00:03:14.083
1128 2 701 2018-03-14T04:28:34.583
1128 28 701 2018-03-14T04:28:34.583
1129 78 703 2018-03-14T06:03:51.537
1112 2 704 2018-03-14T09:48:41.23
1112 26 704 2018-03-14T09:48:41.23
1057 28 705 2018-03-14T11:27:38.17
1108 35 712 2018-03-15T02:13:55.823
1037 9 716 2018-03-15T08:44:29.05
1063 47 718 2018-03-15T09:43:59.703
1136 28 720 2018-03-15T12:12:37.733
1136 47 720 2018-03-15T12:12:37.733
1138 2 723 2018-03-15T20:37:33.477
1138 68 723 2018-03-15T20:37:33.477
1139 34 724 2018-03-16T02:49:48.18
1099 43 728 2018-03-16T21:55:39.847
1143 22 729 2018-03-16T22:43:55.077
1143 47 729 2018-03-16T22:43:55.077
1143 15 729 2018-03-16T22:43:55.077
1143 28 731 2018-03-17T00:19:24.067
1099 28 736 2018-03-19T18:16:22.49
1136 28 737 2018-03-20T01:35:49.397
1155 47 740 2018-03-20T22:16:38.247
1155 48 740 2018-03-20T22:16:38.247
876 84 742 2018-03-21T17:31:29.55
1158 22 743 2018-03-21T17:39:38.393
1160 28 748 2018-03-22T04:03:44.6
1160 29 748 2018-03-22T04:03:44.6
1163 94 749 2018-03-22T11:38:30.06
1112 64 751 2018-03-23T11:11:49.783
1168 1 752 2018-03-23T13:08:52.897
1168 41 752 2018-03-23T13:08:52.897
1139 47 757 2018-03-24T03:55:17.13
1171 47 760 2018-03-24T06:33:58.07
1171 81 760 2018-03-24T06:33:58.07
1169 47 761 2018-03-24T20:51:24.617
1169 13 761 2018-03-24T20:51:24.617
1169 9 761 2018-03-24T20:51:24.617
1175 29 764 2018-03-25T21:04:40.943
1175 30 764 2018-03-25T21:04:40.943
1006 33 767 2018-03-26T02:34:26.933
1176 6 768 2018-03-26T04:09:26.36
1176 34 768 2018-03-26T04:09:26.36
1176 42 768 2018-03-26T04:09:26.36
1177 34 773 2018-03-26T14:16:13.333
1177 9 773 2018-03-26T14:16:13.333
1177 13 773 2018-03-26T14:16:13.333
1178 12 774 2018-03-26T16:10:10.723
1178 7 774 2018-03-26T16:10:10.723
1178 65 774 2018-03-26T16:10:10.723
1143 30 776 2018-03-26T22:05:58.983
1063 2 777 2018-03-27T02:55:31.843
1063 95 777 2018-03-27T02:55:31.843
1063 96 777 2018-03-27T02:55:31.843
1180 2 778 2018-03-27T07:14:54.253
1180 22 778 2018-03-27T07:14:54.253
1180 33 778 2018-03-27T07:14:54.253
1180 68 778 2018-03-27T07:14:54.253
1139 47 780 2018-03-27T08:46:30.567
1139 24 780 2018-03-27T08:46:30.567
740 65 783 2018-03-27T14:27:33.05
47 22 786 2018-03-27T16:24:58.123
47 34 786 2018-03-27T16:24:58.123
47 43 786 2018-03-27T16:24:58.123
47 52 786 2018-03-27T16:24:58.123
1185 34 787 2018-03-27T18:05:12.137
1187 13 791 2018-03-27T20:34:48.287
1187 48 791 2018-03-27T20:34:48.287
1006 24 795 2018-03-28T17:02:03.07
1006 19 795 2018-03-28T17:02:03.07
1193 34 799 2018-03-28T19:29:16.493
1193 78 799 2018-03-28T19:29:16.493
999 13 800 2018-03-29T03:33:09.677
1197 47 801 2018-03-29T04:43:11.58
1040 34 802 2018-03-29T06:11:34.16
1040 67 802 2018-03-29T06:11:34.16
897 91 806 2018-03-29T11:21:13.097
1148 65 807 2018-03-29T11:37:43.667
1198 2 810 2018-03-29T14:07:56.477
1191 4 812 2018-03-29T16:53:14.8
1199 55 813 2018-03-29T16:56:43.967
1145 56 817 2018-03-29T20:02:38.64
1201 94 820 2018-03-30T01:18:07.43
1199 12 821 2018-03-30T07:56:07.8
1199 37 821 2018-03-30T07:56:07.8
1199 11 821 2018-03-30T07:56:07.8
1099 78 825 2018-03-30T18:36:05.21
1188 94 828 2018-04-02T04:16:02.59
405 2 830 2018-04-02T14:01:05.813
405 28 830 2018-04-02T14:01:05.813
405 15 830 2018-04-02T14:01:05.813
1063 28 832 2018-04-03T04:02:01.23
1063 38 832 2018-04-03T04:02:01.23
1063 97 832 2018-04-03T04:02:01.23
1040 34 834 2018-04-03T05:24:06.197
1040 79 836 2018-04-03T11:07:31.077
1040 84 836 2018-04-03T11:07:31.077
1040 7 836 2018-04-03T11:07:31.077
876 22 838 2018-04-03T11:32:42.243
876 52 838 2018-04-03T11:32:42.243
1040 79 839 2018-04-03T12:08:39.747
1040 84 839 2018-04-03T12:08:39.747
1006 68 841 2018-04-03T19:14:07.047
1225 47 844 2018-04-04T18:17:00.097
1225 78 844 2018-04-04T18:17:00.097
1233 47 849 2018-04-06T12:01:18.62
1233 92 849 2018-04-06T12:01:18.62
763 28 851 2018-04-07T00:15:56.147
763 4 851 2018-04-07T00:15:56.147
1235 64 855 2018-04-08T17:07:09.893
1239 34 858 2018-04-10T09:48:38.657
1239 9 858 2018-04-10T09:48:38.657
1239 4 858 2018-04-10T09:48:38.657
1054 28 859 2018-04-10T18:13:29.063
1054 30 859 2018-04-10T18:13:29.063
1235 34 860 2018-04-10T18:17:19.367
1235 6 860 2018-04-10T18:17:19.367
1235 93 860 2018-04-10T18:17:19.367
1241 2 863 2018-04-11T09:18:56.62
1241 22 863 2018-04-11T09:18:56.62
1233 2 867 2018-04-11T14:42:50.407
1233 28 867 2018-04-11T14:42:50.407
1233 24 867 2018-04-11T14:42:50.407
1233 14 867 2018-04-11T14:42:50.407
1235 64 868 2018-04-11T18:28:58.963
1235 94 868 2018-04-11T18:28:58.963
1235 49 868 2018-04-11T18:28:58.963
1235 72 868 2018-04-11T18:28:58.963
1063 2 869 2018-04-12T08:16:54.15
1063 28 869 2018-04-12T08:16:54.15
1063 13 869 2018-04-12T08:16:54.15
1063 98 869 2018-04-12T08:16:54.15
1063 99 869 2018-04-12T08:16:54.15
1246 2 872 2018-04-12T14:15:04.147
1246 1 872 2018-04-12T14:15:04.147
1246 65 872 2018-04-12T14:15:04.147
1248 2 874 2018-04-12T18:03:05.073
1248 78 874 2018-04-12T18:03:05.073
1248 35 874 2018-04-12T18:03:05.073
1249 34 875 2018-04-12T19:49:27.1
1249 64 875 2018-04-12T19:49:27.1
1251 28 879 2018-04-13T15:35:12.867
1251 9 879 2018-04-13T15:35:12.867
1251 92 879 2018-04-13T15:35:12.867
1251 100 879 2018-04-13T15:35:12.867
1252 13 881 2018-04-13T19:40:47.393
1252 85 881 2018-04-13T19:40:47.393
1252 88 881 2018-04-13T19:40:47.393
1253 47 882 2018-04-14T04:46:59.55
1253 13 882 2018-04-14T04:46:59.55
1199 34 885 2018-04-15T06:07:08.857
1199 67 885 2018-04-15T06:07:08.857
1199 45 885 2018-04-15T06:07:08.857
957 47 887 2018-04-15T12:58:23.567
957 55 887 2018-04-15T12:58:23.567
957 13 887 2018-04-15T12:58:23.567
1063 28 890 2018-04-16T07:37:23.483
1063 24 890 2018-04-16T07:37:23.483
1253 47 893 2018-04-17T03:16:21.213
1253 13 893 2018-04-17T03:16:21.213
1253 55 893 2018-04-17T03:16:21.213
1235 28 894 2018-04-17T19:40:15.977
1235 33 894 2018-04-17T19:40:15.977
1235 20 894 2018-04-17T19:40:15.977
1235 94 894 2018-04-17T19:40:15.977
1235 72 894 2018-04-17T19:40:15.977
260 91 897 2018-04-18T05:34:19.257
1259 28 899 2018-04-18T10:58:21.59
1259 47 899 2018-04-18T10:58:21.59
1259 30 899 2018-04-18T10:58:21.59
1202 28 900 2018-04-18T13:32:39.537
1202 20 900 2018-04-18T13:32:39.537
1202 92 900 2018-04-18T13:32:39.537
1261 78 902 2018-04-19T00:39:49.043
1202 2 909 2018-04-20T06:31:43.3
1202 28 909 2018-04-20T06:31:43.3
1202 47 909 2018-04-20T06:31:43.3
1202 41 909 2018-04-20T06:31:43.3
1202 24 909 2018-04-20T06:31:43.3
1267 2 910 2018-04-20T10:02:49.2
1267 13 910 2018-04-20T10:02:49.2
1267 59 910 2018-04-20T10:02:49.2
1267 13 912 2018-04-20T10:57:15.157
1267 27 912 2018-04-20T10:57:15.157
1251 28 914 2018-04-20T13:14:47.617
1251 30 914 2018-04-20T13:14:47.617
1251 20 914 2018-04-20T13:14:47.617
1269 35 915 2018-04-21T15:04:02.207
1269 91 915 2018-04-21T15:04:02.207
1235 28 917 2018-04-22T02:03:41.873
1235 30 917 2018-04-22T02:03:41.873
1235 3 917 2018-04-22T02:03:41.873
1249 101 918 2018-04-22T03:58:34.597
546 3 921 2018-04-22T19:08:55.167
1278 102 925 2018-04-23T09:07:25.71
740 65 926 2018-04-23T11:31:04.43
1177 2 927 2018-04-23T15:30:06.643
1177 13 927 2018-04-23T15:30:06.643
1177 57 927 2018-04-23T15:30:06.643
1177 45 927 2018-04-23T15:30:06.643
1280 55 934 2018-04-23T21:30:38.21
1006 13 937 2018-04-24T12:25:41.957
1177 2 938 2018-04-24T14:39:23.397
1177 46 938 2018-04-24T14:39:23.397
1177 90 938 2018-04-24T14:39:23.397
1256 66 941 2018-04-24T16:59:31.293
1063 28 946 2018-04-26T04:14:53.45
1063 55 946 2018-04-26T04:14:53.45
1063 70 946 2018-04-26T04:14:53.45
876 22 947 2018-04-26T06:27:07.39
876 52 947 2018-04-26T06:27:07.39
996 2 955 2018-04-27T03:31:41.387
996 1 955 2018-04-27T03:31:41.387
996 66 955 2018-04-27T03:31:41.387
1285 34 957 2018-04-27T13:04:35.307
1285 23 957 2018-04-27T13:04:35.307
1285 73 957 2018-04-27T13:04:35.307
1155 59 959 2018-04-29T20:13:23.927
1295 34 967 2018-04-30T07:49:25.51
1295 52 967 2018-04-30T07:49:25.51
1295 67 967 2018-04-30T07:49:25.51
1296 2 969 2018-04-30T09:05:13.54
957 28 971 2018-04-30T12:25:57.66
957 47 971 2018-04-30T12:25:57.66
957 92 971 2018-04-30T12:25:57.66
1297 28 972 2018-04-30T17:15:59.5
1297 55 972 2018-04-30T17:15:59.5
1297 91 972 2018-04-30T17:15:59.5
1301 13 975 2018-04-30T21:19:34.407
1304 28 977 2018-05-01T13:47:24.407
1304 92 977 2018-05-01T13:47:24.407
1128 2 982 2018-05-02T06:53:01.74
1128 28 982 2018-05-02T06:53:01.74
1128 13 982 2018-05-02T06:53:01.74
1128 78 982 2018-05-02T06:53:01.74
1128 59 982 2018-05-02T06:53:01.74
784 80 988 2018-05-02T19:15:57.663
784 86 988 2018-05-02T19:15:57.663
1128 2 991 2018-05-03T06:13:28.637
1128 78 991 2018-05-03T06:13:28.637
1128 59 991 2018-05-03T06:13:28.637
1308 28 992 2018-05-03T07:37:09.06
1308 47 992 2018-05-03T07:37:09.06
1308 49 992 2018-05-03T07:37:09.06
1299 47 993 2018-05-03T07:50:02.863
1299 97 993 2018-05-03T07:50:02.863
1175 22 996 2018-05-03T17:51:45.267
1175 64 996 2018-05-03T17:51:45.267
1303 2 1004 2018-05-05T01:31:06.387
1315 29 1006 2018-05-05T07:39:57.407
1315 15 1006 2018-05-05T07:39:57.407
1315 76 1006 2018-05-05T07:39:57.407
1175 22 1008 2018-05-05T16:20:12.227
1175 57 1008 2018-05-05T16:20:12.227
1175 22 1010 2018-05-06T18:56:50.113
1175 64 1010 2018-05-06T18:56:50.113
1316 28 1013 2018-05-07T06:54:30.81
1316 47 1013 2018-05-07T06:54:30.81
1308 28 1014 2018-05-07T08:29:25.973
1316 22 1015 2018-05-07T08:46:35.52
1316 7 1015 2018-05-07T08:46:35.52
1308 28 1016 2018-05-07T09:21:33.577
1308 3 1016 2018-05-07T09:21:33.577
1251 48 1019 2018-05-07T16:42:55.49
1259 47 1020 2018-05-07T21:55:14.287
1259 9 1020 2018-05-07T21:55:14.287
1259 41 1020 2018-05-07T21:55:14.287
1259 94 1020 2018-05-07T21:55:14.287
1321 65 1022 2018-05-08T07:54:44.11
1323 59 1023 2018-05-08T11:59:36.48
1323 3 1023 2018-05-08T11:59:36.48
1006 103 1029 2018-05-09T23:37:30.963
1299 47 1030 2018-05-10T20:58:07.04
740 34 1033 2018-05-11T09:48:26.197
740 65 1033 2018-05-11T09:48:26.197
301 12 1035 2018-05-13T15:36:39.64
960 2 1036 2018-05-13T17:11:45.68
960 47 1036 2018-05-13T17:11:45.68
960 35 1036 2018-05-13T17:11:45.68
1343 27 1038 2018-05-13T20:27:03.13
1346 34 1043 2018-05-16T10:04:21.193
1346 55 1043 2018-05-16T10:04:21.193
1346 66 1043 2018-05-16T10:04:21.193
1346 45 1043 2018-05-16T10:04:21.193
1251 48 1044 2018-05-16T12:57:33.86
1351 13 1049 2018-05-18T15:10:39.457
1351 68 1049 2018-05-18T15:10:39.457
1351 86 1049 2018-05-18T15:10:39.457
1353 22 1052 2018-05-18T16:02:05.667
897 2 1055 2018-05-20T10:49:06.313
897 52 1055 2018-05-20T10:49:06.313
897 91 1055 2018-05-20T10:49:06.313
1357 94 1057 2018-05-20T19:49:07.927
1357 83 1057 2018-05-20T19:49:07.927
1139 28 1059 2018-05-21T05:31:42.01
1139 34 1059 2018-05-21T05:31:42.01
1139 52 1059 2018-05-21T05:31:42.01
1139 73 1059 2018-05-21T05:31:42.01
1325 2 1060 2018-05-21T10:08:01.923
1325 13 1060 2018-05-21T10:08:01.923
1139 22 1065 2018-05-22T09:15:56.21
1139 90 1065 2018-05-22T09:15:56.21
1359 9 1069 2018-05-22T23:10:50.95
1359 97 1069 2018-05-22T23:10:50.95
1360 22 1070 2018-05-23T01:42:10.773
1360 48 1070 2018-05-23T01:42:10.773
954 43 1072 2018-05-23T09:02:57.64
954 94 1072 2018-05-23T09:02:57.64
1355 47 1075 2018-05-23T20:12:52.127
1355 104 1075 2018-05-23T20:12:52.127
1175 22 1079 2018-05-24T18:23:10.013
1175 64 1079 2018-05-24T18:23:10.013
1363 47 1082 2018-05-24T22:56:53.477
1363 84 1082 2018-05-24T22:56:53.477
1363 60 1082 2018-05-24T22:56:53.477
1363 47 1083 2018-05-24T23:38:09.65
1363 66 1083 2018-05-24T23:38:09.65
1363 60 1083 2018-05-24T23:38:09.65
1363 87 1083 2018-05-24T23:38:09.65
1364 28 1084 2018-05-25T06:43:58.65
1364 47 1084 2018-05-25T06:43:58.65
1364 55 1084 2018-05-25T06:43:58.65
1202 28 1085 2018-05-26T09:59:15.057
1202 47 1085 2018-05-26T09:59:15.057
1202 95 1085 2018-05-26T09:59:15.057
1202 98 1085 2018-05-26T09:59:15.057
1372 28 1089 2018-05-28T13:05:53.557
1372 66 1089 2018-05-28T13:05:53.557
1373 47 1091 2018-05-28T15:56:49.773
1373 77 1091 2018-05-28T15:56:49.773
1375 65 1092 2018-05-29T05:00:22.79
1376 28 1094 2018-05-29T15:13:43.823
1376 47 1094 2018-05-29T15:13:43.823
1376 29 1094 2018-05-29T15:13:43.823
1376 49 1094 2018-05-29T15:13:43.823
1379 28 1096 2018-05-31T09:33:06.14
1379 49 1096 2018-05-31T09:33:06.14
1380 48 1098 2018-05-31T10:05:53.133
1380 85 1098 2018-05-31T10:05:53.133
1057 22 1104 2018-06-01T10:56:10.64
1057 34 1104 2018-06-01T10:56:10.64
1057 52 1104 2018-06-01T10:56:10.64
1006 68 1106 2018-06-02T04:42:58.763
1389 20 1110 2018-06-05T02:14:59.697
1389 38 1110 2018-06-05T02:14:59.697
1379 47 1111 2018-06-05T08:53:09.757
1379 49 1111 2018-06-05T08:53:09.757
1395 2 1113 2018-06-05T18:10:41.317
1395 9 1113 2018-06-05T18:10:41.317
1395 78 1113 2018-06-05T18:10:41.317
1225 34 1114 2018-06-05T18:24:30.037
957 28 1117 2018-06-06T11:53:29.553
957 105 1117 2018-06-06T11:53:29.553
1404 2 1118 2018-06-08T00:00:38.037
1404 47 1118 2018-06-08T00:00:38.037
1404 9 1118 2018-06-08T00:00:38.037
1373 28 1120 2018-06-08T06:58:20.443
1373 47 1120 2018-06-08T06:58:20.443
1373 33 1120 2018-06-08T06:58:20.443
1373 15 1120 2018-06-08T06:58:20.443
1373 76 1120 2018-06-08T06:58:20.443
1405 2 1121 2018-06-08T07:09:09.207
1405 78 1121 2018-06-08T07:09:09.207
1405 48 1121 2018-06-08T07:09:09.207
1405 21 1121 2018-06-08T07:09:09.207
1406 22 1122 2018-06-08T09:16:56.237
1407 20 1125 2018-06-08T10:46:35.557
1407 24 1125 2018-06-08T10:46:35.557
1376 28 1126 2018-06-08T14:16:49.483
1376 47 1126 2018-06-08T14:16:49.483
1376 35 1126 2018-06-08T14:16:49.483
1376 77 1126 2018-06-08T14:16:49.483
1413 13 1129 2018-06-10T21:06:05.903
1413 78 1129 2018-06-10T21:06:05.903
1413 91 1129 2018-06-10T21:06:05.903
1413 51 1129 2018-06-10T21:06:05.903
1006 34 1131 2018-06-11T06:15:14.883
1006 6 1131 2018-06-11T06:15:14.883
761 2 1132 2018-06-11T19:04:00.523
761 41 1132 2018-06-11T19:04:00.523
761 26 1132 2018-06-11T19:04:00.523
1416 60 1135 2018-06-12T07:11:17.927
1235 28 1138 2018-06-13T00:52:27.89
1235 33 1138 2018-06-13T00:52:27.89
1235 20 1138 2018-06-13T00:52:27.89
1235 38 1138 2018-06-13T00:52:27.89
1235 19 1138 2018-06-13T00:52:27.89
1235 28 1140 2018-06-13T01:32:59.113
1235 33 1140 2018-06-13T01:32:59.113
1235 38 1140 2018-06-13T01:32:59.113
1235 19 1140 2018-06-13T01:32:59.113
1424 78 1144 2018-06-15T11:32:23.13
1424 46 1144 2018-06-15T11:32:23.13
1006 28 1146 2018-06-18T08:00:42.423
1006 47 1146 2018-06-18T08:00:42.423
1006 33 1146 2018-06-18T08:00:42.423
1428 35 1148 2018-06-18T12:08:08.597
1428 65 1148 2018-06-18T12:08:08.597
1429 4 1149 2018-06-18T12:17:34.673
1429 24 1149 2018-06-18T12:17:34.673
1429 3 1149 2018-06-18T12:17:34.673
1430 22 1152 2018-06-18T15:26:25.483
1430 65 1152 2018-06-18T15:26:25.483
1430 7 1152 2018-06-18T15:26:25.483
1432 2 1158 2018-06-19T14:20:30.833
1432 9 1158 2018-06-19T14:20:30.833
1432 55 1158 2018-06-19T14:20:30.833
1432 91 1158 2018-06-19T14:20:30.833
1434 34 1159 2018-06-19T17:27:42.617
1436 34 1165 2018-06-20T02:42:18.113
1436 47 1167 2018-06-20T07:49:08.53
1376 28 1169 2018-06-21T11:38:34.237
1376 47 1169 2018-06-21T11:38:34.237
1376 3 1169 2018-06-21T11:38:34.237
1376 76 1169 2018-06-21T11:38:34.237
1440 6 1171 2018-06-22T12:00:52.243
1450 20 1177 2018-06-25T05:22:49.177
1437 28 1178 2018-06-25T06:18:51.197
978 13 1180 2018-06-25T11:08:16.883
1120 2 1182 2018-06-26T10:14:50.637
1120 35 1182 2018-06-26T10:14:50.637
1120 91 1182 2018-06-26T10:14:50.637
1325 47 1185 2018-06-26T15:32:27.807
1325 13 1185 2018-06-26T15:32:27.807
1325 46 1185 2018-06-26T15:32:27.807
1453 1 1187 2018-06-26T17:15:46.26
1453 9 1187 2018-06-26T17:15:46.26
1453 68 1187 2018-06-26T17:15:46.26
1453 106 1187 2018-06-26T17:15:46.26
1437 35 1190 2018-06-28T12:35:34.02
1437 52 1190 2018-06-28T12:35:34.02
1437 46 1190 2018-06-28T12:35:34.02
1458 2 1191 2018-06-28T21:06:28.97
1460 52 1194 2018-06-29T02:47:39.857
1460 46 1194 2018-06-29T02:47:39.857
1460 23 1194 2018-06-29T02:47:39.857
1461 87 1195 2018-06-30T01:27:26.79
1463 47 1198 2018-07-01T02:54:26.89
1463 15 1198 2018-07-01T02:54:26.89
1463 72 1198 2018-07-01T02:54:26.89
1470 28 1204 2018-07-04T00:51:34.193
1470 20 1204 2018-07-04T00:51:34.193
1470 38 1204 2018-07-04T00:51:34.193
1473 28 1206 2018-07-04T14:50:11.157
1473 29 1206 2018-07-04T14:50:11.157
1473 76 1206 2018-07-04T14:50:11.157
1474 22 1209 2018-07-05T10:16:28.617
1474 52 1209 2018-07-05T10:16:28.617
1474 31 1209 2018-07-05T10:16:28.617
1006 13 1213 2018-07-09T06:40:25.053
1006 78 1213 2018-07-09T06:40:25.053
1480 2 1214 2018-07-09T11:28:00.523
957 24 1220 2018-07-10T12:29:19.003
957 59 1220 2018-07-10T12:29:19.003
957 3 1220 2018-07-10T12:29:19.003
1484 33 1222 2018-07-11T23:22:14.15
1484 12 1222 2018-07-11T23:22:14.15
1485 28 1225 2018-07-12T11:09:35.957
1485 46 1225 2018-07-12T11:09:35.957
1485 107 1225 2018-07-12T11:09:35.957
1488 20 1227 2018-07-12T17:28:52.68
1488 19 1227 2018-07-12T17:28:52.68
1492 34 1237 2018-07-15T02:12:25.56
1492 51 1238 2018-07-15T03:43:53.42
1492 39 1238 2018-07-15T03:43:53.42
1493 6 1242 2018-07-15T18:46:53.47
1493 7 1242 2018-07-15T18:46:53.47
1325 47 1245 2018-07-17T07:38:19.413
1325 22 1245 2018-07-17T07:38:19.413
1325 41 1245 2018-07-17T07:38:19.413
1498 78 1247 2018-07-17T08:24:55.953
1457 108 1249 2018-07-18T08:10:55.21
1500 2 1251 2018-07-18T14:58:25.123
1500 6 1251 2018-07-18T14:58:25.123
1499 70 1253 2018-07-18T19:10:55.423
1457 28 1255 2018-07-19T00:42:50.15
1457 109 1255 2018-07-19T00:42:50.15
1501 24 1258 2018-07-19T04:52:54.573
1501 74 1258 2018-07-19T04:52:54.573
978 2 1260 2018-07-19T11:00:07.12
978 13 1260 2018-07-19T11:00:07.12
978 46 1260 2018-07-19T11:00:07.12
1503 2 1263 2018-07-19T16:33:42.997
1503 28 1263 2018-07-19T16:33:42.997
1503 4 1263 2018-07-19T16:33:42.997
1503 30 1263 2018-07-19T16:33:42.997
1505 2 1265 2018-07-19T20:33:09.273
1505 13 1265 2018-07-19T20:33:09.273
1505 9 1265 2018-07-19T20:33:09.273
978 2 1277 2018-07-21T14:22:58.09
978 13 1277 2018-07-21T14:22:58.09
978 26 1277 2018-07-21T14:22:58.09
1512 13 1280 2018-07-22T07:11:49.667
1502 70 1286 2018-07-23T06:56:40.73
1502 99 1286 2018-07-23T06:56:40.73
1502 110 1286 2018-07-23T06:56:40.73
1063 28 1292 2018-07-24T01:58:05.303
1063 33 1292 2018-07-24T01:58:05.303
1063 111 1292 2018-07-24T01:58:05.303
1389 38 1293 2018-07-24T02:15:17.14
1457 78 1294 2018-07-24T07:45:45.003
1516 28 1297 2018-07-24T20:51:02.47
1516 47 1297 2018-07-24T20:51:02.47
1516 48 1297 2018-07-24T20:51:02.47
1516 49 1297 2018-07-24T20:51:02.47
1485 2 1302 2018-07-25T10:27:56.383
1485 13 1302 2018-07-25T10:27:56.383
1485 46 1302 2018-07-25T10:27:56.383
1485 70 1302 2018-07-25T10:27:56.383
1406 70 1304 2018-07-25T14:48:25.95
1505 2 1307 2018-07-27T02:08:58.593
1505 9 1307 2018-07-27T02:08:58.593
1505 97 1307 2018-07-27T02:08:58.593
1006 24 1310 2018-07-27T17:12:15.803
1219 28 1317 2018-07-28T09:59:14.34
1219 29 1317 2018-07-28T09:59:14.34
1526 65 1318 2018-07-28T15:54:03.627
1526 60 1318 2018-07-28T15:54:03.627
1526 85 1318 2018-07-28T15:54:03.627
1526 93 1318 2018-07-28T15:54:03.627
1512 42 1320 2018-07-29T14:23:01.917
1525 2 1323 2018-07-29T18:35:19.853
1525 13 1323 2018-07-29T18:35:19.853
1525 9 1323 2018-07-29T18:35:19.853
1525 41 1323 2018-07-29T18:35:19.853
1529 13 1329 2018-07-30T23:35:30.52
1529 59 1329 2018-07-30T23:35:30.52
1325 47 1330 2018-07-31T08:39:11.84
1325 13 1330 2018-07-31T08:39:11.84
1530 28 1334 2018-07-31T13:15:07.297
1531 46 1335 2018-07-31T14:38:29.043
1533 2 1336 2018-07-31T16:06:34.34
1406 29 1338 2018-07-31T20:50:02.33
1406 38 1338 2018-07-31T20:50:02.33
1406 15 1338 2018-07-31T20:50:02.33
1535 47 1339 2018-08-01T05:44:08.177
1535 41 1339 2018-08-01T05:44:08.177
1535 26 1339 2018-08-01T05:44:08.177
1535 94 1339 2018-08-01T05:44:08.177
1512 64 1351 2018-08-01T12:28:44.543
1540 13 1355 2018-08-01T22:07:20.9
1540 59 1355 2018-08-01T22:07:20.9
1541 80 1358 2018-08-02T08:46:06.32
1541 24 1360 2018-08-02T14:53:00.603
1541 80 1360 2018-08-02T14:53:00.603
1539 24 1362 2018-08-03T01:22:01.513
1539 38 1362 2018-08-03T01:22:01.513
1543 34 1363 2018-08-03T03:56:54.907
1543 6 1363 2018-08-03T03:56:54.907
1543 12 1363 2018-08-03T03:56:54.907
1543 48 1363 2018-08-03T03:56:54.907
1543 37 1363 2018-08-03T03:56:54.907
1485 35 1368 2018-08-04T05:02:59.773
1485 46 1368 2018-08-04T05:02:59.773
1546 22 1371 2018-08-04T21:11:27.59
1546 6 1371 2018-08-04T21:11:27.59
1546 41 1371 2018-08-04T21:11:27.59
1546 7 1371 2018-08-04T21:11:27.59
1546 87 1371 2018-08-04T21:11:27.59
1550 2 1374 2018-08-06T18:25:27.857
1550 22 1374 2018-08-06T18:25:27.857
1550 46 1374 2018-08-06T18:25:27.857
1550 68 1374 2018-08-06T18:25:27.857
1550 80 1374 2018-08-06T18:25:27.857
1551 28 1375 2018-08-06T19:02:06.47
1551 47 1375 2018-08-06T19:02:06.47
1551 92 1375 2018-08-06T19:02:06.47
1551 16 1375 2018-08-06T19:02:06.47
1551 98 1375 2018-08-06T19:02:06.47
1556 34 1378 2018-08-07T12:41:32.963
1556 45 1378 2018-08-07T12:41:32.963
1556 112 1378 2018-08-07T12:41:32.963
207 24 1383 2018-08-07T14:38:59.117
207 29 1383 2018-08-07T14:38:59.117
207 60 1383 2018-08-07T14:38:59.117
207 85 1383 2018-08-07T14:38:59.117
1558 28 1386 2018-08-07T17:28:04.34
1560 64 1388 2018-08-08T15:21:29.087
1560 56 1388 2018-08-08T15:21:29.087
1222 2 1391 2018-08-09T14:04:48.553
1222 34 1391 2018-08-09T14:04:48.553
1222 6 1391 2018-08-09T14:04:48.553
1222 12 1391 2018-08-09T14:04:48.553
1222 37 1391 2018-08-09T14:04:48.553
1000 28 1392 2018-08-09T15:03:54.873
1000 35 1392 2018-08-09T15:03:54.873
1565 78 1395 2018-08-10T08:08:21.42
1222 47 1397 2018-08-10T09:19:50.793
1222 49 1397 2018-08-10T09:19:50.793
1222 51 1397 2018-08-10T09:19:50.793
1222 40 1397 2018-08-10T09:19:50.793
1222 13 1399 2018-08-10T10:39:19.58
1222 46 1399 2018-08-10T10:39:19.58
1222 81 1399 2018-08-10T10:39:19.58
1222 34 1406 2018-08-10T15:02:16.503
1222 13 1406 2018-08-10T15:02:16.503
1222 6 1406 2018-08-10T15:02:16.503
1222 12 1406 2018-08-10T15:02:16.503
1222 46 1406 2018-08-10T15:02:16.503
1560 64 1408 2018-08-10T16:58:11.707
1560 26 1408 2018-08-10T16:58:11.707
1572 28 1411 2018-08-11T14:04:50.64
1572 46 1411 2018-08-11T14:04:50.64
1416 1 1414 2018-08-12T16:47:29.373
1578 6 1428 2018-08-14T02:39:25.82
1578 7 1428 2018-08-14T02:39:25.82
1222 2 1431 2018-08-14T09:21:42.23
1222 47 1431 2018-08-14T09:21:42.23
1222 34 1431 2018-08-14T09:21:42.23
1222 48 1431 2018-08-14T09:21:42.23
1565 78 1433 2018-08-14T09:54:23.137
1222 46 1438 2018-08-14T15:34:01.943
1222 48 1438 2018-08-14T15:34:01.943
1222 52 1438 2018-08-14T15:34:01.943
1582 113 1440 2018-08-14T17:49:23.61
1558 28 1442 2018-08-14T18:27:35.59
1558 38 1442 2018-08-14T18:27:35.59
1516 28 1444 2018-08-14T21:14:16.3
1516 47 1444 2018-08-14T21:14:16.3
1516 77 1444 2018-08-14T21:14:16.3
1558 28 1446 2018-08-15T02:41:32.093
1558 38 1446 2018-08-15T02:41:32.093
1222 13 1453 2018-08-15T10:36:40.603
1222 9 1453 2018-08-15T10:36:40.603
1222 46 1453 2018-08-15T10:36:40.603
1222 48 1453 2018-08-15T10:36:40.603
1222 52 1453 2018-08-15T10:36:40.603
1560 43 1459 2018-08-15T13:03:05.6
1584 34 1461 2018-08-15T23:14:27.09
1584 4 1461 2018-08-15T23:14:27.09
1586 28 1463 2018-08-16T10:07:55.04
1586 65 1463 2018-08-16T10:07:55.04
1587 2 1464 2018-08-16T13:29:18.19
1587 47 1464 2018-08-16T13:29:18.19
1353 43 1465 2018-08-16T14:25:01.13
1590 28 1467 2018-08-16T22:52:40.94
1590 47 1467 2018-08-16T22:52:40.94
1590 15 1467 2018-08-16T22:52:40.94
1593 65 1471 2018-08-17T18:37:02.04
111 28 1474 2018-08-17T21:19:24.173
111 19 1474 2018-08-17T21:19:24.173
1590 47 1477 2018-08-18T22:30:31.177
1590 48 1477 2018-08-18T22:30:31.177
1445 28 1479 2018-08-19T14:48:23.53
1445 35 1479 2018-08-19T14:48:23.53
1445 24 1479 2018-08-19T14:48:23.53
1445 49 1479 2018-08-19T14:48:23.53
111 47 1481 2018-08-19T20:28:56.717
111 49 1481 2018-08-19T20:28:56.717
1596 46 1482 2018-08-20T01:07:57.397
1565 55 1487 2018-08-20T10:10:26.29
1605 2 1489 2018-08-20T11:08:43.88
1605 28 1489 2018-08-20T11:08:43.88
1605 41 1489 2018-08-20T11:08:43.88
1608 78 1530 2018-08-23T05:53:29.53
1608 57 1530 2018-08-23T05:53:29.53
1611 28 1531 2018-08-23T08:26:33.473
1299 2 1534 2018-08-24T04:42:00.573
1299 47 1534 2018-08-24T04:42:00.573
1299 114 1534 2018-08-24T04:42:00.573
1611 2 1535 2018-08-24T12:58:31.98
1128 2 1536 2018-08-24T13:23:59.33
1128 80 1536 2018-08-24T13:23:59.33
1618 2 1540 2018-08-26T16:36:55.177
1618 28 1540 2018-08-26T16:36:55.177
1618 92 1540 2018-08-26T16:36:55.177
1620 28 1543 2018-08-27T08:14:24.727
111 48 1546 2018-08-29T08:14:30.44
1628 64 1549 2018-08-30T05:51:07.833
1630 87 1551 2018-08-31T00:02:39.753
1634 34 1554 2018-08-31T17:49:17.057
1634 51 1554 2018-08-31T17:49:17.057
1634 45 1554 2018-08-31T17:49:17.057
1634 112 1554 2018-08-31T17:49:17.057
1634 55 1555 2018-08-31T18:36:12.4
1634 45 1555 2018-08-31T18:36:12.4
1634 112 1555 2018-08-31T18:36:12.4
1003 2 1558 2018-08-31T20:09:42.113
1635 42 1560 2018-08-31T21:27:45.95
1635 32 1560 2018-08-31T21:27:45.95
1635 93 1562 2018-08-31T23:08:27.333
1515 28 1566 2018-09-01T09:15:27.04
1515 47 1566 2018-09-01T09:15:27.04
1515 30 1566 2018-09-01T09:15:27.04
