2 1 1 2017-01-31T19:10:14.24
2 2 1 2017-01-31T19:10:14.24
2 3 1 2017-01-31T19:10:14.24
2 4 1 2017-01-31T19:10:14.24
6 1 2 2017-01-31T19:10:17.24
6 5 2 2017-01-31T19:10:17.24
6 1 3 2017-01-31T19:12:42.34
6 6 3 2017-01-31T19:12:42.34
6 7 3 2017-01-31T19:12:42.34
6 8 3 2017-01-31T19:12:42.34
2 9 4 2017-01-31T19:15:32.583
2 10 4 2017-01-31T19:15:32.583
35 6 5 2017-01-31T19:16:52.36
35 10 5 2017-01-31T19:16:52.36
21 1 6 2017-01-31T19:16:56.35
21 11 6 2017-01-31T19:16:56.35
2 1 8 2017-01-31T19:20:42.56
2 2 8 2017-01-31T19:20:42.56
2 12 8 2017-01-31T19:20:42.56
41 1 10 2017-01-31T19:23:53.163
41 13 10 2017-01-31T19:23:53.163
41 14 10 2017-01-31T19:23:53.163
6 1 11 2017-01-31T19:24:31.887
2 6 12 2017-01-31T19:24:37.403
2 15 12 2017-01-31T19:24:37.403
2 16 12 2017-01-31T19:24:37.403
33 14 15 2017-01-31T19:30:24.643
33 10 15 2017-01-31T19:30:24.643
35 6 17 2017-01-31T19:31:11.813
35 10 17 2017-01-31T19:31:11.813
35 10 20 2017-01-31T19:39:01.75
35 17 20 2017-01-31T19:39:01.75
35 18 20 2017-01-31T19:39:01.75
57 19 22 2017-01-31T19:39:40.203
57 20 22 2017-01-31T19:39:40.203
2 6 23 2017-01-31T19:41:47.44
2 15 23 2017-01-31T19:41:47.44
21 21 24 2017-01-31T19:41:55.35
21 22 24 2017-01-31T19:41:55.35
21 23 24 2017-01-31T19:41:55.35
63 1 25 2017-01-31T19:45:30.953
63 2 25 2017-01-31T19:45:30.953
63 24 25 2017-01-31T19:45:30.953
18 1 26 2017-01-31T19:46:07.013
63 23 28 2017-01-31T19:47:04.347
63 25 28 2017-01-31T19:47:04.347
60 26 29 2017-01-31T19:47:21.227
60 27 29 2017-01-31T19:47:21.227
21 28 31 2017-01-31T19:48:58.68
21 29 31 2017-01-31T19:48:58.68
21 30 31 2017-01-31T19:48:58.68
21 31 31 2017-01-31T19:48:58.68
63 5 32 2017-01-31T19:49:58.41
67 15 33 2017-01-31T19:51:00.507
67 17 33 2017-01-31T19:51:00.507
63 1 36 2017-01-31T19:55:01.243
63 32 36 2017-01-31T19:55:01.243
63 33 36 2017-01-31T19:55:01.243
63 1 38 2017-01-31T19:56:59.727
63 23 38 2017-01-31T19:56:59.727
70 1 39 2017-01-31T19:58:07.127
70 34 39 2017-01-31T19:58:07.127
70 32 39 2017-01-31T19:58:07.127
63 1 44 2017-01-31T20:03:16.183
63 22 44 2017-01-31T20:03:16.183
63 35 44 2017-01-31T20:03:16.183
2 3 45 2017-01-31T20:06:22.56
2 17 45 2017-01-31T20:06:22.56
2 36 45 2017-01-31T20:06:22.56
69 1 53 2017-01-31T20:16:57.643
69 37 53 2017-01-31T20:16:57.643
76 1 62 2017-01-31T20:24:13.053
76 14 62 2017-01-31T20:24:13.053
69 1 64 2017-01-31T20:25:20.293
69 37 64 2017-01-31T20:25:20.293
76 1 66 2017-01-31T20:26:34.43
76 30 66 2017-01-31T20:26:34.43
76 38 66 2017-01-31T20:26:34.43
52 1 67 2017-01-31T20:28:58.93
21 1 69 2017-01-31T20:34:03.157
21 22 69 2017-01-31T20:34:03.157
21 39 69 2017-01-31T20:34:03.157
77 1 71 2017-01-31T20:37:02.67
77 22 71 2017-01-31T20:37:02.67
77 40 71 2017-01-31T20:37:02.67
77 38 71 2017-01-31T20:37:02.67
21 41 72 2017-01-31T20:39:02.283
21 42 72 2017-01-31T20:39:02.283
21 29 72 2017-01-31T20:39:02.283
21 39 72 2017-01-31T20:39:02.283
85 1 76 2017-01-31T20:49:30.257
85 28 76 2017-01-31T20:49:30.257
6 15 78 2017-01-31T20:53:34.357
6 43 78 2017-01-31T20:53:34.357
6 18 78 2017-01-31T20:53:34.357
38 6 80 2017-01-31T20:59:32.84
38 25 80 2017-01-31T20:59:32.84
92 2 89 2017-01-31T21:15:38.597
92 24 89 2017-01-31T21:15:38.597
92 44 89 2017-01-31T21:15:38.597
57 45 98 2017-01-31T21:31:27.697
57 15 98 2017-01-31T21:31:27.697
57 46 98 2017-01-31T21:31:27.697
77 1 99 2017-01-31T21:37:44.863
77 5 99 2017-01-31T21:37:44.863
57 6 109 2017-01-31T22:01:32.053
57 47 109 2017-01-31T22:01:32.053
74 1 115 2017-01-31T22:51:08.91
74 21 115 2017-01-31T22:51:08.91
74 48 115 2017-01-31T22:51:08.91
96 37 117 2017-01-31T23:14:32.82
96 46 117 2017-01-31T23:14:32.82
96 49 118 2017-01-31T23:23:08.967
96 10 118 2017-01-31T23:23:08.967
52 5 120 2017-01-31T23:35:20.96
52 34 120 2017-01-31T23:35:20.96
11 34 121 2017-01-31T23:36:47.683
11 14 121 2017-01-31T23:36:47.683
123 13 132 2017-02-01T02:10:46.683
123 15 132 2017-02-01T02:10:46.683
125 1 134 2017-02-01T02:12:13.57
125 28 134 2017-02-01T02:12:13.57
125 30 134 2017-02-01T02:12:13.57
125 1 136 2017-02-01T02:38:20.357
125 50 136 2017-02-01T02:38:20.357
125 12 136 2017-02-01T02:38:20.357
144 1 160 2017-02-01T10:18:44.447
144 8 160 2017-02-01T10:18:44.447
35 10 164 2017-02-01T10:40:50.95
35 51 164 2017-02-01T10:40:50.95
47 1 167 2017-02-01T11:54:22.277
47 52 167 2017-02-01T11:54:22.277
2 6 169 2017-02-01T12:06:09.717
2 53 169 2017-02-01T12:06:09.717
2 47 169 2017-02-01T12:06:09.717
2 54 169 2017-02-01T12:06:09.717
2 55 169 2017-02-01T12:06:09.717
162 15 176 2017-02-01T13:06:39.57
162 19 176 2017-02-01T13:06:39.57
162 20 176 2017-02-01T13:06:39.57
2 53 180 2017-02-01T13:25:58.19
2 54 180 2017-02-01T13:25:58.19
2 47 180 2017-02-01T13:25:58.19
161 1 182 2017-02-01T13:30:40.97
161 6 182 2017-02-01T13:30:40.97
161 16 182 2017-02-01T13:30:40.97
165 1 183 2017-02-01T13:37:09.323
165 56 183 2017-02-01T13:37:09.323
165 4 183 2017-02-01T13:37:09.323
2 2 185 2017-02-01T13:49:41.893
2 47 185 2017-02-01T13:49:41.893
70 1 189 2017-02-01T14:08:42.063
70 35 189 2017-02-01T14:08:42.063
70 16 189 2017-02-01T14:08:42.063
2 28 193 2017-02-01T14:15:05.89
2 10 193 2017-02-01T14:15:05.89
2 41 193 2017-02-01T14:15:05.89
2 42 193 2017-02-01T14:15:05.89
2 49 193 2017-02-01T14:15:05.89
115 15 197 2017-02-01T14:24:53.317
115 2 197 2017-02-01T14:24:53.317
77 1 199 2017-02-01T14:36:36.047
2 6 201 2017-02-01T14:44:32.207
2 54 201 2017-02-01T14:44:32.207
2 57 201 2017-02-01T14:44:32.207
2 6 204 2017-02-01T14:55:16.377
2 53 204 2017-02-01T14:55:16.377
164 1 215 2017-02-01T15:28:22.847
164 5 215 2017-02-01T15:28:22.847
2 47 216 2017-02-01T15:30:08.653
2 54 216 2017-02-01T15:30:08.653
2 1 219 2017-02-01T15:58:37.43
2 58 219 2017-02-01T15:58:37.43
2 59 219 2017-02-01T15:58:37.43
162 15 220 2017-02-01T16:00:19.97
162 60 220 2017-02-01T16:00:19.97
2 1 221 2017-02-01T16:06:14.3
2 28 221 2017-02-01T16:06:14.3
2 3 221 2017-02-01T16:06:14.3
2 61 221 2017-02-01T16:06:14.3
52 1 222 2017-02-01T16:08:31.757
52 62 222 2017-02-01T16:08:31.757
2 1 225 2017-02-01T16:14:35.113
2 32 225 2017-02-01T16:14:35.113
2 1 227 2017-02-01T16:24:05.933
2 32 227 2017-02-01T16:24:05.933
2 28 227 2017-02-01T16:24:05.933
2 23 227 2017-02-01T16:24:05.933
162 63 228 2017-02-01T16:26:32.663
162 64 228 2017-02-01T16:26:32.663
70 1 229 2017-02-01T16:28:49.82
70 32 229 2017-02-01T16:28:49.82
70 65 229 2017-02-01T16:28:49.82
2 1 230 2017-02-01T16:29:55.62
2 1 239 2017-02-01T16:43:32.167
2 32 239 2017-02-01T16:43:32.167
2 1 242 2017-02-01T17:00:06.77
2 66 242 2017-02-01T17:00:06.77
162 19 243 2017-02-01T17:00:26.51
162 67 243 2017-02-01T17:00:26.51
70 1 249 2017-02-01T18:34:45.963
70 32 249 2017-02-01T18:34:45.963
77 1 262 2017-02-02T08:54:14.813
77 6 262 2017-02-02T08:54:14.813
171 2 266 2017-02-02T10:24:57.14
171 24 266 2017-02-02T10:24:57.14
164 1 268 2017-02-02T10:36:43.323
164 45 269 2017-02-02T10:48:59.393
115 1 276 2017-02-02T13:59:40.443
115 43 276 2017-02-02T13:59:40.443
115 68 276 2017-02-02T13:59:40.443
115 69 277 2017-02-02T14:03:41.423
115 70 277 2017-02-02T14:03:41.423
115 13 277 2017-02-02T14:03:41.423
115 1 278 2017-02-02T14:07:13.913
115 6 278 2017-02-02T14:07:13.913
115 13 278 2017-02-02T14:07:13.913
77 1 279 2017-02-02T14:07:20.177
77 33 279 2017-02-02T14:07:20.177
115 1 281 2017-02-02T14:11:17.133
115 6 281 2017-02-02T14:11:17.133
115 71 281 2017-02-02T14:11:17.133
115 1 283 2017-02-02T14:20:06.827
115 13 283 2017-02-02T14:20:06.827
115 14 283 2017-02-02T14:20:06.827
115 72 283 2017-02-02T14:20:06.827
158 69 285 2017-02-02T15:22:28.13
158 69 286 2017-02-02T15:24:50.673
158 41 286 2017-02-02T15:24:50.673
158 69 287 2017-02-02T15:29:16.07
158 73 287 2017-02-02T15:29:16.07
197 74 288 2017-02-02T15:46:11.167
69 13 290 2017-02-02T17:00:24.69
69 2 290 2017-02-02T17:00:24.69
69 53 290 2017-02-02T17:00:24.69
69 75 290 2017-02-02T17:00:24.69
158 69 292 2017-02-02T17:42:46.173
158 19 292 2017-02-02T17:42:46.173
158 1 293 2017-02-02T18:23:17.05
158 32 293 2017-02-02T18:23:17.05
52 1 295 2017-02-02T19:35:43.603
188 76 296 2017-02-02T21:40:04.54
188 74 296 2017-02-02T21:40:04.54
188 1 299 2017-02-02T22:30:18.53
188 76 299 2017-02-02T22:30:18.53
154 1 300 2017-02-02T22:32:50.677
154 6 300 2017-02-02T22:32:50.677
77 1 309 2017-02-03T09:05:48.28
77 22 309 2017-02-03T09:05:48.28
77 35 309 2017-02-03T09:05:48.28
144 2 312 2017-02-03T12:13:43.163
144 24 312 2017-02-03T12:13:43.163
144 44 312 2017-02-03T12:13:43.163
158 1 314 2017-02-03T13:31:23.507
115 53 315 2017-02-03T14:41:31.173
86 41 316 2017-02-03T15:16:03.86
86 11 316 2017-02-03T15:16:03.86
86 73 316 2017-02-03T15:16:03.86
209 1 330 2017-02-03T21:25:02.99
209 32 330 2017-02-03T21:25:02.99
57 1 333 2017-02-03T21:54:48.337
57 34 333 2017-02-03T21:54:48.337
57 50 333 2017-02-03T21:54:48.337
164 1 334 2017-02-03T22:15:06.43
164 45 334 2017-02-03T22:15:06.43
164 37 334 2017-02-03T22:15:06.43
164 77 334 2017-02-03T22:15:06.43
115 45 341 2017-02-03T23:15:53.627
115 60 341 2017-02-03T23:15:53.627
36 2 346 2017-02-04T06:49:22.277
36 24 346 2017-02-04T06:49:22.277
36 44 346 2017-02-04T06:49:22.277
77 1 350 2017-02-04T11:52:04.17
77 45 350 2017-02-04T11:52:04.17
164 1 352 2017-02-04T12:05:37.18
164 34 352 2017-02-04T12:05:37.18
164 33 352 2017-02-04T12:05:37.18
164 77 352 2017-02-04T12:05:37.18
164 78 352 2017-02-04T12:05:37.18
77 1 357 2017-02-04T17:27:32.513
77 13 357 2017-02-04T17:27:32.513
77 14 357 2017-02-04T17:27:32.513
164 1 360 2017-02-05T01:01:51.277
164 32 360 2017-02-05T01:01:51.277
164 28 360 2017-02-05T01:01:51.277
164 11 360 2017-02-05T01:01:51.277
74 1 361 2017-02-05T07:38:32.18
74 45 361 2017-02-05T07:38:32.18
74 41 361 2017-02-05T07:38:32.18
74 42 361 2017-02-05T07:38:32.18
74 79 361 2017-02-05T07:38:32.18
154 1 362 2017-02-05T09:57:25.68
154 6 362 2017-02-05T09:57:25.68
154 50 362 2017-02-05T09:57:25.68
74 37 363 2017-02-05T09:58:15.307
74 34 363 2017-02-05T09:58:15.307
47 28 370 2017-02-05T12:01:44.173
47 42 370 2017-02-05T12:01:44.173
47 80 370 2017-02-05T12:01:44.173
47 79 370 2017-02-05T12:01:44.173
47 1 371 2017-02-05T13:03:29.13
47 13 371 2017-02-05T13:03:29.13
47 2 371 2017-02-05T13:03:29.13
47 44 371 2017-02-05T13:03:29.13
47 81 371 2017-02-05T13:03:29.13
77 1 372 2017-02-05T14:15:13.293
77 22 372 2017-02-05T14:15:13.293
77 58 372 2017-02-05T14:15:13.293
97 13 375 2017-02-05T17:19:29.79
97 2 375 2017-02-05T17:19:29.79
97 82 375 2017-02-05T17:19:29.79
97 83 375 2017-02-05T17:19:29.79
97 1 379 2017-02-05T22:30:42.25
97 34 379 2017-02-05T22:30:42.25
97 84 379 2017-02-05T22:30:42.25
229 76 380 2017-02-06T01:26:14.28
229 85 382 2017-02-06T02:34:30.33
229 45 383 2017-02-06T02:44:02.457
229 7 383 2017-02-06T02:44:02.457
229 85 383 2017-02-06T02:44:02.457
229 6 384 2017-02-06T02:46:20.737
229 34 384 2017-02-06T02:46:20.737
229 22 384 2017-02-06T02:46:20.737
229 13 384 2017-02-06T02:46:20.737
229 23 384 2017-02-06T02:46:20.737
229 30 385 2017-02-06T02:54:10.553
229 45 385 2017-02-06T02:54:10.553
229 34 386 2017-02-06T03:10:59.693
229 86 386 2017-02-06T03:10:59.693
229 45 387 2017-02-06T03:22:01.007
229 7 387 2017-02-06T03:22:01.007
229 85 387 2017-02-06T03:22:01.007
229 45 389 2017-02-06T03:51:22.383
115 1 390 2017-02-06T04:23:32.203
115 87 390 2017-02-06T04:23:32.203
47 1 391 2017-02-06T08:59:54.74
47 6 391 2017-02-06T08:59:54.74
47 45 391 2017-02-06T08:59:54.74
154 45 399 2017-02-06T13:51:16.62
154 42 399 2017-02-06T13:51:16.62
154 41 399 2017-02-06T13:51:16.62
154 19 399 2017-02-06T13:51:16.62
36 6 400 2017-02-06T14:18:39.483
36 34 400 2017-02-06T14:18:39.483
36 14 400 2017-02-06T14:18:39.483
77 1 401 2017-02-06T15:11:34.823
77 13 401 2017-02-06T15:11:34.823
211 1 407 2017-02-06T16:02:09.743
211 34 407 2017-02-06T16:02:09.743
211 5 407 2017-02-06T16:02:09.743
211 1 408 2017-02-06T16:05:12.843
211 43 408 2017-02-06T16:05:12.843
211 1 409 2017-02-06T16:08:14.43
211 13 409 2017-02-06T16:08:14.43
211 16 409 2017-02-06T16:08:14.43
159 15 416 2017-02-06T20:35:26.263
159 23 416 2017-02-06T20:35:26.263
159 5 416 2017-02-06T20:35:26.263
159 88 417 2017-02-06T20:37:52.187
159 89 417 2017-02-06T20:37:52.187
159 10 417 2017-02-06T20:37:52.187
92 30 418 2017-02-06T20:40:46.837
92 36 418 2017-02-06T20:40:46.837
92 49 418 2017-02-06T20:40:46.837
188 36 425 2017-02-07T00:04:37.167
188 88 425 2017-02-07T00:04:37.167
164 1 426 2017-02-07T00:12:56.03
164 34 426 2017-02-07T00:12:56.03
164 21 426 2017-02-07T00:12:56.03
158 1 435 2017-02-07T11:25:01.993
158 66 435 2017-02-07T11:25:01.993
158 7 435 2017-02-07T11:25:01.993
207 1 437 2017-02-07T16:38:32.22
207 90 437 2017-02-07T16:38:32.22
207 13 437 2017-02-07T16:38:32.22
207 21 437 2017-02-07T16:38:32.22
207 1 440 2017-02-07T17:36:25.707
207 45 440 2017-02-07T17:36:25.707
207 26 440 2017-02-07T17:36:25.707
77 1 444 2017-02-08T10:02:18.543
77 34 444 2017-02-08T10:02:18.543
77 22 444 2017-02-08T10:02:18.543
77 21 444 2017-02-08T10:02:18.543
77 35 444 2017-02-08T10:02:18.543
164 1 447 2017-02-08T12:25:18.343
164 32 447 2017-02-08T12:25:18.343
164 1 448 2017-02-08T14:58:31.35
164 58 448 2017-02-08T14:58:31.35
164 59 448 2017-02-08T14:58:31.35
207 29 451 2017-02-08T16:07:13.45
207 30 451 2017-02-08T16:07:13.45
207 60 451 2017-02-08T16:07:13.45
115 1 456 2017-02-08T18:55:12.967
115 6 456 2017-02-08T18:55:12.967
115 45 458 2017-02-08T19:30:03.377
115 19 458 2017-02-08T19:30:03.377
115 42 458 2017-02-08T19:30:03.377
115 1 474 2017-02-09T04:09:09.887
115 28 474 2017-02-09T04:09:09.887
164 1 482 2017-02-09T21:56:47.303
164 13 482 2017-02-09T21:56:47.303
164 62 482 2017-02-09T21:56:47.303
164 90 482 2017-02-09T21:56:47.303
164 91 482 2017-02-09T21:56:47.303
158 43 485 2017-02-09T23:41:45.803
158 92 485 2017-02-09T23:41:45.803
158 34 486 2017-02-09T23:51:12.6
158 14 486 2017-02-09T23:51:12.6
158 72 486 2017-02-09T23:51:12.6
158 93 486 2017-02-09T23:51:12.6
158 1 489 2017-02-10T15:52:21.403
158 2 489 2017-02-10T15:52:21.403
158 44 489 2017-02-10T15:52:21.403
115 1 491 2017-02-10T16:45:49.98
115 6 491 2017-02-10T16:45:49.98
115 1 494 2017-02-11T02:30:24.197
115 90 494 2017-02-11T02:30:24.197
115 6 494 2017-02-11T02:30:24.197
159 89 501 2017-02-11T22:00:03.85
159 88 501 2017-02-11T22:00:03.85
115 1 506 2017-02-12T02:07:39.287
115 6 506 2017-02-12T02:07:39.287
115 56 506 2017-02-12T02:07:39.287
115 4 506 2017-02-12T02:07:39.287
115 19 508 2017-02-12T02:25:56.093
115 94 508 2017-02-12T02:25:56.093
115 42 508 2017-02-12T02:25:56.093
115 1 518 2017-02-12T23:52:23.69
115 26 518 2017-02-12T23:52:23.69
115 45 525 2017-02-13T23:26:33.373
207 42 526 2017-02-14T16:34:21.583
207 51 526 2017-02-14T16:34:21.583
115 1 527 2017-02-14T17:31:10.783
115 6 527 2017-02-14T17:31:10.783
115 53 527 2017-02-14T17:31:10.783
115 1 528 2017-02-14T17:35:38.89
115 76 528 2017-02-14T17:35:38.89
115 1 529 2017-02-14T19:06:40.987
115 6 529 2017-02-14T19:06:40.987
115 95 529 2017-02-14T19:06:40.987
60 5 530 2017-02-14T22:58:22.943
60 27 530 2017-02-14T22:58:22.943
60 26 530 2017-02-14T22:58:22.943
115 6 532 2017-02-15T02:05:25.3
115 22 532 2017-02-15T02:05:25.3
115 23 532 2017-02-15T02:05:25.3
115 1 533 2017-02-15T02:14:16.987
115 32 533 2017-02-15T02:14:16.987
115 1 534 2017-02-15T02:16:29.89
115 43 534 2017-02-15T02:16:29.89
115 1 535 2017-02-15T02:35:32.013
115 86 535 2017-02-15T02:35:32.013
164 1 541 2017-02-15T10:46:44.547
164 24 541 2017-02-15T10:46:44.547
164 56 541 2017-02-15T10:46:44.547
164 13 542 2017-02-15T10:57:06.25
164 2 542 2017-02-15T10:57:06.25
164 24 542 2017-02-15T10:57:06.25
164 44 542 2017-02-15T10:57:06.25
164 2 543 2017-02-15T11:06:37.137
164 24 543 2017-02-15T11:06:37.137
164 44 543 2017-02-15T11:06:37.137
164 96 543 2017-02-15T11:06:37.137
207 35 545 2017-02-15T14:40:16.96
207 41 545 2017-02-15T14:40:16.96
207 3 545 2017-02-15T14:40:16.96
207 25 545 2017-02-15T14:40:16.96
207 51 545 2017-02-15T14:40:16.96
70 21 550 2017-02-15T15:43:11.037
70 35 550 2017-02-15T15:43:11.037
70 1 551 2017-02-15T15:51:10.69
70 32 551 2017-02-15T15:51:10.69
70 21 551 2017-02-15T15:51:10.69
115 90 554 2017-02-15T16:44:07.777
115 53 554 2017-02-15T16:44:07.777
115 1 555 2017-02-15T16:49:05.4
115 6 555 2017-02-15T16:49:05.4
164 1 560 2017-02-15T20:23:23.657
164 32 560 2017-02-15T20:23:23.657
164 33 560 2017-02-15T20:23:23.657
115 1 568 2017-02-16T23:23:33.863
115 50 568 2017-02-16T23:23:33.863
115 87 568 2017-02-16T23:23:33.863
115 1 569 2017-02-16T23:38:01.713
115 21 569 2017-02-16T23:38:01.713
76 17 572 2017-02-17T22:25:37.523
76 97 572 2017-02-17T22:25:37.523
76 1 574 2017-02-17T22:48:36.187
76 80 574 2017-02-17T22:48:36.187
115 47 578 2017-02-19T01:56:26.397
115 1 579 2017-02-19T02:01:41.267
115 6 579 2017-02-19T02:01:41.267
115 71 579 2017-02-19T02:01:41.267
115 1 580 2017-02-19T02:07:11.96
115 6 580 2017-02-19T02:07:11.96
115 32 580 2017-02-19T02:07:11.96
115 74 580 2017-02-19T02:07:11.96
115 85 581 2017-02-19T02:34:51.08
66 1 587 2017-02-20T14:07:27.257
66 32 587 2017-02-20T14:07:27.257
66 98 587 2017-02-20T14:07:27.257
279 1 588 2017-02-20T16:36:40.71
279 23 588 2017-02-20T16:36:40.71
74 1 594 2017-02-21T09:22:07.087
74 80 594 2017-02-21T09:22:07.087
56 1 599 2017-02-22T14:48:44.71
56 45 599 2017-02-22T14:48:44.71
56 99 599 2017-02-22T14:48:44.71
56 1 600 2017-02-22T14:53:05.357
56 45 600 2017-02-22T14:53:05.357
56 99 600 2017-02-22T14:53:05.357
115 1 605 2017-02-22T21:26:26.067
115 62 605 2017-02-22T21:26:26.067
115 91 605 2017-02-22T21:26:26.067
115 1 606 2017-02-22T21:32:59.54
115 32 606 2017-02-22T21:32:59.54
115 19 607 2017-02-22T21:39:44.323
115 94 607 2017-02-22T21:39:44.323
115 42 607 2017-02-22T21:39:44.323
115 31 608 2017-02-22T21:45:21.957
115 42 610 2017-02-23T00:41:06.507
290 6 611 2017-02-23T12:50:17.443
290 13 611 2017-02-23T12:50:17.443
186 6 618 2017-02-24T14:52:24.48
186 13 618 2017-02-24T14:52:24.48
186 62 618 2017-02-24T14:52:24.48
186 44 618 2017-02-24T14:52:24.48
252 1 619 2017-02-24T16:53:30.127
252 70 619 2017-02-24T16:53:30.127
77 1 621 2017-02-24T18:34:01.283
77 45 621 2017-02-24T18:34:01.283
320 15 629 2017-02-25T15:59:43.253
320 71 629 2017-02-25T15:59:43.253
252 1 635 2017-02-26T03:51:20.037
252 27 635 2017-02-26T03:51:20.037
207 1 637 2017-02-26T14:47:21.073
207 21 637 2017-02-26T14:47:21.073
207 1 640 2017-02-26T22:31:29.973
207 41 640 2017-02-26T22:31:29.973
207 11 640 2017-02-26T22:31:29.973
207 73 640 2017-02-26T22:31:29.973
207 98 640 2017-02-26T22:31:29.973
320 35 643 2017-02-27T13:22:25.127
320 25 643 2017-02-27T13:22:25.127
66 1 645 2017-02-27T15:46:12.493
115 34 649 2017-02-27T23:13:21.1
115 14 649 2017-02-27T23:13:21.1
115 18 649 2017-02-27T23:13:21.1
115 64 649 2017-02-27T23:13:21.1
115 1 650 2017-02-27T23:25:42.49
115 6 650 2017-02-27T23:25:42.49
36 26 654 2017-03-01T16:24:44.39
36 15 654 2017-03-01T16:24:44.39
207 45 655 2017-03-01T20:20:36.337
74 13 658 2017-03-02T06:21:04.517
74 21 658 2017-03-02T06:21:04.517
74 50 658 2017-03-02T06:21:04.517
74 57 658 2017-03-02T06:21:04.517
320 38 660 2017-03-02T16:51:51.643
320 77 660 2017-03-02T16:51:51.643
76 1 661 2017-03-02T18:56:19.523
76 43 661 2017-03-02T18:56:19.523
56 1 664 2017-03-02T21:41:26.057
56 34 664 2017-03-02T21:41:26.057
56 21 664 2017-03-02T21:41:26.057
56 22 664 2017-03-02T21:41:26.057
33 1 665 2017-03-02T22:26:28.367
33 32 665 2017-03-02T22:26:28.367
33 28 665 2017-03-02T22:26:28.367
33 58 665 2017-03-02T22:26:28.367
36 90 669 2017-03-03T15:14:02.953
36 6 669 2017-03-03T15:14:02.953
56 15 671 2017-03-03T17:33:43.05
56 19 671 2017-03-03T17:33:43.05
56 20 671 2017-03-03T17:33:43.05
355 1 672 2017-03-03T18:49:27.767
355 6 672 2017-03-03T18:49:27.767
164 41 674 2017-03-04T00:28:34.67
164 29 674 2017-03-04T00:28:34.67
164 19 675 2017-03-04T00:42:00.897
164 27 675 2017-03-04T00:42:00.897
164 26 675 2017-03-04T00:42:00.897
164 67 675 2017-03-04T00:42:00.897
164 19 676 2017-03-04T00:48:36.827
164 67 676 2017-03-04T00:48:36.827
164 9 676 2017-03-04T00:48:36.827
164 45 677 2017-03-04T00:57:14.44
164 27 677 2017-03-04T00:57:14.44
164 26 677 2017-03-04T00:57:14.44
341 15 681 2017-03-05T05:39:33.18
341 26 681 2017-03-05T05:39:33.18
341 38 682 2017-03-05T11:28:30.183
361 1 683 2017-03-05T12:14:06.597
361 13 683 2017-03-05T12:14:06.597
361 44 683 2017-03-05T12:14:06.597
361 50 683 2017-03-05T12:14:06.597
77 1 688 2017-03-06T08:15:34.433
77 22 688 2017-03-06T08:15:34.433
77 32 688 2017-03-06T08:15:34.433
77 1 689 2017-03-06T14:36:11.217
56 42 691 2017-03-06T14:50:43.787
56 29 691 2017-03-06T14:50:43.787
56 26 691 2017-03-06T14:50:43.787
56 92 691 2017-03-06T14:50:43.787
33 28 696 2017-03-06T23:57:15.317
33 52 696 2017-03-06T23:57:15.317
33 97 696 2017-03-06T23:57:15.317
257 1 698 2017-03-07T16:15:20.513
257 34 698 2017-03-07T16:15:20.513
257 21 698 2017-03-07T16:15:20.513
257 84 698 2017-03-07T16:15:20.513
257 48 698 2017-03-07T16:15:20.513
56 28 703 2017-03-07T19:23:00.62
56 100 703 2017-03-07T19:23:00.62
164 29 705 2017-03-07T23:04:07.41
164 31 705 2017-03-07T23:04:07.41
300 14 707 2017-03-08T06:41:58.603
164 1 715 2017-03-08T12:38:47.057
164 6 715 2017-03-08T12:38:47.057
164 22 715 2017-03-08T12:38:47.057
164 97 715 2017-03-08T12:38:47.057
164 1 717 2017-03-08T12:48:48.913
164 22 717 2017-03-08T12:48:48.913
164 101 717 2017-03-08T12:48:48.913
164 77 717 2017-03-08T12:48:48.913
378 6 722 2017-03-08T18:05:41.68
378 5 722 2017-03-08T18:05:41.68
56 41 731 2017-03-08T20:54:00.27
56 42 731 2017-03-08T20:54:00.27
56 51 731 2017-03-08T20:54:00.27
56 11 731 2017-03-08T20:54:00.27
56 28 738 2017-03-09T19:09:48.777
56 30 738 2017-03-09T19:09:48.777
56 100 738 2017-03-09T19:09:48.777
56 28 739 2017-03-09T19:43:51.507
56 102 739 2017-03-09T19:43:51.507
77 1 750 2017-03-11T10:32:04.777
77 35 750 2017-03-11T10:32:04.777
77 43 750 2017-03-11T10:32:04.777
56 85 755 2017-03-11T16:57:04.9
56 92 755 2017-03-11T16:57:04.9
207 45 756 2017-03-11T21:09:54.52
207 42 756 2017-03-11T21:09:54.52
207 29 756 2017-03-11T21:09:54.52
207 26 756 2017-03-11T21:09:54.52
187 1 759 2017-03-12T09:42:34.007
187 40 759 2017-03-12T09:42:34.007
187 80 759 2017-03-12T09:42:34.007
187 1 761 2017-03-12T11:21:42.183
187 40 761 2017-03-12T11:21:42.183
187 38 761 2017-03-12T11:21:42.183
368 1 782 2017-03-13T19:56:10.897
368 28 782 2017-03-13T19:56:10.897
56 28 787 2017-03-14T15:31:48.17
56 30 787 2017-03-14T15:31:48.17
56 60 787 2017-03-14T15:31:48.17
54 3 790 2017-03-15T06:58:57.067
54 36 790 2017-03-15T06:58:57.067
54 17 790 2017-03-15T06:58:57.067
54 103 790 2017-03-15T06:58:57.067
164 1 793 2017-03-15T14:51:26.17
164 22 793 2017-03-15T14:51:26.17
164 3 793 2017-03-15T14:51:26.17
164 103 793 2017-03-15T14:51:26.17
164 35 793 2017-03-15T14:51:26.17
164 1 794 2017-03-15T15:01:05.41
164 35 794 2017-03-15T15:01:05.41
164 103 794 2017-03-15T15:01:05.41
74 1 801 2017-03-18T11:04:43.75
74 21 801 2017-03-18T11:04:43.75
74 35 801 2017-03-18T11:04:43.75
54 34 803 2017-03-19T11:17:45.66
54 22 803 2017-03-19T11:17:45.66
378 1 806 2017-03-20T13:44:55.233
378 5 806 2017-03-20T13:44:55.233
378 16 806 2017-03-20T13:44:55.233
56 85 807 2017-03-20T13:50:43.607
56 99 807 2017-03-20T13:50:43.607
300 13 811 2017-03-20T18:17:03.153
300 47 811 2017-03-20T18:17:03.153
300 54 811 2017-03-20T18:17:03.153
187 1 817 2017-03-21T15:13:17.223
187 99 817 2017-03-21T15:13:17.223
56 45 837 2017-03-22T15:35:48.57
76 42 838 2017-03-22T15:42:08.923
76 29 838 2017-03-22T15:42:08.923
76 78 838 2017-03-22T15:42:08.923
495 6 842 2017-03-22T21:58:29.827
495 32 842 2017-03-22T21:58:29.827
495 33 842 2017-03-22T21:58:29.827
495 104 842 2017-03-22T21:58:29.827
187 1 847 2017-03-23T11:06:49.347
187 22 847 2017-03-23T11:06:49.347
187 48 847 2017-03-23T11:06:49.347
164 1 860 2017-03-24T11:27:25.58
164 34 860 2017-03-24T11:27:25.58
164 22 860 2017-03-24T11:27:25.58
164 35 860 2017-03-24T11:27:25.58
164 101 860 2017-03-24T11:27:25.58
234 21 868 2017-03-26T01:20:47.577
234 14 868 2017-03-26T01:20:47.577
7 37 870 2017-03-26T17:13:20.363
7 51 870 2017-03-26T17:13:20.363
476 13 872 2017-03-26T18:14:23.683
476 34 872 2017-03-26T18:14:23.683
476 84 872 2017-03-26T18:14:23.683
476 62 872 2017-03-26T18:14:23.683
495 21 875 2017-03-27T00:12:27.36
495 22 875 2017-03-27T00:12:27.36
495 10 875 2017-03-27T00:12:27.36
495 101 875 2017-03-27T00:12:27.36
495 1 885 2017-03-27T18:17:47.607
495 35 885 2017-03-27T18:17:47.607
495 43 885 2017-03-27T18:17:47.607
495 101 885 2017-03-27T18:17:47.607
65 1 888 2017-03-27T19:32:28.073
164 29 895 2017-03-29T12:31:32.403
164 100 895 2017-03-29T12:31:32.403
164 78 895 2017-03-29T12:31:32.403
495 1 896 2017-03-29T19:03:32.54
495 34 896 2017-03-29T19:03:32.54
495 32 896 2017-03-29T19:03:32.54
495 101 896 2017-03-29T19:03:32.54
495 65 896 2017-03-29T19:03:32.54
568 33 898 2017-03-29T21:16:58.053
574 2 908 2017-03-30T21:58:53.913
574 41 908 2017-03-30T21:58:53.913
574 24 908 2017-03-30T21:58:53.913
574 42 908 2017-03-30T21:58:53.913
574 49 908 2017-03-30T21:58:53.913
495 1 913 2017-03-31T14:47:47.693
495 43 913 2017-03-31T14:47:47.693
495 101 913 2017-03-31T14:47:47.693
495 65 913 2017-03-31T14:47:47.693
56 68 916 2017-03-31T17:57:05.28
56 64 916 2017-03-31T17:57:05.28
56 7 916 2017-03-31T17:57:05.28
54 1 918 2017-03-31T21:21:01.75
54 32 918 2017-03-31T21:21:01.75
54 17 918 2017-03-31T21:21:01.75
579 6 923 2017-04-03T05:34:44.347
579 13 923 2017-04-03T05:34:44.347
579 2 923 2017-04-03T05:34:44.347
579 24 923 2017-04-03T05:34:44.347
579 36 923 2017-04-03T05:34:44.347
187 1 929 2017-04-04T14:46:15.123
495 1 931 2017-04-04T20:55:14.267
495 32 931 2017-04-04T20:55:14.267
495 74 931 2017-04-04T20:55:14.267
495 105 931 2017-04-04T20:55:14.267
197 78 933 2017-04-05T15:28:20.963
54 1 938 2017-04-06T09:17:17.457
54 105 938 2017-04-06T09:17:17.457
529 25 948 2017-04-09T12:03:12.353
529 84 948 2017-04-09T12:03:12.353
106 1 951 2017-04-12T12:02:54.083
106 41 951 2017-04-12T12:02:54.083
106 32 951 2017-04-12T12:02:54.083
106 54 951 2017-04-12T12:02:54.083
184 1 965 2017-04-17T08:10:52.89
184 6 965 2017-04-17T08:10:52.89
184 1 966 2017-04-17T12:52:19.05
184 6 966 2017-04-17T12:52:19.05
184 32 966 2017-04-17T12:52:19.05
184 52 966 2017-04-17T12:52:19.05
184 1 971 2017-04-18T21:06:17.077
184 6 971 2017-04-18T21:06:17.077
184 13 971 2017-04-18T21:06:17.077
184 2 971 2017-04-18T21:06:17.077
184 106 971 2017-04-18T21:06:17.077
630 1 974 2017-04-19T10:32:38.49
630 66 974 2017-04-19T10:32:38.49
184 1 975 2017-04-19T18:50:13.363
184 33 975 2017-04-19T18:50:13.363
184 77 975 2017-04-19T18:50:13.363
184 32 975 2017-04-19T18:50:13.363
184 1 977 2017-04-20T16:36:01.31
184 1 978 2017-04-21T21:43:40.01
184 32 978 2017-04-21T21:43:40.01
184 1 981 2017-04-22T09:51:50.513
184 99 981 2017-04-22T09:51:50.513
531 1 995 2017-04-25T09:12:34.797
531 32 995 2017-04-25T09:12:34.797
117 1 999 2017-04-26T04:00:19.76
117 28 999 2017-04-26T04:00:19.76
117 19 999 2017-04-26T04:00:19.76
117 66 999 2017-04-26T04:00:19.76
653 1 1000 2017-04-26T09:26:36.5
653 45 1000 2017-04-26T09:26:36.5
653 41 1000 2017-04-26T09:26:36.5
54 1 1004 2017-04-27T02:58:04.64
54 105 1004 2017-04-27T02:58:04.64
197 1 1007 2017-04-27T13:43:35.47
117 89 1008 2017-04-28T06:18:34.457
637 2 1014 2017-04-30T00:26:32.167
637 24 1014 2017-04-30T00:26:32.167
637 96 1014 2017-04-30T00:26:32.167
667 90 1016 2017-05-03T23:15:59.413
667 6 1016 2017-05-03T23:15:59.413
667 15 1016 2017-05-03T23:15:59.413
667 5 1016 2017-05-03T23:15:59.413
667 86 1016 2017-05-03T23:15:59.413
74 1 1018 2017-05-07T10:40:42.203
74 35 1018 2017-05-07T10:40:42.203
74 84 1018 2017-05-07T10:40:42.203
115 42 1030 2017-05-12T02:12:52.887
115 41 1030 2017-05-12T02:12:52.887
115 29 1030 2017-05-12T02:12:52.887
115 78 1030 2017-05-12T02:12:52.887
115 1 1031 2017-05-12T02:22:40.307
115 1 1032 2017-05-12T02:34:26.243
115 45 1032 2017-05-12T02:34:26.243
115 30 1032 2017-05-12T02:34:26.243
115 1 1033 2017-05-12T02:54:04.877
115 89 1033 2017-05-12T02:54:04.877
115 63 1033 2017-05-12T02:54:04.877
115 1 1034 2017-05-12T03:31:35.093
115 19 1034 2017-05-12T03:31:35.093
115 20 1034 2017-05-12T03:31:35.093
584 15 1046 2017-05-24T14:34:57.22
584 85 1046 2017-05-24T14:34:57.22
584 99 1046 2017-05-24T14:34:57.22
733 1 1052 2017-05-26T18:15:30.687
733 14 1052 2017-05-26T18:15:30.687
733 101 1052 2017-05-26T18:15:30.687
495 21 1054 2017-05-28T00:32:34.603
495 107 1054 2017-05-28T00:32:34.603
733 1 1061 2017-05-31T16:23:57.643
733 34 1061 2017-05-31T16:23:57.643
733 14 1061 2017-05-31T16:23:57.643
36 1 1065 2017-06-03T05:32:10.757
36 40 1065 2017-06-03T05:32:10.757
744 1 1072 2017-06-06T09:34:28.993
744 15 1072 2017-06-06T09:34:28.993
116 1 1078 2017-06-07T05:39:45.353
116 6 1078 2017-06-07T05:39:45.353
116 42 1081 2017-06-07T08:17:53.463
116 19 1081 2017-06-07T08:17:53.463
116 11 1081 2017-06-07T08:17:53.463
798 1 1097 2017-06-24T15:09:17.15
798 35 1097 2017-06-24T15:09:17.15
808 6 1099 2017-06-27T08:47:53.727
808 34 1099 2017-06-27T08:47:53.727
808 14 1099 2017-06-27T08:47:53.727
601 14 1100 2017-06-27T14:20:23.317
601 93 1100 2017-06-27T14:20:23.317
733 1 1101 2017-06-27T20:19:42.48
733 28 1101 2017-06-27T20:19:42.48
733 32 1101 2017-06-27T20:19:42.48
632 19 1103 2017-06-29T15:28:27.51
632 42 1103 2017-06-29T15:28:27.51
632 11 1103 2017-06-29T15:28:27.51
632 92 1103 2017-06-29T15:28:27.51
857 1 1119 2017-07-19T12:42:42.18
857 53 1119 2017-07-19T12:42:42.18
857 62 1119 2017-07-19T12:42:42.18
857 95 1119 2017-07-19T12:42:42.18
871 1 1126 2017-07-25T20:17:02.543
871 6 1126 2017-07-25T20:17:02.543
871 68 1126 2017-07-25T20:17:02.543
476 1 1127 2017-07-27T18:47:32.557
476 22 1127 2017-07-27T18:47:32.557
476 21 1127 2017-07-27T18:47:32.557
881 34 1130 2017-07-28T14:45:23.05
881 21 1130 2017-07-28T14:45:23.05
881 25 1130 2017-07-28T14:45:23.05
901 15 1134 2017-08-04T07:03:38.27
901 3 1134 2017-08-04T07:03:38.27
901 37 1134 2017-08-04T07:03:38.27
901 17 1134 2017-08-04T07:03:38.27
901 36 1134 2017-08-04T07:03:38.27
910 33 1137 2017-08-10T02:59:56.167
910 78 1137 2017-08-10T02:59:56.167
54 1 1145 2017-08-12T15:23:43.19
54 32 1145 2017-08-12T15:23:43.19
165 1 1147 2017-08-15T07:01:27.183
165 2 1147 2017-08-15T07:01:27.183
165 44 1147 2017-08-15T07:01:27.183
165 4 1147 2017-08-15T07:01:27.183
165 96 1147 2017-08-15T07:01:27.183
164 1 1148 2017-08-15T22:10:21.78
164 38 1148 2017-08-15T22:10:21.78
164 108 1148 2017-08-15T22:10:21.78
124 88 1154 2017-08-22T22:46:40.26
124 10 1154 2017-08-22T22:46:40.26
74 1 1157 2017-08-23T07:31:56.677
74 13 1157 2017-08-23T07:31:56.677
74 25 1157 2017-08-23T07:31:56.677
128 6 1163 2017-09-01T07:36:20.553
128 13 1163 2017-09-01T07:36:20.553
128 7 1163 2017-09-01T07:36:20.553
868 1 1165 2017-09-05T23:43:08.93
868 74 1165 2017-09-05T23:43:08.93
868 108 1165 2017-09-05T23:43:08.93
868 100 1165 2017-09-05T23:43:08.93
744 1 1169 2017-09-12T09:03:22.587
744 34 1169 2017-09-12T09:03:22.587
744 88 1169 2017-09-12T09:03:22.587
515 56 1172 2017-09-14T06:16:48.577
515 25 1172 2017-09-14T06:16:48.577
96 22 1173 2017-09-24T04:03:32.417
96 3 1173 2017-09-24T04:03:32.417
96 33 1173 2017-09-24T04:03:32.417
96 36 1173 2017-09-24T04:03:32.417
96 108 1173 2017-09-24T04:03:32.417
1016 6 1179 2017-10-02T12:22:03.167
1016 53 1179 2017-10-02T12:22:03.167
1016 55 1179 2017-10-02T12:22:03.167
1031 21 1187 2017-10-07T17:01:39.467
1031 22 1187 2017-10-07T17:01:39.467
1031 23 1187 2017-10-07T17:01:39.467
89 108 1189 2017-10-20T05:02:02.253
70 21 1190 2017-10-25T16:59:03.167
70 22 1190 2017-10-25T16:59:03.167
70 35 1190 2017-10-25T16:59:03.167
1084 10 1201 2017-11-07T17:22:48.357
1084 70 1201 2017-11-07T17:22:48.357
1094 22 1204 2017-11-11T11:41:46.063
1094 84 1204 2017-11-11T11:41:46.063
1094 34 1205 2017-11-11T11:58:00.323
1094 76 1205 2017-11-11T11:58:00.323
1094 84 1205 2017-11-11T11:58:00.323
1094 1 1212 2017-11-12T16:38:52.78
1094 35 1212 2017-11-12T16:38:52.78
1094 84 1212 2017-11-12T16:38:52.78
1094 48 1212 2017-11-12T16:38:52.78
1084 6 1215 2017-11-15T19:38:32.613
1084 14 1215 2017-11-15T19:38:32.613
1084 15 1215 2017-11-15T19:38:32.613
1102 14 1216 2017-11-15T23:00:38.81
1102 15 1216 2017-11-15T23:00:38.81
74 1 1226 2017-11-28T19:53:21.937
74 21 1226 2017-11-28T19:53:21.937
74 84 1226 2017-11-28T19:53:21.937
74 48 1226 2017-11-28T19:53:21.937
1146 1 1228 2017-11-29T13:29:16.18
1146 40 1228 2017-11-29T13:29:16.18
1146 77 1228 2017-11-29T13:29:16.18
1065 6 1231 2017-12-02T15:27:36.427
1065 13 1231 2017-12-02T15:27:36.427
1065 2 1231 2017-12-02T15:27:36.427
1065 10 1231 2017-12-02T15:27:36.427
1220 3 1233 2017-12-04T15:31:03.81
1220 10 1233 2017-12-04T15:31:03.81
1220 17 1233 2017-12-04T15:31:03.81
1250 41 1246 2017-12-20T02:57:32.643
1250 11 1246 2017-12-20T02:57:32.643
1250 98 1246 2017-12-20T02:57:32.643
1285 1 1252 2017-12-30T18:08:28.09
1285 22 1252 2017-12-30T18:08:28.09
1285 40 1252 2017-12-30T18:08:28.09
1285 79 1252 2017-12-30T18:08:28.09
779 28 1256 2018-01-05T05:20:50.95
779 10 1256 2018-01-05T05:20:50.95
779 41 1256 2018-01-05T05:20:50.95
779 42 1256 2018-01-05T05:20:50.95
779 49 1256 2018-01-05T05:20:50.95
1290 1 1258 2018-01-05T11:11:46.193
1290 45 1258 2018-01-05T11:11:46.193
1290 26 1258 2018-01-05T11:11:46.193
1290 31 1258 2018-01-05T11:11:46.193
1293 6 1265 2018-01-10T12:16:34.357
1293 13 1265 2018-01-10T12:16:34.357
1293 24 1265 2018-01-10T12:16:34.357
1293 7 1265 2018-01-10T12:16:34.357
1293 71 1265 2018-01-10T12:16:34.357
1108 29 1267 2018-01-12T08:35:45.097
1108 31 1267 2018-01-12T08:35:45.097
1108 100 1267 2018-01-12T08:35:45.097
1108 78 1267 2018-01-12T08:35:45.097
92 40 1270 2018-01-16T17:35:48.537
92 38 1270 2018-01-16T17:35:48.537
1316 1 1272 2018-01-17T09:39:26.267
1316 34 1272 2018-01-17T09:39:26.267
1316 32 1272 2018-01-17T09:39:26.267
1316 109 1272 2018-01-17T09:39:26.267
1336 13 1274 2018-01-18T06:54:20.127
1336 34 1274 2018-01-18T06:54:20.127
1336 14 1274 2018-01-18T06:54:20.127
1336 23 1274 2018-01-18T06:54:20.127
1316 1 1276 2018-01-18T14:39:01.87
1316 34 1276 2018-01-18T14:39:01.87
1316 32 1276 2018-01-18T14:39:01.87
1316 5 1276 2018-01-18T14:39:01.87
1316 1 1279 2018-01-20T09:24:28.09
1316 34 1279 2018-01-20T09:24:28.09
1316 66 1279 2018-01-20T09:24:28.09
1094 1 1282 2018-01-25T02:02:15.563
1094 6 1282 2018-01-25T02:02:15.563
1094 34 1282 2018-01-25T02:02:15.563
845 6 1283 2018-01-25T14:40:06.84
845 13 1283 2018-01-25T14:40:06.84
845 10 1283 2018-01-25T14:40:06.84
845 12 1283 2018-01-25T14:40:06.84
845 110 1283 2018-01-25T14:40:06.84
1363 22 1286 2018-01-28T20:01:36.593
1363 84 1286 2018-01-28T20:01:36.593
1363 36 1286 2018-01-28T20:01:36.593
1363 48 1286 2018-01-28T20:01:36.593
1316 41 1288 2018-01-29T13:16:55.353
1236 1 1298 2018-02-02T22:22:31.427
1236 7 1298 2018-02-02T22:22:31.427
1236 16 1298 2018-02-02T22:22:31.427
1236 91 1298 2018-02-02T22:22:31.427
1379 1 1302 2018-02-07T21:50:54.367
1379 6 1302 2018-02-07T21:50:54.367
1379 5 1302 2018-02-07T21:50:54.367
89 1 1307 2018-02-17T05:27:33.593
89 32 1307 2018-02-17T05:27:33.593
89 28 1307 2018-02-17T05:27:33.593
89 79 1307 2018-02-17T05:27:33.593
1403 13 1311 2018-02-24T05:09:20.88
1403 25 1311 2018-02-24T05:09:20.88
74 1 1314 2018-02-26T10:59:47.19
74 6 1314 2018-02-26T10:59:47.19
74 21 1314 2018-02-26T10:59:47.19
74 84 1314 2018-02-26T10:59:47.19
74 35 1314 2018-02-26T10:59:47.19
1316 1 1315 2018-02-26T13:25:10.673
1316 104 1315 2018-02-26T13:25:10.673
1316 1 1316 2018-02-26T13:27:16.963
1316 32 1316 2018-02-26T13:27:16.963
1316 33 1316 2018-02-26T13:27:16.963
1316 104 1316 2018-02-26T13:27:16.963
1316 1 1317 2018-02-26T13:28:54.693
1316 34 1317 2018-02-26T13:28:54.693
1316 32 1317 2018-02-26T13:28:54.693
845 6 1318 2018-02-26T14:08:23.14
845 13 1318 2018-02-26T14:08:23.14
845 2 1318 2018-02-26T14:08:23.14
845 82 1318 2018-02-26T14:08:23.14
190 1 1321 2018-02-27T19:23:42.25
190 29 1321 2018-02-27T19:23:42.25
47 1 1325 2018-03-01T20:55:06.97
47 45 1325 2018-03-01T20:55:06.97
47 99 1325 2018-03-01T20:55:06.97
1417 62 1328 2018-03-05T07:54:47.457
1417 36 1328 2018-03-05T07:54:47.457
1421 13 1330 2018-03-06T09:18:50.143
1421 34 1330 2018-03-06T09:18:50.143
1421 22 1330 2018-03-06T09:18:50.143
1421 48 1330 2018-03-06T09:18:50.143
1236 1 1331 2018-03-15T18:38:00.6
1236 22 1331 2018-03-15T18:38:00.6
1236 35 1331 2018-03-15T18:38:00.6
1236 3 1331 2018-03-15T18:38:00.6
1236 1 1333 2018-03-15T19:01:02.257
1236 13 1333 2018-03-15T19:01:02.257
1236 2 1333 2018-03-15T19:01:02.257
1236 111 1333 2018-03-15T19:01:02.257
74 21 1338 2018-03-16T13:10:29.72
74 35 1338 2018-03-16T13:10:29.72
74 84 1338 2018-03-16T13:10:29.72
1316 6 1339 2018-03-17T18:06:40.837
1316 13 1339 2018-03-17T18:06:40.837
1316 2 1339 2018-03-17T18:06:40.837
1316 24 1339 2018-03-17T18:06:40.837
1316 1 1342 2018-03-21T12:23:51.973
1316 6 1342 2018-03-21T12:23:51.973
1316 13 1342 2018-03-21T12:23:51.973
1316 2 1342 2018-03-21T12:23:51.973
1316 24 1342 2018-03-21T12:23:51.973
1236 2 1347 2018-03-23T23:59:29.953
1236 111 1347 2018-03-23T23:59:29.953
1236 112 1347 2018-03-23T23:59:29.953
1275 23 1356 2018-03-29T18:58:04.03
1275 10 1356 2018-03-29T18:58:04.03
1275 28 1358 2018-03-29T19:55:06.123
1275 15 1358 2018-03-29T19:55:06.123
1236 26 1367 2018-03-31T21:53:52.46
1236 25 1367 2018-03-31T21:53:52.46
1236 77 1367 2018-03-31T21:53:52.46
1236 113 1367 2018-03-31T21:53:52.46
1275 28 1369 2018-04-01T04:48:24.113
1275 41 1369 2018-04-01T04:48:24.113
1275 42 1369 2018-04-01T04:48:24.113
1275 10 1369 2018-04-01T04:48:24.113
1275 29 1369 2018-04-01T04:48:24.113
1236 107 1372 2018-04-03T19:45:26.157
1236 21 1373 2018-04-03T20:47:06.89
1236 50 1373 2018-04-03T20:47:06.89
1236 57 1373 2018-04-03T20:47:06.89
1498 21 1377 2018-04-05T00:52:22.95
1498 48 1377 2018-04-05T00:52:22.95
1236 1 1388 2018-04-10T22:56:34.773
1236 51 1388 2018-04-10T22:56:34.773
1236 114 1388 2018-04-10T22:56:34.773
1236 6 1389 2018-04-10T23:57:59.397
1236 13 1389 2018-04-10T23:57:59.397
1236 2 1389 2018-04-10T23:57:59.397
1236 14 1389 2018-04-10T23:57:59.397
1236 65 1389 2018-04-10T23:57:59.397
1236 1 1390 2018-04-11T20:06:06.457
1236 6 1390 2018-04-11T20:06:06.457
1236 13 1390 2018-04-11T20:06:06.457
1236 8 1390 2018-04-11T20:06:06.457
1236 1 1391 2018-04-11T20:40:56.56
1236 6 1391 2018-04-11T20:40:56.56
1236 7 1391 2018-04-11T20:40:56.56
1236 42 1392 2018-04-11T20:49:18.43
1236 19 1392 2018-04-11T20:49:18.43
1236 20 1392 2018-04-11T20:49:18.43
1236 94 1392 2018-04-11T20:49:18.43
1236 51 1396 2018-04-12T20:00:15.593
1236 38 1396 2018-04-12T20:00:15.593
1236 42 1396 2018-04-12T20:00:15.593
1236 1 1397 2018-04-12T20:07:33.017
1236 41 1397 2018-04-12T20:07:33.017
1236 42 1397 2018-04-12T20:07:33.017
1236 58 1397 2018-04-12T20:07:33.017
1236 59 1397 2018-04-12T20:07:33.017
1236 1 1400 2018-04-13T20:01:32.9
1236 46 1400 2018-04-13T20:01:32.9
1236 13 1402 2018-04-14T19:44:37.453
1236 14 1402 2018-04-14T19:44:37.453
1236 1 1405 2018-04-15T00:09:25.393
1236 41 1405 2018-04-15T00:09:25.393
1236 42 1405 2018-04-15T00:09:25.393
1236 31 1405 2018-04-15T00:09:25.393
1236 11 1405 2018-04-15T00:09:25.393
1532 6 1406 2018-04-15T20:47:00.423
1532 13 1406 2018-04-15T20:47:00.423
1532 34 1406 2018-04-15T20:47:00.423
1236 1 1409 2018-04-15T23:50:35.887
1236 28 1409 2018-04-15T23:50:35.887
1236 29 1409 2018-04-15T23:50:35.887
1236 30 1409 2018-04-15T23:50:35.887
1236 49 1409 2018-04-15T23:50:35.887
1539 1 1416 2018-04-18T12:27:47.607
1539 32 1416 2018-04-18T12:27:47.607
1526 15 1434 2018-04-23T14:28:50.7
1526 23 1434 2018-04-23T14:28:50.7
1532 1 1439 2018-04-25T04:51:17.217
1532 28 1439 2018-04-25T04:51:17.217
1532 32 1439 2018-04-25T04:51:17.217
1532 30 1439 2018-04-25T04:51:17.217
1582 1 1442 2018-04-26T20:55:00.347
1582 13 1442 2018-04-26T20:55:00.347
1582 44 1442 2018-04-26T20:55:00.347
1584 19 1445 2018-04-27T14:00:41.813
1584 9 1445 2018-04-27T14:00:41.813
1596 1 1452 2018-05-03T05:47:05.977
1596 6 1452 2018-05-03T05:47:05.977
1236 6 1456 2018-05-03T14:16:26.173
1236 25 1456 2018-05-03T14:16:26.173
1236 7 1456 2018-05-03T14:16:26.173
1236 6 1458 2018-05-03T14:25:25.613
1236 25 1458 2018-05-03T14:25:25.613
1236 7 1458 2018-05-03T14:25:25.613
1236 70 1458 2018-05-03T14:25:25.613
1592 6 1460 2018-05-03T15:11:20.9
1592 8 1460 2018-05-03T15:11:20.9
1592 55 1460 2018-05-03T15:11:20.9
1319 1 1462 2018-05-03T15:58:27.28
1319 22 1462 2018-05-03T15:58:27.28
1319 59 1462 2018-05-03T15:58:27.28
1236 6 1464 2018-05-03T19:53:00.767
1236 34 1464 2018-05-03T19:53:00.767
1236 1 1471 2018-05-08T16:17:00.073
1236 40 1471 2018-05-08T16:17:00.073
1236 77 1471 2018-05-08T16:17:00.073
1236 115 1471 2018-05-08T16:17:00.073
1236 1 1472 2018-05-08T18:20:08.377
1236 79 1472 2018-05-08T18:20:08.377
1236 1 1474 2018-05-08T20:39:41.39
1236 13 1474 2018-05-08T20:39:41.39
1236 2 1474 2018-05-08T20:39:41.39
1236 26 1474 2018-05-08T20:39:41.39
1236 82 1474 2018-05-08T20:39:41.39
1236 2 1475 2018-05-08T20:49:09.343
1236 82 1475 2018-05-08T20:49:09.343
1236 110 1475 2018-05-08T20:49:09.343
1236 83 1475 2018-05-08T20:49:09.343
1236 1 1476 2018-05-09T15:22:58.577
1236 13 1476 2018-05-09T15:22:58.577
1236 2 1476 2018-05-09T15:22:58.577
1236 81 1476 2018-05-09T15:22:58.577
1236 6 1477 2018-05-09T15:42:59.273
1236 13 1477 2018-05-09T15:42:59.273
1236 21 1477 2018-05-09T15:42:59.273
1236 93 1477 2018-05-09T15:42:59.273
1236 23 1479 2018-05-09T19:56:14.09
1236 113 1479 2018-05-09T19:56:14.09
1236 41 1480 2018-05-09T21:00:05.747
1236 29 1480 2018-05-09T21:00:05.747
1236 3 1480 2018-05-09T21:00:05.747
1236 42 1480 2018-05-09T21:00:05.747
1236 35 1498 2018-05-11T01:13:19.577
1236 35 1502 2018-05-11T20:48:50.093
1236 37 1502 2018-05-11T20:48:50.093
1236 113 1502 2018-05-11T20:48:50.093
1236 1 1511 2018-05-12T20:56:15.997
1236 13 1511 2018-05-12T20:56:15.997
1236 2 1511 2018-05-12T20:56:15.997
1236 44 1511 2018-05-12T20:56:15.997
1236 111 1511 2018-05-12T20:56:15.997
1236 1 1516 2018-05-13T01:08:58.457
1236 33 1516 2018-05-13T01:08:58.457
1236 87 1516 2018-05-13T01:08:58.457
1236 22 1519 2018-05-13T01:42:03.17
1236 35 1519 2018-05-13T01:42:03.17
1236 14 1519 2018-05-13T01:42:03.17
1236 6 1526 2018-05-13T18:25:50.437
1236 3 1526 2018-05-13T18:25:50.437
1236 21 1527 2018-05-13T18:53:26.847
1236 84 1527 2018-05-13T18:53:26.847
1236 48 1527 2018-05-13T18:53:26.847
1236 1 1530 2018-05-13T21:16:10.07
1236 116 1530 2018-05-13T21:16:10.07
1236 45 1532 2018-05-14T00:16:47.173
1236 41 1532 2018-05-14T00:16:47.173
1236 51 1532 2018-05-14T00:16:47.173
1236 1 1536 2018-05-14T04:14:52.153
1236 13 1536 2018-05-14T04:14:52.153
1236 18 1536 2018-05-14T04:14:52.153
1236 1 1537 2018-05-14T04:42:13.207
1236 32 1537 2018-05-14T04:42:13.207
1236 37 1537 2018-05-14T04:42:13.207
1236 1 1538 2018-05-14T06:38:26.523
1236 45 1538 2018-05-14T06:38:26.523
1236 41 1538 2018-05-14T06:38:26.523
1236 42 1538 2018-05-14T06:38:26.523
1236 51 1538 2018-05-14T06:38:26.523
89 24 1540 2018-05-14T19:28:46.71
89 41 1540 2018-05-14T19:28:46.71
89 44 1540 2018-05-14T19:28:46.71
89 42 1540 2018-05-14T19:28:46.71
1236 13 1543 2018-05-15T16:41:19.18
1236 55 1543 2018-05-15T16:41:19.18
1236 1 1544 2018-05-15T17:29:28.227
1236 50 1544 2018-05-15T17:29:28.227
1236 113 1544 2018-05-15T17:29:28.227
1236 1 1549 2018-05-16T19:12:48.463
1236 21 1549 2018-05-16T19:12:48.463
1236 23 1549 2018-05-16T19:12:48.463
1236 113 1549 2018-05-16T19:12:48.463
1631 13 1554 2018-05-17T23:56:26.297
1631 68 1554 2018-05-17T23:56:26.297
1236 1 1558 2018-05-18T04:09:29.347
1236 6 1558 2018-05-18T04:09:29.347
1236 13 1558 2018-05-18T04:09:29.347
1236 1 1559 2018-05-18T16:51:59.017
1236 45 1559 2018-05-18T16:51:59.017
1236 100 1559 2018-05-18T16:51:59.017
1236 76 1559 2018-05-18T16:51:59.017
1236 114 1559 2018-05-18T16:51:59.017
811 6 1570 2018-05-23T16:36:17.407
811 90 1570 2018-05-23T16:36:17.407
811 76 1570 2018-05-23T16:36:17.407
811 68 1570 2018-05-23T16:36:17.407
811 63 1570 2018-05-23T16:36:17.407
165 99 1577 2018-05-27T04:55:34.083
89 1 1579 2018-05-28T15:18:15.297
89 52 1579 2018-05-28T15:18:15.297
89 97 1579 2018-05-28T15:18:15.297
89 117 1579 2018-05-28T15:18:15.297
89 1 1591 2018-06-18T00:10:56.913
89 34 1591 2018-06-18T00:10:56.913
89 33 1591 2018-06-18T00:10:56.913
89 118 1591 2018-06-18T00:10:56.913
89 42 1592 2018-06-18T14:51:34.11
89 85 1592 2018-06-18T14:51:34.11
89 42 1594 2018-06-20T16:53:07.78
89 29 1594 2018-06-20T16:53:07.78
89 33 1594 2018-06-20T16:53:07.78
89 31 1594 2018-06-20T16:53:07.78
89 118 1594 2018-06-20T16:53:07.78
1316 24 1602 2018-06-27T20:20:00.74
1706 1 1605 2018-07-08T04:46:13.143
1706 35 1605 2018-07-08T04:46:13.143
1706 84 1605 2018-07-08T04:46:13.143
1094 1 1608 2018-07-19T22:04:32.657
1094 35 1608 2018-07-19T22:04:32.657
1094 48 1608 2018-07-19T22:04:32.657
1725 1 1609 2018-07-20T01:07:28.13
1725 13 1609 2018-07-20T01:07:28.13
1725 50 1609 2018-07-20T01:07:28.13
1094 32 1612 2018-07-20T18:34:53.667
1094 34 1612 2018-07-20T18:34:53.667
584 45 1618 2018-07-23T12:33:12.193
584 31 1618 2018-07-23T12:33:12.193
1757 45 1629 2018-08-08T12:55:18.587
1757 26 1629 2018-08-08T12:55:18.587
